2.120948319311321029e+03
2.096479112684375195e+03
2.072676414344813566e+03
2.049503660179571852e+03
2.027137571176934671e+03
2.005315348951215356e+03
1.983976449926675969e+03
1.963054551001767550e+03
1.943694188294643709e+03
1.924637041315213992e+03
1.905755356345060591e+03
1.886965248008075378e+03
1.868190461404636608e+03
1.849352520848842005e+03
1.830364141870991261e+03
1.811345407247024696e+03
1.792437102441138450e+03
1.773229544874684279e+03
1.753777581851980358e+03
1.734218138887661098e+03
1.714341918907973422e+03
1.694153293930499331e+03
1.673676815737088873e+03
1.652943441868209447e+03
1.632008428995584836e+03
1.610997439645628447e+03
1.599751208625291383e+03
1.641093850977722923e+03
1.682344070362189541e+03
1.723433002637822028e+03
1.764298062966468933e+03
1.804886903345494147e+03
1.845167664229713182e+03
1.885099146593295700e+03
1.924754147540836129e+03
1.964166389568108343e+03
2.003228375818077666e+03
2.041969119395355619e+03
2.080431082332899678e+03
2.118668685076483598e+03
2.156746437087161667e+03
2.194739177666946034e+03
2.232744791390744922e+03
2.270822963166398040e+03
2.309054825175666338e+03
2.347715536094776326e+03
2.387016696310309271e+03
2.427011814697699265e+03
2.467875256522028394e+03
2.509339648191624292e+03
2.551339020716455707e+03
2.593904245468560475e+03
2.637054856912810465e+03
2.680798842151012650e+03
2.725132686749857385e+03
2.770082784460494622e+03
2.815654984150316523e+03
2.861786040987290107e+03
2.908612337158613627e+03
2.956245112626576429e+03
3.004230472819851457e+03
3.052499617498728185e+03
3.100978376695713450e+03
3.149588276511357890e+03
3.198247581425981934e+03
3.246872296404908411e+03
3.295391993543203171e+03
3.343730071802860493e+03
3.391832513776692394e+03
3.439667863326881161e+03
3.487045317582310417e+03
3.533919859041859581e+03
3.580223307659112834e+03
3.625836964411245390e+03
3.670884448447339764e+03
3.715221637537473271e+03
3.758668396616983955e+03
3.801165921013167463e+03
3.843468997511861289e+03
3.884862787344909066e+03
3.925290595873410439e+03
3.964571344929078805e+03
4.002666259974612785e+03
4.039541187441676811e+03
4.075166552135024176e+03
4.109517279517901443e+03
4.142572684752136411e+03
4.174316330639053376e+03
4.204735856929999500e+03
4.233822783826725754e+03
4.261572292849312362e+03
4.288093653350344539e+03
4.313991908975766819e+03
4.338633250306649643e+03
4.361967644656057018e+03
4.384079687725552503e+03
4.405085449574612539e+03
4.424898536512840110e+03
4.443669614699018894e+03
4.461227661466842619e+03
4.478097903633864917e+03
4.493732272929559258e+03
4.508150109152313235e+03
4.521438123468371487e+03
4.533733138057241376e+03
4.544885625988385982e+03
4.555132459795477189e+03
4.564331320558031621e+03
4.572483422001681902e+03
4.579570408173978649e+03
4.585635910429206888e+03
4.590695840603601937e+03
4.594755105868383907e+03
4.598018363600018347e+03
4.600354810806459682e+03
4.601764770907389902e+03
4.602273318181404647e+03
4.602151006654361481e+03
4.601310241290388149e+03
4.599642577373929271e+03
4.597172470110249378e+03
4.594130345442230464e+03
4.590349488863947045e+03
4.586109829004484709e+03
4.581849667047496951e+03
4.577174830916367682e+03
4.571832568056579476e+03
4.565842638990450723e+03
4.559674028167109100e+03
4.553207003216029989e+03
4.546255482097427375e+03
4.538885862007304240e+03
4.531024820562584864e+03
4.523015313188022446e+03
4.514832788969053581e+03
4.506441690461248072e+03
4.497670090822353814e+03
4.488699930091952410e+03
4.479279776893225062e+03
4.469426342419877074e+03
4.459156328320610555e+03
4.448486303801837494e+03
4.437530766407699048e+03
4.426898239904554430e+03
4.416121882462508438e+03
4.405426082494541333e+03
4.395625003901926902e+03
4.386626504452498921e+03
4.377715949792593165e+03
4.368728430835052677e+03
4.360009411087406079e+03
4.350996138843538574e+03
4.343053027442399980e+03
4.335109142346355839e+03
4.326839399145310381e+03
4.318239949932883974e+03
4.309308112553048886e+03
4.300072184111177194e+03
4.290623382397634487e+03
4.280844210917539385e+03
4.270739455184380859e+03
4.260316209644210176e+03
4.249642121633558418e+03
4.238760392230986326e+03
4.227828354994204346e+03
4.217238072112118061e+03
4.206802821623115960e+03
4.196246861597332099e+03
4.186050845038080297e+03
4.176210862587533484e+03
4.168837886277351572e+03
4.162547268873406210e+03
4.156075078221957483e+03
4.149425789323031495e+03
4.143293651637542098e+03
4.137686820739132600e+03
4.132448846975687047e+03
4.128179698531004760e+03
4.124498012691194162e+03
4.120947722651058939e+03
4.117702706516415674e+03
4.114773661047489441e+03
4.113463346559103229e+03
4.112282408931480859e+03
4.110969879816015236e+03
4.109456843441843375e+03
4.107872465197331621e+03
4.106252788803221847e+03
4.104907440913259961e+03
4.103391113296296680e+03
4.101831967099890790e+03
4.100111051822411355e+03
4.098693753017701965e+03
4.097726417291662074e+03
4.096814776513558172e+03
4.095765191520328699e+03
4.094546623550752884e+03
4.095557091869567103e+03
4.096647198760989340e+03
4.098860638297683181e+03
4.101365253082534764e+03
4.104016380779738029e+03
4.106648565755360323e+03
4.109471945780725946e+03
4.112685798067870564e+03
4.115588914653451866e+03
4.118156837590409850e+03
4.120486585427735918e+03
4.122757506394324992e+03
4.124618682463772529e+03
4.126044418628762287e+03
4.127501963816232092e+03
4.129901834762973522e+03
4.131777037337120419e+03
4.133092944889030150e+03
4.134266332803637852e+03
4.135974704445966381e+03
4.137068031127027098e+03
4.137466058985710333e+03
4.137139361567591550e+03
4.136104076074394470e+03
4.135248142244681731e+03
4.134169941703630684e+03
4.132664989914221223e+03
4.130654942862456664e+03
4.128176719273687922e+03
4.125484385570702216e+03
4.125434134164990610e+03
4.125179351118660634e+03
4.124069189023312902e+03
4.123431751774596705e+03
4.122564794545531186e+03
4.121678708270681454e+03
4.119915745928117758e+03
4.117296482249939800e+03
4.114137630505042580e+03
4.110664538703901599e+03
4.106669828116791905e+03
4.101928991333886188e+03
4.096391373122298319e+03
4.090083677619903028e+03
4.083115470622230532e+03
4.075689869877353885e+03
4.067705542634020276e+03
4.059249963042986565e+03
4.050289779221002391e+03
4.040741072463548790e+03
4.030630125916298766e+03
4.019980292191999069e+03
4.008811429761107775e+03
3.997326045834430715e+03
3.985908347423684972e+03
3.974003778078178584e+03
3.961612884857564495e+03
3.948731668610447741e+03
3.935590179122133577e+03
3.922015520185991136e+03
3.907912667491611501e+03
3.893261735159249838e+03
3.878040183882016208e+03
3.862223464571975910e+03
3.845785721319483855e+03
3.828700537921415162e+03
3.811486307019793003e+03
3.794782230946088021e+03
3.777582454483742367e+03
3.759628381577575965e+03
3.740897847080453175e+03
3.721396527587499349e+03
3.701514351055769112e+03
3.682115076781955850e+03
3.662619100644880746e+03
3.643813285741429809e+03
3.625172804064537559e+03
3.607040335086675441e+03
3.588252105647405187e+03
3.569108416505072000e+03
3.551926678468351838e+03
3.534951949714112743e+03
3.517406603840892785e+03
3.499620588207150831e+03
3.481132655639527911e+03
3.462997779181412170e+03
3.445089673463117833e+03
3.429230702296880736e+03
3.414527821782672618e+03
3.399706511731905266e+03
3.384979251491225114e+03
3.370252901107826801e+03
3.355158246685316499e+03
3.339927614103574797e+03
3.324759864491532426e+03
3.309638575031342043e+03
3.294710351653991438e+03
3.279558620996239370e+03
3.264216773861067850e+03
3.248715356863060606e+03
3.233081539950155275e+03
3.217469028579623227e+03
3.202465748798176719e+03
3.187775202703653576e+03
3.173766576031434852e+03
3.159876999255813644e+03
3.146992014378261047e+03
3.135364495577733578e+03
3.124521497771599570e+03
3.113762340245655196e+03
3.103079071616304191e+03
3.093667915222541524e+03
3.085870441298821788e+03
3.078831431405172225e+03
3.071937077224780296e+03
3.064766691424436885e+03
3.059756561453710219e+03
3.055728930289044911e+03
3.052706688856982055e+03
3.049455259386169018e+03
3.045989082985108325e+03
3.042452219933942615e+03
3.038896587673123122e+03
3.036113798079811659e+03
3.035524581072393630e+03
3.035584334569460680e+03
3.035316558834063926e+03
3.034676063882531253e+03
3.034771919175096627e+03
3.035516993467714656e+03
3.036553156234319886e+03
3.037707808320752520e+03
3.038842930300048465e+03
3.039846536870161799e+03
3.041122022975140681e+03
3.042321098084720234e+03
3.043878578693074815e+03
3.045248155032966679e+03
3.046793325607142378e+03
3.048553411996438172e+03
3.050089158277732167e+03
3.051777816249120406e+03
3.053425532969185952e+03
3.054805839752901193e+03
3.055907331256448742e+03
3.056811539321642613e+03
3.057785151792912984e+03
3.058429148528231508e+03
3.059501981006906590e+03
3.060333211722649139e+03
3.061516009910819776e+03
3.062903487310743003e+03
3.064055602122431992e+03
3.064733064883531370e+03
3.064924141534756473e+03
3.064820636309169004e+03
3.064266999528930683e+03
3.064518394323052235e+03
3.065051059778086710e+03
3.065038179770298029e+03
3.064430963955967854e+03
3.063269802408068244e+03
3.061915584455056887e+03
3.060114212929118366e+03
3.058051028398704602e+03
3.055590069432978453e+03
3.052656929947281697e+03
3.049582964873400215e+03
3.045922536101145852e+03
3.041686364423894702e+03
3.036888063617368061e+03
3.032070703856157252e+03
3.026799633347166491e+03
3.021006097078924086e+03
3.014744137885533746e+03
3.008445595771739590e+03
3.002074869498087537e+03
2.995382220917548693e+03
2.988268301288104340e+03
2.980706277945914735e+03
2.972812657454087457e+03
2.964546763278103754e+03
2.955859986684545675e+03
2.946760283384940976e+03
2.937255226977728853e+03
2.927799031525216833e+03
2.918108188432041516e+03
2.908031726136586258e+03
2.897575880995128500e+03
2.886747159256803570e+03
2.875623580596144166e+03
2.864324480877251062e+03
2.852674354125485934e+03
2.840877153098900635e+03
2.828815689493481386e+03
2.816428913418422781e+03
2.804085638016480971e+03
2.791728028815708058e+03
2.779172214071382768e+03
2.767669837168860340e+03
2.756763166752027246e+03
2.745574662404922492e+03
2.734107800254743324e+03
2.722366591659934784e+03
2.710355685408605495e+03
2.698110025399818369e+03
2.685843743891849044e+03
2.673353743978474085e+03
2.660630869980849639e+03
2.648533928882713099e+03
2.636206861364687938e+03
2.623656580560844304e+03
2.611155995759872440e+03
2.598736113293159178e+03
2.586853123613220305e+03
2.574777483072742598e+03
2.562516950708987224e+03
2.550079847618119402e+03
2.537475027630020122e+03
2.524711832635269730e+03
2.511800032618187288e+03
2.498815022130505895e+03
2.485954440234670528e+03
2.472975736554999457e+03
2.459889044657474187e+03
2.447141372425926420e+03
2.435015926218430650e+03
2.422812953333011592e+03
2.410586943576963222e+03
2.398321164305179082e+03
2.385990652879144363e+03
2.373602881035710197e+03
2.361209485022144236e+03
2.349117271622266344e+03
2.337872563187302603e+03
2.326637328621179677e+03
2.315356905192019894e+03
2.304049236365708566e+03
2.292741078375984671e+03
2.281384663122220900e+03
2.269978873142837074e+03
2.258522469205710422e+03
2.247014105657780419e+03
2.235452333612658549e+03
2.223835593681522823e+03
2.212162200437158390e+03
2.200430321164192264e+03
2.188637951679993876e+03
2.176782892105798055e+03
2.164880948291970071e+03
2.153158197881430169e+03
2.141552115402985692e+03
2.129871386009125217e+03
2.118112140747323792e+03
2.106270346350748696e+03
2.094380943011958607e+03
2.082437579921343513e+03
2.070478585918102453e+03
2.058420315148200189e+03
2.046935408489016027e+03
2.035442417916084651e+03
2.023962434093542697e+03
2.012905977193590388e+03
2.001873350232188841e+03
1.990712146686952792e+03
1.979784657407825762e+03
1.968732643385200845e+03
1.957544091303695495e+03
1.946218890942901453e+03
1.934758401681577197e+03
1.923227036547624266e+03
1.911826905892651439e+03
1.900311250601839220e+03
1.889599936078156134e+03
1.879165876806547203e+03
1.868622935847823555e+03
1.857975991462580396e+03
1.847230957520798711e+03
1.836394746795345100e+03
1.825475201390084749e+03
1.814480990119967373e+03
1.803421474001256684e+03
1.792306542385823377e+03
1.781146423614051855e+03
1.769951475297693378e+03
1.758731960413298793e+03
1.747607869274702807e+03
1.736518124336330175e+03
1.725552588736966754e+03
1.714639740409789283e+03
1.703743576554271840e+03
1.692877403102811968e+03
1.682041615090906362e+03
1.671367252733532951e+03
1.660760237567497143e+03
1.650179462351319899e+03
1.639622365639133477e+03
1.629085094559752406e+03
1.618573541851234950e+03
1.608072536221608289e+03
1.597584003811154162e+03
1.587093364360503983e+03
1.576590334289332986e+03
1.566067464576898828e+03
1.555537269538265946e+03
1.545008084280737421e+03
1.534445378553167984e+03
1.523844031142360564e+03
1.513192635517832969e+03
1.502487584352614931e+03
1.491732744783387034e+03
1.480927327399811929e+03
1.470063024354869412e+03
1.459139720115818136e+03
1.449174989613424486e+03
1.440063418658904993e+03
1.431394066235596711e+03
1.422652585485405325e+03
1.413887346335466646e+03
1.405200696224252852e+03
1.396450491268843734e+03
1.387666532556464517e+03
1.378808584078293279e+03
1.369863448238090996e+03
1.360842303602347101e+03
1.351737309352673719e+03
1.342552717999776178e+03
1.333294827306007619e+03
1.323980806013590154e+03
1.316131331673977911e+03
1.309025193754603606e+03
1.301873049417802122e+03
1.294682862036936058e+03
1.287462548917610320e+03
1.280296364448464828e+03
1.273166464567369758e+03
1.266086008446879077e+03
1.259072003720002158e+03
1.252062866452839444e+03
1.245061767013603458e+03
1.238072743358045500e+03
1.231099097427415018e+03
1.224143405177658224e+03
1.217207541828282046e+03
1.210496325088287449e+03
1.203912093680948601e+03
1.197348873003715880e+03
1.190805823557428766e+03
1.184305146525769487e+03
1.177831273810286348e+03
1.171396432913134049e+03
1.164985157808598842e+03
1.158585115201287181e+03
1.152194033191882227e+03
1.145809612546492872e+03
1.139429574034055577e+03
1.133051700446492077e+03
1.126690093372770434e+03
1.120359099559811511e+03
1.114036406640448149e+03
1.107710614604373859e+03
1.101389892700036398e+03
1.095062918760168941e+03
1.088726861143604083e+03
1.082380979032355299e+03
1.076024787586407228e+03
1.069658064022674580e+03
1.063280850852101594e+03
1.056893456125402508e+03
1.050507317216808588e+03
1.044113840942739444e+03
1.037723780541003862e+03
1.031329461788019898e+03
1.024930264574198191e+03
1.018540012307460302e+03
1.012149234388343643e+03
1.005760896070267108e+03
9.993873366150210131e+02
9.930189035504286039e+02
9.866578643826617281e+02
9.803129666017184718e+02
9.747357788315994185e+02
9.695133040376309737e+02
9.643043372736087804e+02
9.591077481060374339e+02
9.539235070192753483e+02
9.487516829994232239e+02
9.435924837495064139e+02
9.384462908017608243e+02
9.333136884180529478e+02
9.281954853978082838e+02
9.230927291633697678e+02
9.180067117557780421e+02
9.129389676395821880e+02
9.079309382911540069e+02
9.033129803967827911e+02
8.987286611615941183e+02
8.941703103704367095e+02
8.896583775497836086e+02
8.851820099125787920e+02
8.807478447309821377e+02
8.763498643703951529e+02
8.719957911081789916e+02
8.676854286686393607e+02
8.634153820110277593e+02
8.594589311661477495e+02
8.557232253224373153e+02
8.520456334659875210e+02
8.484200172620494413e+02
8.448500392406119772e+02
8.413406719159642080e+02
8.381411767692120520e+02
8.349940165953580617e+02
8.319073212460294826e+02
8.288696353501511567e+02
8.258858835914365955e+02
8.229590267507426233e+02
8.200804338465691217e+02
8.172496940897808599e+02
8.144683550957983016e+02
8.117454617313912877e+02
8.090688256448925131e+02
8.064378170365052938e+02
8.038575331862564326e+02
8.013291467788552609e+02
7.988442726264337352e+02
7.964485297801206798e+02
7.941309872542846051e+02
7.918565090357324152e+02
7.896222419881809174e+02
7.874332471551391563e+02
7.852983312982787538e+02
7.832082150552255371e+02
7.811673623429774125e+02
7.791739632404110125e+02
7.772210098275095334e+02
7.753095063158732501e+02
7.734439010738221896e+02
7.716096680747476739e+02
7.698163459235746586e+02
7.680553139376245326e+02
7.663224877419796712e+02
7.646168165579186962e+02
7.629372593246274619e+02
7.612855613215333506e+02
7.596779304067788416e+02
7.581161554902935222e+02
7.565844948625828010e+02
7.551032440044264149e+02
7.536880762382683088e+02
7.523128975915506089e+02
7.509694478359509731e+02
7.496513326331735243e+02
7.483569646243745410e+02
7.470970914212102798e+02
7.458832980131777504e+02
7.446914347056529095e+02
7.435147104308271082e+02
7.423527312564522163e+02
7.412051632651803175e+02
7.401204449522163031e+02
7.390623187555376035e+02
7.380179369333995965e+02
7.369871895279734417e+02
7.359750415979049194e+02
7.349841713705438906e+02
7.340172775489078276e+02
7.330687389327961228e+02
7.321466509316576321e+02
7.312424048890397899e+02
7.303685940850191400e+02
7.295416658481302647e+02
7.287564437851052617e+02
7.280561004116771073e+02
7.273838260914003513e+02
7.267278499949659363e+02
7.260903427860122292e+02
7.254999950586266095e+02
7.249416184515446275e+02
7.244319763459425303e+02
7.239945207492671670e+02
7.236000178567692274e+02
7.232445083748444858e+02
7.229378268682759199e+02
7.226714735405266765e+02
7.224471997765626838e+02
7.222636650717686280e+02
7.221040450509676702e+02
7.219690922461691116e+02
7.218722501164481855e+02
7.218092273857920418e+02
7.217801507176219502e+02
7.217879502093680912e+02
7.218327013033854200e+02
7.219151731764909528e+02
7.220440289572554775e+02
7.222209434757061217e+02
7.224485264549734893e+02
7.227086694289299658e+02
7.230077925659572884e+02
7.233493394952406561e+02
7.237306877037426602e+02
7.241706192305441618e+02
7.246660251513440016e+02
7.252408820986256615e+02
7.259653195039579714e+02
7.267601283045150922e+02
7.276071020775266334e+02
7.284935578730403449e+02
7.294200555409711342e+02
7.304086008009709303e+02
7.314436077447642219e+02
7.325202719316899902e+02
7.336422532724716348e+02
7.348270511415774990e+02
7.360589455240371990e+02
7.373345410673030074e+02
7.386543353130452942e+02
7.400476420241396909e+02
7.415110986464742382e+02
7.430202291363045788e+02
7.445755209914930219e+02
7.461774594001942660e+02
7.478381169149113248e+02
7.495650897956785457e+02
7.513639365346060686e+02
7.532299993723459011e+02
7.551694035497339428e+02
7.571694849436701134e+02
7.592426072695375296e+02
7.613943697770042718e+02
7.636013504560138472e+02
7.658696496839864949e+02
7.682072011904426745e+02
7.706088043485071921e+02
7.730656277834507364e+02
7.755758214808320190e+02
7.781562451830745886e+02
7.808095867656536484e+02
7.835385820231651905e+02
7.863334686126361248e+02
7.891841313951099437e+02
7.920910594240702949e+02
7.950547456492956826e+02
7.980858002875671673e+02
8.011851627401719043e+02
8.043503299572893184e+02
8.075863249856218999e+02
8.108816448983914142e+02
8.142368315951960085e+02
8.176524388987274961e+02
8.211290337630127851e+02
8.246671974456052112e+02
8.282779052200282877e+02
8.319548518695834218e+02
8.356952093972466855e+02
8.394996275475754146e+02
8.433722015087578256e+02
8.473203285519479095e+02
8.513345820181690442e+02
8.554156906639504996e+02
8.595644031414576602e+02
8.637814877118655659e+02
8.680677317170369633e+02
8.724239407988186485e+02
8.768513394149039186e+02
8.813709068977868810e+02
8.859832605585525016e+02
8.906689644188862758e+02
8.954288975690708412e+02
9.002639472270302576e+02
9.051876237643533614e+02
9.102080199275424093e+02
9.153406208236687007e+02
9.205633843144017874e+02
9.258854245705972517e+02
9.313140860645216890e+02
9.368478712775167878e+02
9.424687221317958574e+02
9.481894938729853948e+02
9.540166277914321427e+02
9.599402204241434902e+02
9.659698547800958295e+02
9.720919505204742563e+02
9.783119599810667069e+02
9.846482613419880181e+02
9.910883107222402941e+02
9.976542371619360665e+02
1.004327282582304179e+03
1.011113275577541344e+03
1.018005680374034682e+03
1.024990635952184221e+03
1.032082913316485929e+03
1.039296650429110741e+03
1.046612872301157267e+03
1.054042333219487546e+03
1.061567954242784708e+03
1.069186984829507765e+03
1.076899815261141384e+03
1.084706841615061876e+03
1.092608471416233897e+03
1.100624557060221832e+03
1.108768189934954535e+03
1.117036819393023279e+03
1.125415162028326449e+03
1.133907224576045564e+03
1.142535264896917170e+03
1.151303564378364854e+03
1.160194487233630980e+03
1.169196775092338612e+03
1.178315408647972390e+03
1.187563174661700941e+03
1.196933699788613012e+03
1.206438945904496222e+03
1.216048055995966024e+03
1.225773531026426554e+03
1.235637428606734375e+03
1.245626878061347270e+03
1.255788540516895409e+03
1.266325960306518709e+03
1.276981273355267149e+03
1.287776687215133734e+03
1.298704679296601626e+03
1.309751437617909232e+03
1.320920659220833386e+03
1.332204589989617261e+03
1.343611258728249595e+03
1.355136498363189958e+03
1.366797402786338807e+03
1.378584881485344795e+03
1.390505266472235007e+03
1.402559262200894409e+03
1.414756907872224929e+03
1.427096506353938821e+03
1.439573832273886183e+03
1.452179988883250644e+03
1.464921205979710749e+03
1.477785437775536138e+03
1.490785652232023040e+03
1.503920480870234314e+03
1.517180603128623034e+03
1.530576394475199322e+03
1.544096880456436338e+03
1.557742746094174436e+03
1.571514627584901973e+03
1.585422721695616929e+03
1.599462023779040692e+03
1.613634313050274386e+03
1.627943025885354245e+03
1.642390757297654091e+03
1.656995955319817767e+03
1.671744137544975274e+03
1.686621462386432768e+03
1.701627504821038428e+03
1.716770306007626232e+03
1.732066489648283550e+03
1.747502700127804928e+03
1.763086855703232686e+03
1.778813239232875048e+03
1.794666473824037212e+03
1.810646636434839820e+03
1.826773448620144563e+03
1.843049232137038189e+03
1.859459314543383698e+03
1.876010544491797646e+03
1.892688309405432165e+03
1.909496956072931425e+03
1.926429172673682388e+03
1.943479910328920369e+03
1.960647850490107885e+03
1.977940486846440308e+03
1.995365623978298117e+03
2.012903519665897875e+03
2.030552521938348491e+03
2.048320012583965763e+03
2.066211914118697678e+03
2.084222780991875879e+03
2.102350897422852540e+03
2.120580393208521855e+03
2.138911000515037358e+03
2.157349548470290756e+03
2.175882229112873119e+03
2.194506339294070131e+03
2.213219013744041604e+03
2.232021561034081060e+03
2.250927839038970887e+03
2.269914013892072489e+03
2.288975419891688034e+03
2.308108185328541822e+03
2.327308192336203774e+03
2.346592859137252162e+03
2.365939912562935206e+03
2.385343407383455997e+03
2.404805186449568737e+03
2.424309354325046115e+03
2.443850676883782398e+03
2.463435235109513997e+03
2.483043252322849185e+03
2.502683178311097890e+03
2.522361914636794609e+03
2.542050427672330443e+03
2.561731588588421801e+03
2.581396610264750052e+03
2.601036249800197311e+03
2.620641762202253176e+03
2.640218768719556465e+03
2.659748126748960658e+03
2.679210438269122733e+03
2.698601215901777778e+03
2.717908007133172305e+03
2.737111489427209108e+03
2.756199242197809326e+03
2.775183232485775079e+03
2.794039681495715740e+03
2.812748746638147168e+03
2.831284653721554605e+03
2.849632068319433984e+03
2.867775215278563792e+03
2.885697884806706952e+03
2.903383437992667041e+03
2.920814811556379027e+03
2.937984087908486345e+03
2.954867796958241343e+03
2.971443624911845745e+03
2.987692839748782717e+03
3.003629263867710506e+03
3.019296761749312282e+03
3.034580625074943327e+03
3.049469792578699071e+03
3.063932239834982738e+03
3.077946670629909931e+03
3.091794820562206951e+03
3.105323308237408582e+03
3.118349586550360982e+03
3.130847058247545192e+03
3.142787426498710374e+03
3.154139901514677149e+03
3.164890046683273795e+03
3.175005758119441452e+03
3.184459592179596257e+03
3.193226684910214317e+03
3.201282155853638415e+03
3.208601161770516683e+03
3.215158952547601075e+03
3.220930929637103873e+03
3.225892707444720145e+03
3.230020178143794510e+03
3.233289580442000442e+03
3.235677572861623048e+03
3.237169141913903331e+03
3.237749264578935708e+03
3.237385234087556000e+03
3.236052285672813014e+03
3.233730476160439139e+03
3.230404757475614133e+03
3.226061945635531629e+03
3.220686760765952386e+03
3.214257173067769145e+03
3.206761460850383628e+03
3.198191150423837826e+03
3.188530833922186957e+03
3.177782257611495879e+03
3.165935889628455698e+03
3.152977999539358734e+03
3.138913860328390911e+03
3.123745794422466133e+03
3.107471088547796626e+03
3.090097321998186089e+03
3.071635358529618770e+03
3.052105188011632890e+03
3.031533795120787545e+03
3.009939646166283183e+03
2.987390648784275982e+03
2.963874020561150246e+03
2.939412467084153832e+03
2.914044071831628571e+03
2.887811182803690826e+03
2.860760417908887575e+03
2.832942630420242040e+03
2.804412830267389381e+03
2.775230057060864510e+03
2.745457200955816006e+03
2.715160767759381542e+03
2.684410585075318068e+03
2.653279446766526235e+03
2.621845800417749160e+03
2.590194059179108990e+03
2.558396228258334759e+03
2.526538975579963790e+03
2.494692268056182002e+03
2.463001240587313077e+03
2.431999808209383446e+03
2.401244791751246339e+03
2.370814000808486071e+03
2.340765555835747818e+03
2.311162472083342891e+03
2.282062042561134149e+03
2.253533811491506640e+03
2.225634421850672879e+03
2.198400128510410468e+03
2.171908713838156473e+03
2.146089685271855160e+03
2.120948319311322393e+03
