6.642298545884289524e+03
6.640071078171282352e+03
6.637873369622840983e+03
6.635692470082529326e+03
6.633543157796525520e+03
6.631390513958341216e+03
6.629232149165235569e+03
6.627064790658853781e+03
6.624896376841205893e+03
6.622709673825664140e+03
6.620506533756357385e+03
6.618300167650874755e+03
6.616125811370851807e+03
6.613941919980591592e+03
6.611756422229422242e+03
6.609566888623924569e+03
6.607393500295618651e+03
6.605213185990413876e+03
6.603011761292558731e+03
6.600863867426425713e+03
6.598713416965292708e+03
6.596556201342713393e+03
6.594397357697176631e+03
6.592251927601804709e+03
6.590090680114279166e+03
6.587973730560728654e+03
6.586759119915869633e+03
6.590263071220197162e+03
6.593786252179359508e+03
6.597302605681528803e+03
6.600817793637193063e+03
6.604305559898180945e+03
6.607816397955148204e+03
6.611312865244450222e+03
6.614806276590746165e+03
6.618312741597623244e+03
6.621780772808811889e+03
6.625228164247163477e+03
6.628712049912150178e+03
6.632162801932709044e+03
6.635586136849393370e+03
6.639018628728746990e+03
6.642476595596704101e+03
6.645963834839474657e+03
6.649514644872184363e+03
6.653154847725576474e+03
6.656870204337816176e+03
6.660657426436555397e+03
6.664479745000564435e+03
6.668333788989007189e+03
6.672299237760291362e+03
6.676324237323602574e+03
6.680421673983571964e+03
6.684620372325442077e+03
6.688896223808087598e+03
6.693252953997002805e+03
6.697797209131670570e+03
6.702446975735112574e+03
6.707153810937043090e+03
6.711953072857221741e+03
6.716882832726032575e+03
6.721901647749966287e+03
6.726989964921654064e+03
6.732166445275803198e+03
6.737429553866844799e+03
6.742805101395739257e+03
6.748372199991407797e+03
6.754037529135608565e+03
6.759782248362775135e+03
6.765592635692293698e+03
6.771459677976024977e+03
6.777458732577383671e+03
6.783524763280350271e+03
6.789661359785539389e+03
6.795896984696954860e+03
6.802198643110185003e+03
6.808522760996426769e+03
6.814946036161371012e+03
6.821412691185921176e+03
6.827913824166788800e+03
6.834424794209323409e+03
6.840953925266268925e+03
6.847485188108743387e+03
6.854007494755214793e+03
6.860543711786596759e+03
6.867059000108265536e+03
6.873572296282479329e+03
6.880106461475957076e+03
6.886669361760100401e+03
6.893189703495325375e+03
6.899784195983900645e+03
6.906362672938766991e+03
6.912958110354817109e+03
6.919512836766345572e+03
6.926025193502274306e+03
6.932518342969554396e+03
6.939039027115615681e+03
6.945526448695095496e+03
6.952070928897403974e+03
6.958662194794488641e+03
6.965203381307240306e+03
6.971685084719702900e+03
6.978165748228644588e+03
6.984563380300486642e+03
6.990913575080193368e+03
6.997237752726891813e+03
7.003484894795346918e+03
7.009720022053777029e+03
7.015915147565136067e+03
7.022032125373044437e+03
7.028177512243021738e+03
7.034317202602516772e+03
7.040395526032399175e+03
7.046434817836016919e+03
7.052384580916484992e+03
7.058249008295691056e+03
7.064033411367832741e+03
7.069800282813901504e+03
7.075563011212678248e+03
7.081324159691053865e+03
7.086926946570143627e+03
7.092465313528950901e+03
7.097963626770308110e+03
7.103420190262901997e+03
7.108932968155010713e+03
7.114417654157287870e+03
7.119823988172107420e+03
7.125173548486159234e+03
7.130485915502442367e+03
7.135763496819065040e+03
7.141069752753158355e+03
7.146383516458719896e+03
7.151639447717160692e+03
7.156829843948171401e+03
7.161966523044271526e+03
7.167093676721909105e+03
7.172216604498965353e+03
7.177330329401843301e+03
7.182381583927305655e+03
7.187370404121920728e+03
7.192344765838165586e+03
7.197359234506258872e+03
7.202341890165263067e+03
7.207387825782507207e+03
7.212506770773136850e+03
7.217609411291434299e+03
7.222879495493321883e+03
7.228250239749548200e+03
7.233603356964892555e+03
7.238928601977011567e+03
7.244259055670352609e+03
7.249545883578552093e+03
7.254967157055294592e+03
7.260394218191240725e+03
7.265729303832263213e+03
7.271104054286654900e+03
7.276496543111042229e+03
7.281931213102974652e+03
7.287353397603452322e+03
7.292774283115115395e+03
7.298218455069340962e+03
7.303620519880626489e+03
7.308965422845658395e+03
7.314373054435579434e+03
7.319844193516318228e+03
7.325286982912462918e+03
7.330628043607415748e+03
7.335954419380026593e+03
7.341346320632392235e+03
7.346793844949022969e+03
7.352413392758210648e+03
7.358086681682478229e+03
7.363667154349461271e+03
7.369191538420966936e+03
7.374722320464363293e+03
7.380385485035974853e+03
7.386040814421676259e+03
7.391772438653925747e+03
7.397571301244726783e+03
7.403466986157375686e+03
7.409510860078295082e+03
7.415702630249605136e+03
7.421850986435947561e+03
7.428068719249908099e+03
7.434310567198308490e+03
7.440497545973948945e+03
7.446600721420707487e+03
7.452776507313510592e+03
7.458974651461392568e+03
7.465127125734366018e+03
7.471363691575340454e+03
7.477614122785360451e+03
7.483987301116331764e+03
7.490374304443213987e+03
7.496814792401436534e+03
7.503216697825810115e+03
7.509536367018963574e+03
7.515894492843708576e+03
7.522255660907265337e+03
7.528663022329378691e+03
7.535056078112087562e+03
7.541460250020632884e+03
7.547918691884944565e+03
7.554541300954919279e+03
7.561213708891978058e+03
7.567850011015611017e+03
7.574408255176385865e+03
7.580967336986499504e+03
7.587479432522604839e+03
7.593895935124819516e+03
7.600287443733123837e+03
7.606635726939006418e+03
7.612876350098014882e+03
7.619062529953497688e+03
7.625173067301974697e+03
7.631311206316279822e+03
7.637559893307417951e+03
7.643806453721568687e+03
7.649986456368866129e+03
7.656099969276005140e+03
7.662145771872549631e+03
7.668105516271852139e+03
7.673981700831567650e+03
7.679839882938696974e+03
7.685752721262092564e+03
7.691672257187617106e+03
7.697614428744391262e+03
7.703621407675031151e+03
7.709582531186140841e+03
7.715423770768846225e+03
7.721250689669104759e+03
7.727099811728434361e+03
7.732939898293515398e+03
7.738856170923150785e+03
7.744722342391439270e+03
7.750612492364751233e+03
7.756532959132134238e+03
7.762526166671846113e+03
7.768564813196177056e+03
7.774619968785637866e+03
7.780643862118716243e+03
7.786659738202122753e+03
7.792551152677763639e+03
7.798404499867059712e+03
7.804098139238205476e+03
7.809801763193039733e+03
7.815510764123593617e+03
7.821127283566747792e+03
7.826746052459364364e+03
7.832448882082915588e+03
7.838093378593781381e+03
7.843860461725422283e+03
7.849617734493913304e+03
7.855283286671769019e+03
7.860910252718130323e+03
7.866542248531233781e+03
7.872153450982405047e+03
7.877653459025345910e+03
7.883131392338255864e+03
7.888594203661293250e+03
7.894027904917038541e+03
7.899367004799328242e+03
7.904719396217311441e+03
7.910038728969122531e+03
7.915331970483580335e+03
7.920535271729529086e+03
7.925665879928843424e+03
7.930723917289275050e+03
7.935719996991305379e+03
7.940807331540728228e+03
7.945903231517715540e+03
7.951015581219217893e+03
7.956201812033952592e+03
7.961420904644749498e+03
7.966630867807638424e+03
7.971788122782714709e+03
7.976900935483310604e+03
7.981941776631758330e+03
7.987000404546850405e+03
7.992049636343233942e+03
7.997082478998759143e+03
8.002022445119855547e+03
8.006916956490498706e+03
8.011781138502746217e+03
8.016638345865150768e+03
8.021508645140689623e+03
8.026408519892299410e+03
8.031459493299971655e+03
8.036435402189210436e+03
8.041388135530427462e+03
8.046427863889845867e+03
8.051445469246235007e+03
8.056465248281989261e+03
8.061657033419539403e+03
8.066691116412003794e+03
8.071610719118046291e+03
8.076407741164421168e+03
8.081008634109188279e+03
8.085490306937061177e+03
8.090018253203041240e+03
8.094544966118802222e+03
8.099129816911125090e+03
8.103639120844275567e+03
8.108345482216329401e+03
8.113108020357563873e+03
8.117858526393906686e+03
8.122639733572988916e+03
8.127438118165515334e+03
8.132288435846895482e+03
8.137126955148868547e+03
8.141970377926470974e+03
8.146721890770865684e+03
8.151358297846417372e+03
8.155926364453615861e+03
8.160444573756249156e+03
8.164857734193136821e+03
8.169268674795861443e+03
8.173695611703593386e+03
8.178160273194737783e+03
8.182665357285064601e+03
8.187118484486783927e+03
8.191502057346702713e+03
8.195807031141144762e+03
8.200047493165817286e+03
8.204227320139822041e+03
8.208396723641602875e+03
8.212556115719438822e+03
8.216714111653520376e+03
8.220881250207032281e+03
8.225048450337146278e+03
8.229239864858765941e+03
8.233392930131951289e+03
8.237474337214651314e+03
8.241446462754389358e+03
8.245328094119782691e+03
8.249143598544978886e+03
8.252950616359801643e+03
8.256711853461925784e+03
8.260393210656202427e+03
8.264130433883745354e+03
8.267874319775743061e+03
8.271622181990544050e+03
8.275433041914187925e+03
8.279229058029677617e+03
8.282881524461312438e+03
8.286370876680164656e+03
8.289684771575419290e+03
8.293047459005305427e+03
8.296437386426947342e+03
8.299771242593997158e+03
8.303116785162685119e+03
8.306462093577161795e+03
8.309865120459558966e+03
8.313271169262097828e+03
8.316617218613570003e+03
8.319977204400340270e+03
8.323340668675209599e+03
8.326732739158274853e+03
8.330163778612597525e+03
8.333651370509031040e+03
8.337133431684980678e+03
8.340546487045401591e+03
8.344016950916899077e+03
8.347366184774022258e+03
8.350585122816670264e+03
8.353666292595586128e+03
8.356660023407659537e+03
8.359692270180046762e+03
8.362735131244522563e+03
8.365838716715288683e+03
8.368818792188829320e+03
8.371721791317095267e+03
8.374659330398601014e+03
8.377589383040265602e+03
8.380637588763356689e+03
8.383661993332207203e+03
8.386668827506209709e+03
8.389708746589374641e+03
8.392654324999228265e+03
8.395523499859016738e+03
8.398403716065648041e+03
8.401171137817813360e+03
8.403908127462347693e+03
8.406604172893858049e+03
8.409117273840221969e+03
8.411464604332140880e+03
8.413629104290310352e+03
8.415845713399325177e+03
8.418139504790846331e+03
8.420413222898216191e+03
8.422739801111871202e+03
8.425110967160011569e+03
8.427455422082852238e+03
8.429760805265839736e+03
8.432171058627427556e+03
8.434633204233030483e+03
8.437294496647240521e+03
8.440025209365729097e+03
8.442711538665591434e+03
8.445344566843359644e+03
8.447978222150935835e+03
8.450585127027023191e+03
8.453293822631800140e+03
8.456025902775561917e+03
8.458830978302954463e+03
8.461572923458570585e+03
8.464233450314255606e+03
8.466767829091531894e+03
8.469303382984382552e+03
8.471814408675700179e+03
8.474392977414809138e+03
8.477123072667938686e+03
8.479846741684836161e+03
8.482604382431982231e+03
8.485369617928734442e+03
8.488093343380620354e+03
8.490751789269623259e+03
8.493346259106041543e+03
8.495982528771066427e+03
8.498588835222097259e+03
8.501158522990463098e+03
8.503607794051567907e+03
8.505896715039412811e+03
8.508200004283989983e+03
8.510485310976491746e+03
8.512823869283991371e+03
8.515052160068164085e+03
8.517197552452076707e+03
8.519370807299414082e+03
8.521708565070202894e+03
8.524150819334106927e+03
8.526652552637739063e+03
8.529213121769400459e+03
8.531704235405686632e+03
8.534048225858570731e+03
8.536427712535452883e+03
8.538862056199126528e+03
8.541184179486943322e+03
8.543489735040860978e+03
8.545729770878208001e+03
8.547902285137120998e+03
8.549882637709239134e+03
8.551801091019751766e+03
8.553672871234055492e+03
8.555575592839981255e+03
8.557431141051980376e+03
8.559165852156329493e+03
8.560811764252603098e+03
8.562298565633092949e+03
8.563582888787121192e+03
8.564803496766520766e+03
8.565974328128464549e+03
8.567113337646635046e+03
8.568211642772746927e+03
8.569370229474465305e+03
8.570444766084032381e+03
8.571580198261417536e+03
8.572680683188424155e+03
8.573692281523090060e+03
8.574652749988319556e+03
8.575521455506073835e+03
8.576334338776054210e+03
8.577013531376829633e+03
8.577782663990488800e+03
8.578497830586511554e+03
8.579178834580208786e+03
8.579809782847649331e+03
8.580344210581211883e+03
8.580770686945808848e+03
8.581114168975280336e+03
8.581317587095210911e+03
8.581415871334418625e+03
8.581389756070126168e+03
8.581125260412412899e+03
8.580630518905971257e+03
8.580045674302702537e+03
8.579387959901712748e+03
8.578614795552968644e+03
8.577809820690263223e+03
8.576909630067753824e+03
8.575930594626575839e+03
8.574908980710784817e+03
8.573896864239162824e+03
8.572974345428430752e+03
8.571989350883090083e+03
8.570986611847321910e+03
8.570003530516147293e+03
8.568991797248199873e+03
8.567954346394815730e+03
8.566884069140785869e+03
8.565952319512416580e+03
8.565017776071843400e+03
8.564017143424818642e+03
8.563045705250999163e+03
8.561897862338628329e+03
8.560568285617366200e+03
8.559177920764046576e+03
8.557754362466472230e+03
8.556330298914268496e+03
8.554835868745052721e+03
8.553238603389039781e+03
8.551530990554269010e+03
8.549886523216642672e+03
8.548184641738502251e+03
8.546342223898538577e+03
8.544429193757398025e+03
8.542454219670245948e+03
8.540423132275764146e+03
8.538245702703034112e+03
8.535976785479506361e+03
8.533735348313333816e+03
8.531525992953542300e+03
8.529367101352818281e+03
8.527280998720689240e+03
8.525272263604079853e+03
8.523270936429646099e+03
8.521421467093497995e+03
8.519626017801430862e+03
8.517878744091198314e+03
8.516117969769828051e+03
8.514350239772107670e+03
8.512485612279961060e+03
8.510705836770248425e+03
8.509003636225317678e+03
8.507349145092844992e+03
8.505667883812951914e+03
8.504358577819957645e+03
8.503257762119359541e+03
8.502058402445672982e+03
8.500808003261370686e+03
8.499464441229727527e+03
8.498071396232488041e+03
8.496640532613489995e+03
8.495187036098788667e+03
8.493753764161981962e+03
8.492243543623566438e+03
8.490672851178365818e+03
8.489070377787646066e+03
8.487361975142339361e+03
8.485636581033024413e+03
8.484034159514187195e+03
8.482523670692233281e+03
8.480994966888012641e+03
8.479521267234749757e+03
8.478143867731801947e+03
8.476833074289712386e+03
8.475500653644890917e+03
8.474132473582336388e+03
8.472662235038347717e+03
8.471291743412228243e+03
8.470108109181164764e+03
8.469038293950072330e+03
8.467924634891940514e+03
8.466734729420753865e+03
8.465460735134627612e+03
8.464157311860686605e+03
8.462842637031413688e+03
8.461565717976089218e+03
8.460276191876997473e+03
8.458911765104077858e+03
8.457511409599483159e+03
8.456087637937675026e+03
8.454585375328366354e+03
8.452972098213613208e+03
8.451268362477956543e+03
8.449560732511492461e+03
8.447785630383075841e+03
8.445924452922292403e+03
8.444045266424116562e+03
8.442172710008388094e+03
8.440402360952215531e+03
8.438673637171083101e+03
8.436893436538313836e+03
8.435036239720966478e+03
8.433064692321713665e+03
8.431036646345373811e+03
8.429015136492042075e+03
8.426995283435338933e+03
8.424982024572334922e+03
8.422916358067757756e+03
8.420700884776522798e+03
8.418405258463380960e+03
8.415978758016735810e+03
8.413458787558460244e+03
8.410933065239290954e+03
8.408336332064165617e+03
8.405591866753213253e+03
8.402740835187352786e+03
8.399919666554756986e+03
8.397162727043985797e+03
8.394281724741907965e+03
8.391412820843192094e+03
8.388738251777402184e+03
8.386040528730904043e+03
8.383265817335322936e+03
8.380678128425648538e+03
8.378022498058324345e+03
8.375447085167306795e+03
8.372866937669659819e+03
8.370206165304707611e+03
8.367399402291786828e+03
8.364584172994782421e+03
8.361867559240708943e+03
8.359103752324448578e+03
8.356307215320313844e+03
8.353435466593648016e+03
8.350610391911764964e+03
8.347798018131798017e+03
8.344880214202905336e+03
8.341958530484422226e+03
8.338892069769775844e+03
8.335846311512597822e+03
8.332710899096597132e+03
8.329461892144154262e+03
8.326120185427113029e+03
8.322800573803655425e+03
8.319419498488958197e+03
8.315970704599374585e+03
8.312582137164634332e+03
8.309137836213680202e+03
8.305598893755599420e+03
8.302023370119930405e+03
8.298357566511516779e+03
8.294726088769675698e+03
8.291149590653491032e+03
8.287530748883775232e+03
8.283911628884363381e+03
8.280238438376363774e+03
8.276604911398246259e+03
8.272953284812943821e+03
8.269279481891961041e+03
8.265496959328238518e+03
8.261583034439525363e+03
8.257540502294448743e+03
8.253529388786017080e+03
8.249374110058393853e+03
8.245099910406306662e+03
8.240740267103568840e+03
8.236289486530451541e+03
8.231770598227463779e+03
8.227201942650717683e+03
8.222484442832983405e+03
8.217718609864065002e+03
8.213109842400786874e+03
8.208455069754521901e+03
8.203754039669329359e+03
8.198976820790994680e+03
8.194185013653735950e+03
8.189413319881268762e+03
8.184680287278938522e+03
8.179973364142831997e+03
8.175358854661805708e+03
8.170637573590433021e+03
8.165858380222620326e+03
8.161152500947277076e+03
8.156419817335960943e+03
8.151527979247665826e+03
8.146616546291412305e+03
8.141611238570016212e+03
8.136509772775113561e+03
8.131359196031112333e+03
8.126081847539771843e+03
8.120763184061077482e+03
8.115453867855178032e+03
8.110094878898373281e+03
8.104658351699479681e+03
8.099148047755713378e+03
8.093632217102694085e+03
8.088177384824623005e+03
8.082669412946208467e+03
8.077081846348589352e+03
8.071421246433304987e+03
8.065726475768008640e+03
8.059926302780069818e+03
8.054067309046064111e+03
8.048219042110382361e+03
8.042309640935365678e+03
8.036362742514691490e+03
8.030356579193590733e+03
8.024428805635448043e+03
8.018628233959941099e+03
8.012803923296984067e+03
8.007039461247041800e+03
8.001273588618896611e+03
7.995376891809989502e+03
7.989549235773565670e+03
7.983708715590884822e+03
7.977768448343205819e+03
7.971774859542710146e+03
7.965733869509444958e+03
7.959637057647402798e+03
7.953468811303864641e+03
7.947225671601852810e+03
7.940950292336236089e+03
7.934616599675144244e+03
7.928254931144012517e+03
7.921768767659149489e+03
7.915194406810003784e+03
7.908517948809408153e+03
7.901876180158292300e+03
7.895306658028239326e+03
7.888878107456652288e+03
7.882500444849536507e+03
7.876150633084583205e+03
7.869775942408460651e+03
7.863462810396429632e+03
7.857184464729655701e+03
7.850862692031429106e+03
7.844450546393059994e+03
7.838140566961556942e+03
7.831940226401675318e+03
7.825664875836172541e+03
7.819379201740256576e+03
7.813005269793917250e+03
7.806585683821984276e+03
7.800179392954521063e+03
7.793720364594932107e+03
7.787371036186724268e+03
7.780925071342535375e+03
7.774384153479415545e+03
7.767786619843884182e+03
7.761185504802423566e+03
7.754543205681975451e+03
7.747811456622227524e+03
7.740980489164714527e+03
7.734218070553121834e+03
7.727520929941299073e+03
7.720800270425133931e+03
7.714081448981502035e+03
7.707416692617410263e+03
7.700802421273952859e+03
7.694234377736385795e+03
7.687717493854073837e+03
7.681291365315858457e+03
7.674922225713617991e+03
7.668568453618995591e+03
7.662261555909120943e+03
7.655828466451484019e+03
7.649354845971225586e+03
7.642920297402257347e+03
7.636541408500243051e+03
7.630272513391402754e+03
7.624045065481095662e+03
7.617777613999262940e+03
7.611444474765758059e+03
7.605103171450940863e+03
7.598788858601361426e+03
7.592403642695553572e+03
7.585987181350183164e+03
7.579606209530638807e+03
7.573285058259985817e+03
7.566992732457847524e+03
7.560688381593639861e+03
7.554445069743218482e+03
7.548376475146811572e+03
7.542352892017956037e+03
7.536347311383957276e+03
7.530352466838239707e+03
7.524289509018672106e+03
7.518211550355307736e+03
7.512171040462157180e+03
7.506071457972122516e+03
7.499995472584067102e+03
7.493962417539386479e+03
7.487927062511780605e+03
7.481926310275913238e+03
7.475910174624441424e+03
7.469895460790025027e+03
7.463965586674384213e+03
7.458175280142167139e+03
7.452403078522381293e+03
7.446506275443008235e+03
7.440728458844372653e+03
7.435015436708988091e+03
7.429286566063015016e+03
7.423594777877733577e+03
7.417923209831999884e+03
7.412307178425731763e+03
7.406724017373652714e+03
7.401032658456528225e+03
7.395316807787266953e+03
7.389600495653587132e+03
7.383962673214347888e+03
7.378315206798836698e+03
7.372654850030913622e+03
7.367045591240455906e+03
7.361530952334717767e+03
7.356061568234031256e+03
7.350538680922754793e+03
7.344988524138870162e+03
7.339447548378238025e+03
7.333847097306106662e+03
7.328186665450292821e+03
7.322466237882315909e+03
7.316745652588077064e+03
7.311115915385171320e+03
7.305522420861063438e+03
7.299975918756574174e+03
7.294457485699631434e+03
7.288942805290738761e+03
7.283504775704932399e+03
7.278075181371106737e+03
7.272623328288838820e+03
7.267158071071316954e+03
7.261744662499924743e+03
7.256283044452462491e+03
7.250781937739981913e+03
7.245279706373496083e+03
7.239761360747341314e+03
7.234240872391384073e+03
7.228734405379671443e+03
7.223372730426621274e+03
7.218020527441538434e+03
7.212720057634071054e+03
7.207440312039883793e+03
7.202292504771795393e+03
7.197172955470276065e+03
7.192238685020667617e+03
7.187346763190742422e+03
7.182539815497151722e+03
7.177736476057063555e+03
7.172935222967601476e+03
7.168149779926175142e+03
7.163393090380747708e+03
7.158671154688241586e+03
7.154002983186777783e+03
7.149367927572948247e+03
7.144732986515869925e+03
7.140112462284565481e+03
7.135474618622742128e+03
7.130792244983670571e+03
7.126181862499870476e+03
7.121555185580512443e+03
7.116985419221439770e+03
7.112522761032243579e+03
7.108105312886546017e+03
7.103692264001610056e+03
7.099214289405402269e+03
7.094729674976722890e+03
7.090250239663273533e+03
7.085873673039625828e+03
7.081551388644277722e+03
7.077258607321917225e+03
7.073006562371952896e+03
7.068788627606920272e+03
7.064592527569094273e+03
7.060369299446821060e+03
7.056213130917560193e+03
7.052095563335102270e+03
7.048015578166357955e+03
7.043982460597615500e+03
7.040017911768550221e+03
7.036137997259793337e+03
7.032305216843519702e+03
7.028557597643076406e+03
7.024872014382338421e+03
7.021257816998564522e+03
7.017647543606130057e+03
7.014094024769534371e+03
7.010579701119430865e+03
7.007109167901699038e+03
7.003717115942326927e+03
7.000407675648729310e+03
6.997261421977867030e+03
6.994126694290338492e+03
6.990992781922766881e+03
6.987861053189682934e+03
6.984828095012609992e+03
6.981830824866704461e+03
6.978856255893644629e+03
6.975921157467590092e+03
6.972958962943803272e+03
6.970013652375713718e+03
6.967168759740713540e+03
6.964474668027115513e+03
6.961886993220942713e+03
6.959383881457873940e+03
6.956927930243393348e+03
6.954463099260598938e+03
6.952068503402479109e+03
6.949758192802921258e+03
6.947535430785192148e+03
6.945361199518386456e+03
6.943178547992854874e+03
6.941085249381184440e+03
6.939025815129713919e+03
6.936925847051461460e+03
6.934830966526496013e+03
6.932767891321400384e+03
6.930699038219328941e+03
6.928651869022392020e+03
6.926591729143538032e+03
6.924509364095492856e+03
6.922405171569097547e+03
6.920303757543440952e+03
6.918235135212848036e+03
6.916221024631306136e+03
6.914258090982985777e+03
6.912331156203703358e+03
6.910458771509709550e+03
6.908589528788702410e+03
6.906766961687034382e+03
6.904930017780498019e+03
6.903143302202220184e+03
6.901375503852777911e+03
6.899604411837386579e+03
6.897797280678768402e+03
6.895959432174096946e+03
6.894106422274131546e+03
6.892224494945985498e+03
6.890384197890245559e+03
6.888545039565015031e+03
6.886651435377560119e+03
6.884718656009112237e+03
6.882865569945724928e+03
6.880991860276586522e+03
6.879074621959402066e+03
6.877117378223399101e+03
6.875166795390701736e+03
6.873207888862625623e+03
6.871198098911434499e+03
6.869084546932714147e+03
6.866895309199824624e+03
6.864695620609032630e+03
6.862500476906057884e+03
6.860305572228866367e+03
6.858080175535043963e+03
6.855865835723889177e+03
6.853596245638887922e+03
6.851313833405687546e+03
6.849033324189314953e+03
6.846679171683033928e+03
6.844270418519666237e+03
6.841801390536298641e+03
6.839276783356974192e+03
6.836696488505778689e+03
6.834108446564232509e+03
6.831498135575850029e+03
6.828865533536207295e+03
6.826189460863853128e+03
6.823417228534940477e+03
6.820616313656979401e+03
6.817769591445160586e+03
6.814863013550064352e+03
6.811920337411679611e+03
6.808961848412087420e+03
6.805997417297729953e+03
6.802957905536863109e+03
6.799841141522018916e+03
6.796674745631365113e+03
6.793454678927510940e+03
6.790193068629459049e+03
6.787014457596093962e+03
6.783830858874880505e+03
6.780596303511158112e+03
6.777316587827723197e+03
6.773994856484283446e+03
6.770658249263516154e+03
6.767288300006547615e+03
6.763936732966059935e+03
6.760573320098850672e+03
6.757157586313745924e+03
6.753728990441652968e+03
6.750309075416990709e+03
6.746897564906100342e+03
6.743492626729723270e+03
6.740051952692801933e+03
6.736593413697202777e+03
6.733131433161248424e+03
6.729709672801064698e+03
6.726298630679059897e+03
6.722867189883220817e+03
6.719418654533261360e+03
6.715995371279199389e+03
6.712594744326012005e+03
6.709242045596126445e+03
6.705923159957315875e+03
6.702619621326291963e+03
6.699352182442949925e+03
6.696116842304222700e+03
6.692960094632771870e+03
6.689888601819757241e+03
6.686855106154807800e+03
6.683848621612322859e+03
6.680885375122130426e+03
6.677972243776482173e+03
6.675093503753664663e+03
6.672275668376665635e+03
6.669518387081296169e+03
6.666809529359176850e+03
6.664146445150274303e+03
6.661538768041094045e+03
6.658975725799727115e+03
6.656446508060698761e+03
6.653958271944765329e+03
6.651525174123353281e+03
6.649139603919742513e+03
6.646819603568418643e+03
6.644547029332365128e+03
6.642298545884289524e+03
