8.145802834169965081e+02
8.175404480719953426e+02
8.204713429702005669e+02
8.233666174850457082e+02
8.263827570562477831e+02
8.295051626634332251e+02
8.325695814999007780e+02
8.355678206476420655e+02
8.384916477522781406e+02
8.413329189885131427e+02
8.440837019761155489e+02
8.467363894109013245e+02
8.494633133350644130e+02
8.521747453448293754e+02
8.547675107680109932e+02
8.572357747193717614e+02
8.595743702775769179e+02
8.617788088117047209e+02
8.638452694177228750e+02
8.657705696220677964e+02
8.675521204256359624e+02
8.705575264559535071e+02
8.735474447175530486e+02
8.763803410129482927e+02
8.790515496297921345e+02
8.815572642298907340e+02
8.838946431646761539e+02
8.860901728401244100e+02
8.882520665573601946e+02
8.903266300856379303e+02
8.922322496590528544e+02
8.939715958205987363e+02
8.955485046091491768e+02
8.970266866458922550e+02
8.986405766303864766e+02
9.001094029368236988e+02
9.014405694401448272e+02
9.026423268029648170e+02
9.037236835357989548e+02
9.046943101565123015e+02
9.055644377779038905e+02
9.063447520196226606e+02
9.070462827066701266e+02
9.076802894236295742e+02
9.082581426806949594e+02
9.087979044246001195e+02
9.093096590301508968e+02
9.098104899786237638e+02
9.103022577877691219e+02
9.108041005568741184e+02
9.113130369412552909e+02
9.118374476231454082e+02
9.123846921018541707e+02
9.130189232208244903e+02
9.138455887462146165e+02
9.147092572929151402e+02
9.156115572336286732e+02
9.166828766621430304e+02
9.178388593670075579e+02
9.190281304584299278e+02
9.202455121832136911e+02
9.214842747533741658e+02
9.227362779031604987e+02
9.239921660339916798e+02
9.253043189424904540e+02
9.266235332855081879e+02
9.280550567079571920e+02
9.294858742497413004e+02
9.308652233937192477e+02
9.321827870528919675e+02
9.334294203384861248e+02
9.345974820159915453e+02
9.356811098273376501e+02
9.366764223744754645e+02
9.375820104626736793e+02
9.388544361734827817e+02
9.401156105849969435e+02
9.412915950451332492e+02
9.423871431750645797e+02
9.446198067470875230e+02
9.475498779828772058e+02
9.526616540029473299e+02
9.576952233347110450e+02
9.626427124033903056e+02
9.675209864427231423e+02
9.723056071779855074e+02
9.769886080381111242e+02
9.816762082496494486e+02
9.868103266605909312e+02
9.918871113862405764e+02
9.968644281220990706e+02
1.001786503206136786e+03
1.006651219931546848e+03
1.011432003317846011e+03
1.016442980028728925e+03
1.021964740358730069e+03
1.027419226299602087e+03
1.032810139864337998e+03
1.038140215671548503e+03
1.043416771413159495e+03
1.048641192950366531e+03
1.053805357712424211e+03
1.058906628508258791e+03
1.063940966208726650e+03
1.068903024507077362e+03
1.073786292049419444e+03
1.078583272311464043e+03
1.083285690723484549e+03
1.087884718251338199e+03
1.092465128184326659e+03
1.096984909837905207e+03
1.101376149872914539e+03
1.105639143399907198e+03
1.109765897605614555e+03
1.113774796094050771e+03
1.117727829970761604e+03
1.122246033730147929e+03
1.126659281503761122e+03
1.131249122079065955e+03
1.135665374985610470e+03
1.139946136549687935e+03
1.144024868081987734e+03
1.147897565835956357e+03
1.151882786150186803e+03
1.156264716804679892e+03
1.160430082098187086e+03
1.164375145508199694e+03
1.168096457170194299e+03
1.171590734896524737e+03
1.174854742757657277e+03
1.177885174315106724e+03
1.180678547867280486e+03
1.183231120989116562e+03
1.185538831162001316e+03
1.187597268369250060e+03
1.189401684168662541e+03
1.190947039973398205e+03
1.192228095138621256e+03
1.193239533064613170e+03
1.193976121023743872e+03
1.194432896964786323e+03
1.194605374328885318e+03
1.194621761390913434e+03
1.194355039267214579e+03
1.193830599863164935e+03
1.193356066931628902e+03
1.192607492310565021e+03
1.191573845415701498e+03
1.190251149432806415e+03
1.188643959193749652e+03
1.186758250299809788e+03
1.184601292819430228e+03
1.182754458920326442e+03
1.182289552346250275e+03
1.181569499829990946e+03
1.180596319057696746e+03
1.179373473798242230e+03
1.177906105163027860e+03
1.176201195577730914e+03
1.174267654563031101e+03
1.172378106785518185e+03
1.171072937774317779e+03
1.169574188311347825e+03
1.168053419582759034e+03
1.166404501508518479e+03
1.164606156084031682e+03
1.162793767220402287e+03
1.160879966863079517e+03
1.158866274708775109e+03
1.156768673155229408e+03
1.154936893055588371e+03
1.153579283983461892e+03
1.152502697208364225e+03
1.151397768689335862e+03
1.150260062270018807e+03
1.149093240687549041e+03
1.147898899326885839e+03
1.146676564226377423e+03
1.145423736927422624e+03
1.144135984789436861e+03
1.142807074753454344e+03
1.141429147896009454e+03
1.139992931413976976e+03
1.138487983883618654e+03
1.136902968730779321e+03
1.135643567027917015e+03
1.134704377509867982e+03
1.133645397973396257e+03
1.132452682101636583e+03
1.131113159771904520e+03
1.129614997554898082e+03
1.127947915114433044e+03
1.126103445375961201e+03
1.124075127967964363e+03
1.121988338187638419e+03
1.120342864677687885e+03
1.118504722893896542e+03
1.116474013666721703e+03
1.114365639764695743e+03
1.113649577914235579e+03
1.112746253343758781e+03
1.111988272866447687e+03
1.111873965727955010e+03
1.112453497035412056e+03
1.113068147667640460e+03
1.114779907214746572e+03
1.116786693300386787e+03
1.118733731208456902e+03
1.120541172956950049e+03
1.122152894429071921e+03
1.123570520871892768e+03
1.124923561293953298e+03
1.126316221521959051e+03
1.127683090430070706e+03
1.129271397777908987e+03
1.130703199041976632e+03
1.132119410857092589e+03
1.133443218112172872e+03
1.134987593922002816e+03
1.136400296509524424e+03
1.137689180375093656e+03
1.139133557756289520e+03
1.141001085181304688e+03
1.142818153606161331e+03
1.144533279928415823e+03
1.146149249427244740e+03
1.147667963089507339e+03
1.149090473650120884e+03
1.150417047951219956e+03
1.151648264258573363e+03
1.152794833524814294e+03
1.153915418369327426e+03
1.155258727098416784e+03
1.156517120051170423e+03
1.157668623551360497e+03
1.158710135551547864e+03
1.159671354985415519e+03
1.161082630095395871e+03
1.162373480901073890e+03
1.163632973170818786e+03
1.165396029043106410e+03
1.167077406432053749e+03
1.168630606912999383e+03
1.170045541530746959e+03
1.172143502004061475e+03
1.174092082325821139e+03
1.176385613934722642e+03
1.178571463626036802e+03
1.180691682862361404e+03
1.182716110476935455e+03
1.184563213595105481e+03
1.186229822741304815e+03
1.187719220115185180e+03
1.189031578940311647e+03
1.190159745869016660e+03
1.191104506499711079e+03
1.191867648037496565e+03
1.192451924781415983e+03
1.192861003259042263e+03
1.193099387278872200e+03
1.193172323582352192e+03
1.193085689225825035e+03
1.192845862299462169e+03
1.192459578082964526e+03
1.191933773230288807e+03
1.191275421048384942e+03
1.190491361365962803e+03
1.190256117974998006e+03
1.190353899305447158e+03
1.191408103438679518e+03
1.192378650660541552e+03
1.193235654708912080e+03
1.193977586301562951e+03
1.194620738414317202e+03
1.195205301237203685e+03
1.195920832639136052e+03
1.197004341417738033e+03
1.197959659514500800e+03
1.198929285555993374e+03
1.199844827837044249e+03
1.200947763667405980e+03
1.201984599414332479e+03
1.203038703616800376e+03
1.203973077973297222e+03
1.205267497338513749e+03
1.206422461426612927e+03
1.207475241189278677e+03
1.208379592537043209e+03
1.209122175508322925e+03
1.209692595762796145e+03
1.210090375366264652e+03
1.210315662452128208e+03
1.210710226120236712e+03
1.211196871858383020e+03
1.211512389115179303e+03
1.211657362440384304e+03
1.212073234341793977e+03
1.212459548647705560e+03
1.212921205732109456e+03
1.214160887072416017e+03
1.215487735970272297e+03
1.216638088020727764e+03
1.217698223150500326e+03
1.218886440421383213e+03
1.220050766068041867e+03
1.221169521007264393e+03
1.222117126300607197e+03
1.222944402143567913e+03
1.223580029264549921e+03
1.224024091643489101e+03
1.224277410355497977e+03
1.224341509830166615e+03
1.224218563266608726e+03
1.223911319503067716e+03
1.223660222155437395e+03
1.223661523283808492e+03
1.223487159473990687e+03
1.223139706373787249e+03
1.222621914689412733e+03
1.221936642827762626e+03
1.221086786396250773e+03
1.220075205728638139e+03
1.218904652620265097e+03
1.217577697502737919e+03
1.216096658366579049e+03
1.214463532845343707e+03
1.212679934995959229e+03
1.210747038432489717e+03
1.208665527575448323e+03
1.206435558844878869e+03
1.204056733630217423e+03
1.201890275377865464e+03
1.199688388828703637e+03
1.197331453874723820e+03
1.194816022831282453e+03
1.192138270547025058e+03
1.189294090962958308e+03
1.186290492055283721e+03
1.183250175722758286e+03
1.180034069161428533e+03
1.176656174740055121e+03
1.173090967129463479e+03
1.169535907005892795e+03
1.165905594929470681e+03
1.162079017264780077e+03
1.158359930813543997e+03
1.154850335321863895e+03
1.151139206699819624e+03
1.147235806294840586e+03
1.143133937392118924e+03
1.138831189762172016e+03
1.134329808790009338e+03
1.129632975175984484e+03
1.124744711851539705e+03
1.120881382247872352e+03
1.117138792748643482e+03
1.113210654947811008e+03
1.109098131262393963e+03
1.104803332820913965e+03
1.100332209801858426e+03
1.095786395874881464e+03
1.091161053789681773e+03
1.086382217614100455e+03
1.081447401802094646e+03
1.076364837243287184e+03
1.071143521343456996e+03
1.065798200911382992e+03
1.060342138722042364e+03
1.054777011574504286e+03
1.049112864598946771e+03
1.043595792654581828e+03
1.038264115615117362e+03
1.033461107713903402e+03
1.029090147119391304e+03
1.024768200492153028e+03
1.020388421223821183e+03
1.015952440577073276e+03
1.011451426063018289e+03
1.006885339368111772e+03
1.002474944470922082e+03
9.979895056839652625e+02
9.934236423552199540e+02
9.887712868967097393e+02
9.846603887747596673e+02
9.810202547134084625e+02
9.772673596670616689e+02
9.733913959443557360e+02
9.693829147641329200e+02
9.652337069400653036e+02
9.609542770145167196e+02
9.569320529564279241e+02
9.527541705628852924e+02
9.484193482980654153e+02
9.439988884197148309e+02
9.395026277953354565e+02
9.351231778410333391e+02
9.308448076877405128e+02
9.264330339710231783e+02
9.225850854116124538e+02
9.207119414273396387e+02
9.187706453716795068e+02
9.167486544034190956e+02
9.146125128871378820e+02
9.123987577364077879e+02
9.100785597417052486e+02
9.076569276526087151e+02
9.051407908048065565e+02
9.025383286808414596e+02
9.000199277032393184e+02
8.976070949307954834e+02
8.951373473373805609e+02
8.926212491621723757e+02
8.900693699885957813e+02
8.875517221016875737e+02
8.856992237925784366e+02
8.838451739085589907e+02
8.820020059129237779e+02
8.801663516687517586e+02
8.783363572163015078e+02
8.765137216521828805e+02
8.746984978790002287e+02
8.728891096460702101e+02
8.710824206495843782e+02
8.692738511516454309e+02
8.674575358289467886e+02
8.656383865093916938e+02
8.637984278660630935e+02
8.619274445617149922e+02
8.600165456855122557e+02
8.580566667335172042e+02
8.560896979442595693e+02
8.542327032643769371e+02
8.523002815106207208e+02
8.504585593361308611e+02
8.485476613001260375e+02
8.465391014835909118e+02
8.444269991789615233e+02
8.422343928617565325e+02
8.400380589104408955e+02
8.384316059182177696e+02
8.375234667562797313e+02
8.364861051578261595e+02
8.353129402294709962e+02
8.339986030348179611e+02
8.326201739515286135e+02
8.311629068018623911e+02
8.295687747098453428e+02
8.278262484300521464e+02
8.259373449487718517e+02
8.239055450728744745e+02
8.217356662711929403e+02
8.197874495193126450e+02
8.177502275049434957e+02
8.155942851067301262e+02
8.136788729315205728e+02
8.124132410321134330e+02
8.111740946625425295e+02
8.100905627600200205e+02
8.089414545214717691e+02
8.077049445717121898e+02
8.063849736471663618e+02
8.049853568576841099e+02
8.035097629653985223e+02
8.019616982129589360e+02
8.003564856229072575e+02
7.986869180098963170e+02
7.969543048566108610e+02
7.952095605018573679e+02
7.936031211139961670e+02
7.919472438931322813e+02
7.904372103045840277e+02
7.888744206654173468e+02
7.872599711385291812e+02
7.855947444144815108e+02
7.838794169126905445e+02
7.821271987959833041e+02
7.803268083227256966e+02
7.784772041178998734e+02
7.765783404066088451e+02
7.746300245905877091e+02
7.726399899261109567e+02
7.706046308927174096e+02
7.685185357127554653e+02
7.665713233907557651e+02
7.649529308517276149e+02
7.632825179617393587e+02
7.615561141707131583e+02
7.597720281528297619e+02
7.579287090843852184e+02
7.560247908675937651e+02
7.540591293103136650e+02
7.520308313790094417e+02
7.499392759235544190e+02
7.477841255667503901e+02
7.455653297470048528e+02
7.432831191881496125e+02
7.409379923356784730e+02
7.385306945346078464e+02
7.362767690395544378e+02
7.342695217173660467e+02
7.322020344928637314e+02
7.300747242356721927e+02
7.278881673725937844e+02
7.256432429811329712e+02
7.233540849134942619e+02
7.210082788363272357e+02
7.186069401500722051e+02
7.161512835092423757e+02
7.136426056758896266e+02
7.110822674339291325e+02
7.084716749223357510e+02
7.058142857335476492e+02
7.031209980324817934e+02
7.003817600081691808e+02
6.975979747781493643e+02
6.947710017146794144e+02
6.919021419825307930e+02
6.889926259433641462e+02
6.860436026801469325e+02
6.830561318484528783e+02
6.800386026840624254e+02
6.770045146152957614e+02
6.739345800577239061e+02
6.708294720777080329e+02
6.676897718150478340e+02
6.645159754547124749e+02
6.613085033489867328e+02
6.582742651729388399e+02
6.552261821396353980e+02
6.521451339845489201e+02
6.490309453514096276e+02
6.458836642075716554e+02
6.427033671597249622e+02
6.394992848973215587e+02
6.362669933831948583e+02
6.330022790076815227e+02
6.297055158416858376e+02
6.263771883012803983e+02
6.230179006372984531e+02
6.196283834581244037e+02
6.162094971282168672e+02
6.127622319610943578e+02
6.092877052035069028e+02
6.057871548854913044e+02
6.022636482342597901e+02
5.987524526949786150e+02
5.953038837514257011e+02
5.919769554510191938e+02
5.888273279789616481e+02
5.857912465627398433e+02
5.827384255897859475e+02
5.796698616049144448e+02
5.765865899491755044e+02
5.734999725615323314e+02
5.704039456083978621e+02
5.672965390421894654e+02
5.641820110579537868e+02
5.610687098767900807e+02
5.579476333041011458e+02
5.548200265414502610e+02
5.516871492184582166e+02
5.485502710552029839e+02
5.454106677339049156e+02
5.422724416500766438e+02
5.391441300971628152e+02
5.360206607778474108e+02
5.329091409153220411e+02
5.298012511590158056e+02
5.266982420150658299e+02
5.236013537224328047e+02
5.205118155634145296e+02
5.174308452223141330e+02
5.143596479859281771e+02
5.112994155631179183e+02
5.083709497041279519e+02
5.055671031681146133e+02
5.027773096710408822e+02
5.000024403207173123e+02
4.972497531835366544e+02
4.945336555188206376e+02
4.918434575394514923e+02
4.891785215498649109e+02
4.865325837488132379e+02
4.839104866919914230e+02
4.813166956665754128e+02
4.787439230118734486e+02
4.764296411434022502e+02
4.744701870291443129e+02
4.725527859537561426e+02
4.706553430281758779e+02
4.687776918611992869e+02
4.669305171313863525e+02
4.651009302219354140e+02
4.632885823664833538e+02
4.615248876586312008e+02
4.597843836421168362e+02
4.580593655765973722e+02
4.563496100255895271e+02
4.546550285221543959e+02
4.530359132937886102e+02
4.514350638713237913e+02
4.498498579324402726e+02
4.482806762435196788e+02
4.467279932754159972e+02
4.451923591276874390e+02
4.436743792734413319e+02
4.421746927164982708e+02
4.406939491632061845e+02
4.392341798338838998e+02
4.378064404341439513e+02
4.363994275588143523e+02
4.352392788245094266e+02
4.343054456659355651e+02
4.334717128941474584e+02
4.326684109649879701e+02
4.318936435376878080e+02
4.311460289240368411e+02
4.304234761193994814e+02
4.297250133292187684e+02
4.290522765489656649e+02
4.283985236796637537e+02
4.277592104951911551e+02
4.271395661730896336e+02
4.265484532298188469e+02
4.259734580487854601e+02
4.254087250921206191e+02
4.248532153462517726e+02
4.243059051989329191e+02
4.237657909758618189e+02
4.232318921245013712e+02
4.227032530744925225e+02
4.221789438405618284e+02
4.216580594653833032e+02
4.211397184259475921e+02
4.206230601474131845e+02
4.201072417831057919e+02
4.195914344284854565e+02
4.190748189408000712e+02
4.185565815352377967e+02
4.180359093232121950e+02
4.175119859495252967e+02
4.170113165038737861e+02
4.166468333430689768e+02
4.162764302116049748e+02
4.159071865567456143e+02
4.155383752937528925e+02
4.151697512476307566e+02
4.147911319704550124e+02
4.144014818033680285e+02
4.139997645508524329e+02
4.135849475473570465e+02
4.131560061119387228e+02
4.127316127105203236e+02
4.122986566444363916e+02
4.118486021777305268e+02
4.113805084159776584e+02
4.108934682350877097e+02
4.103866136757766867e+02
4.098591212730332245e+02
4.093102172672287224e+02
4.087606080808112665e+02
4.081941868244787202e+02
4.076114800002663401e+02
4.070237007197258663e+02
4.064115640554485367e+02
4.057798055811460927e+02
4.051310733707661029e+02
4.044571019073600837e+02
4.037577640788970257e+02
4.030330199021252042e+02
4.022952732893223811e+02
4.015409414690706171e+02
4.008750878884707163e+02
4.002232328157228380e+02
3.995469106500573844e+02
3.988465063078468802e+02
3.981225019239528820e+02
3.973754776870461001e+02
3.966061118091548678e+02
3.958151795425825412e+02
3.950035511625366667e+02
3.941721888415364674e+02
3.933221423521356996e+02
3.924545435478829063e+02
3.915705995888027928e+02
3.906853891381984454e+02
3.897865067430711861e+02
3.888752677552121213e+02
3.879530886806505805e+02
3.870214089730752676e+02
3.860816773085589375e+02
3.851353370673655832e+02
3.841838112143478838e+02
3.832284868030007488e+02
3.822799779499086981e+02
3.813348401807464256e+02
3.803896961725773735e+02
3.794456374147877114e+02
3.785207370288953257e+02
3.776091360359484952e+02
3.767011991866319249e+02
3.758084787013609684e+02
3.749293726653500585e+02
3.740632769543435074e+02
3.732109517483391983e+02
3.723788270053955216e+02
3.715587460038274799e+02
3.707541573406958832e+02
3.699541260544727947e+02
3.691582282209867003e+02
3.683669651882792095e+02
3.675927513746560180e+02
3.668329130410911603e+02
3.660839767238251738e+02
3.653411927337295992e+02
3.646105165197533324e+02
3.638948017283225909e+02
3.631864305932034540e+02
3.624844959620173199e+02
3.617824915255084761e+02
3.610821269849174655e+02
3.604039329452107268e+02
3.597431205806733487e+02
3.590836875068474683e+02
3.584264348102086046e+02
3.577723309381938179e+02
3.571224994086886682e+02
3.564782019713039745e+02
3.558408176284307274e+02
3.555604847381396212e+02
3.555484936352156637e+02
3.555557685055625825e+02
3.555888361353954110e+02
3.556320265092705881e+02
3.556858663463503376e+02
3.557509954223748423e+02
3.558358098856866718e+02
3.559396656473697931e+02
3.560573923336204416e+02
3.562051363793078167e+02
3.563810919773626438e+02
3.566502354446143954e+02
3.572167043427294857e+02
3.578088835392954365e+02
3.584274077470399789e+02
3.590713197565173687e+02
3.597437953852760870e+02
3.604378878695788444e+02
3.611653012154862950e+02
3.619138012857717968e+02
3.626834035447675433e+02
3.634739805406450159e+02
3.643276682580458328e+02
3.652041589372376507e+02
3.661002819630484737e+02
3.670152624982279121e+02
3.679481673032424283e+02
3.688979118185368407e+02
3.698632703713622050e+02
3.708428891953199695e+02
3.718353018594219179e+02
3.728389466265340388e+02
3.738521852010663906e+02
3.748733222846203716e+02
3.759006253373855202e+02
3.769323439430976350e+02
3.779725465103604733e+02
3.790216948835935113e+02
3.800927592272045104e+02
3.811790451684707932e+02
3.822613148504004243e+02
3.833380321061811173e+02
3.844077259048929136e+02
3.854783793805808614e+02
3.865513338569917892e+02
3.876684199542783062e+02
3.887755142718281149e+02
3.901722624776848534e+02
3.917580258436389613e+02
3.933308830784000065e+02
3.951167777728126680e+02
3.969284216119303892e+02
3.987311065380638411e+02
4.005141695324844591e+02
4.022769231297368151e+02
4.040139357110839455e+02
4.057289992139103560e+02
4.075156572742316712e+02
4.092951704676680151e+02
4.110400681528538485e+02
4.127495351730286757e+02
4.144238472598714793e+02
4.160746043957500433e+02
4.176886907553916899e+02
4.192660595223538849e+02
4.208103855239987752e+02
4.223285575316668883e+02
4.238107396323040348e+02
4.252683624436520518e+02
4.267076612185407498e+02
4.281125514208910090e+02
4.294836400652355906e+02
4.308314058104012929e+02
4.321507628227407736e+02
4.334511600124913002e+02
4.347199502886798541e+02
4.359666549715249744e+02
4.371861920549150113e+02
4.383749313090027044e+02
4.395328885512932402e+02
4.406599306765546089e+02
4.417557661615284132e+02
4.428199382230708352e+02
4.438518208077359759e+02
4.448624272043455221e+02
4.458409824204309189e+02
4.467843622778059398e+02
4.476912873557078569e+02
4.485603375629940501e+02
4.493899687391250950e+02
4.501785331837755848e+02
4.509243041742695368e+02
4.516255044720829801e+02
4.522803387466819913e+02
4.528870297562007181e+02
4.534438580197528381e+02
4.539492045959730149e+02
4.544015964478916771e+02
4.547997537275572313e+02
4.551426381578630753e+02
4.554330169281932399e+02
4.556771567735262920e+02
4.558648380325871585e+02
4.559964576365567837e+02
4.560728725475041756e+02
4.560954287786137797e+02
4.560659817153378981e+02
4.560030982237888111e+02
4.559025389791937073e+02
4.557662942071498264e+02
4.555948473107541759e+02
4.553899655924848275e+02
4.551663683626579200e+02
4.549171772963377407e+02
4.546475179217817413e+02
4.543754181304810800e+02
4.540942197991178659e+02
4.539264653893656600e+02
4.541469088524027029e+02
4.543698851231316667e+02
4.545980601527821818e+02
4.548334615652747743e+02
4.550773985033389977e+02
4.553345729580491366e+02
4.556103483519889892e+02
4.558937815436995606e+02
4.561829492974892446e+02
4.564751797946485112e+02
4.567671463774794347e+02
4.573395743285079789e+02
4.580362924638842514e+02
4.587276706322664950e+02
4.594001556564788302e+02
4.600490603307525816e+02
4.606702465906712973e+02
4.612603476936421885e+02
4.621354180111320602e+02
4.630190097850718871e+02
4.638666730524716968e+02
4.646839444240679313e+02
4.656050410290618515e+02
4.665039268803703862e+02
4.673867336879477534e+02
4.682578638263574362e+02
4.691134989099971335e+02
4.719532429486918090e+02
4.748931808257807461e+02
4.778176801010664576e+02
4.807310527656876502e+02
4.836312863061687040e+02
4.865109826720510000e+02
4.893703970767636520e+02
4.922113230065072571e+02
4.951569258778325775e+02
4.981463406187033911e+02
5.011270756409459182e+02
5.041041620951917821e+02
5.070831528815682532e+02
5.100698819507551320e+02
5.130775954876894502e+02
5.161108346293560771e+02
5.191684916473670910e+02
5.222550681109465813e+02
5.253871215459980704e+02
5.285549783108833708e+02
5.317729937665146736e+02
5.350281102707890568e+02
5.383244896676258122e+02
5.416713906048902345e+02
5.450571936562678275e+02
5.484819414241030699e+02
5.519287317719445127e+02
5.553976283373618799e+02
5.588825578459952794e+02
5.623702147850468691e+02
5.658532348244696095e+02
5.693240282430735988e+02
5.727749144116016851e+02
5.762115923255709049e+02
5.796134530996617968e+02
5.829730075864946457e+02
5.862833349199195254e+02
5.895379179685494364e+02
5.927801550436028037e+02
5.959839234496253084e+02
5.993651218819371707e+02
6.026991906471462244e+02
6.059518806693574788e+02
6.091195788199111121e+02
6.121992715776534624e+02
6.151885428634709569e+02
6.180855659352700968e+02
6.208890901326035419e+02
6.235984231504060062e+02
6.263453917401468516e+02
6.292203463693012964e+02
6.320013724630127854e+02
6.346892214028553099e+02
6.372851039489208915e+02
6.397906698488066013e+02
6.422176976487246520e+02
6.445626368904738683e+02
6.468432861652356678e+02
6.490967029641265071e+02
6.512736291422900194e+02
6.533776804710971646e+02
6.554126581176358286e+02
6.573917824818299778e+02
6.594298230327026431e+02
6.617658872284391691e+02
6.640483608044249877e+02
6.662797826679582158e+02
6.684631683821266961e+02
6.706020363449897559e+02
6.727111454904347738e+02
6.750093069056105151e+02
6.774107441200033008e+02
6.797760593041427910e+02
6.821066570920736467e+02
6.844037470813896107e+02
6.866738872259788877e+02
6.889204883607073953e+02
6.911361298175654611e+02
6.933213489809917291e+02
6.954879579446092066e+02
6.976311288594802136e+02
6.997721339537316680e+02
7.018922557641916455e+02
7.039833638189267049e+02
7.060456984249433390e+02
7.080795632043506203e+02
7.100853574768393628e+02
7.120636060422521041e+02
7.141602948965376072e+02
7.164680762398620573e+02
7.187499855833978017e+02
7.210066400594164406e+02
7.232482784473172615e+02
7.254707031663347152e+02
7.276783016818633314e+02
7.298718388576593270e+02
7.320468498707027720e+02
7.342053295226141927e+02
7.363494168307504424e+02
7.388616599048693843e+02
7.418953919364366811e+02
7.449179016066062786e+02
7.479290047141689683e+02
7.509286466291666784e+02
7.539281615257684734e+02
7.569969861682118335e+02
7.600552057591701214e+02
7.631034747136849319e+02
7.661595149535337441e+02
7.692164310269577072e+02
7.722663749468623564e+02
7.753105392699312688e+02
7.783501161284048067e+02
7.813862224504343885e+02
7.844198185530137835e+02
7.874516228663402444e+02
7.904820257644146295e+02
7.935110055915697558e+02
7.965380499849834450e+02
7.995620854983758363e+02
8.025814183335078269e+02
8.055936886876032759e+02
8.085958408322271680e+02
8.115966268187924015e+02
8.145802834169960533e+02
