6.763093182150794892e+05
6.763769927063821815e+05
6.764380683307262370e+05
6.764923237115925876e+05
6.765399688916268060e+05
6.765810585250614677e+05
6.766158614306946984e+05
6.766448135694122175e+05
6.766679101352484431e+05
6.766853369379296200e+05
6.766969669845043682e+05
6.767028284001556458e+05
6.767035034908015514e+05
6.766990292505980469e+05
6.766890602070692694e+05
6.766739378856004914e+05
6.766540622958670137e+05
6.766290100978765404e+05
6.765991118623201037e+05
6.765643481112532318e+05
6.765245107384027215e+05
6.764798742515980266e+05
6.764305137516342802e+05
6.763767701546357712e+05
6.763185420431483071e+05
6.762564338637937326e+05
6.761905417720028199e+05
6.761203431206968380e+05
6.760458787058591843e+05
6.759674872562777018e+05
6.758854575296269031e+05
6.757994461148857372e+05
6.757098040872160345e+05
6.756162710778964683e+05
6.755187081906221574e+05
6.754175505949261133e+05
6.753139667620827677e+05
6.752073130312812282e+05
6.750975477439294336e+05
6.749852906699927989e+05
6.748701395083859097e+05
6.747526375021967106e+05
6.746332128757308237e+05
6.745114573243665509e+05
6.743873235414860537e+05
6.742610165870812489e+05
6.741328419488032814e+05
6.740025860572914826e+05
6.738703790501273470e+05
6.737363577960093971e+05
6.736012948013574351e+05
6.734655134466865566e+05
6.733286558140784036e+05
6.731907509792807978e+05
6.730517650320705725e+05
6.729121999177456601e+05
6.727726072989673121e+05
6.726321892936710501e+05
6.724910638038679026e+05
6.723497051013737218e+05
6.722085729090275709e+05
6.720674947983517777e+05
6.719264811825409997e+05
6.717854076119632227e+05
6.716447166144214571e+05
6.715037823573221685e+05
6.713626979249530705e+05
6.712217072977242060e+05
6.710805168498913990e+05
6.709397472848085454e+05
6.707993257958674803e+05
6.706595999377779663e+05
6.705208438114564633e+05
6.703834193558732513e+05
6.702475859764280031e+05
6.701123377274537925e+05
6.699781874216480646e+05
6.698445026531057665e+05
6.697112320771563100e+05
6.695787595712448237e+05
6.694468259199587628e+05
6.693162169424844906e+05
6.691865991767324740e+05
6.690583592503828695e+05
6.689312788588206749e+05
6.688052658018228831e+05
6.686804195800975431e+05
6.685567553077221382e+05
6.684339762543949764e+05
6.683113298038926441e+05
6.681898164477609098e+05
6.680692183153444203e+05
6.679487694738926366e+05
6.678293138985304395e+05
6.677112158470165450e+05
6.675949629798003007e+05
6.674803571009930456e+05
6.673669457939637359e+05
6.672553396232812665e+05
6.671448736393894069e+05
6.670356172217442654e+05
6.669274679957658518e+05
6.668196820850120857e+05
6.667131172326108208e+05
6.666077607218459016e+05
6.665025826592597878e+05
6.663987305058866041e+05
6.662957199224865763e+05
6.661934601641474292e+05
6.660922466175251175e+05
6.659916903854473494e+05
6.658925963330845116e+05
6.657939481061757542e+05
6.656960034330454655e+05
6.655983696679907152e+05
6.655016173243167577e+05
6.654053283887641737e+05
6.653093096133220242e+05
6.652135770862813806e+05
6.651193014184708009e+05
6.650262879106884357e+05
6.649343395631908206e+05
6.648436500535376836e+05
6.647539373793505365e+05
6.646653233599145897e+05
6.645773042591430712e+05
6.644902454414996319e+05
6.644041187817205209e+05
6.643187002863627858e+05
6.642343418050769251e+05
6.641508590755555779e+05
6.640685293858599616e+05
6.639871110111456364e+05
6.639065920241611311e+05
6.638265216813873267e+05
6.637472285418510437e+05
6.636687363790983800e+05
6.635921929689561948e+05
6.635158087191598024e+05
6.634403346138001652e+05
6.633655151652678614e+05
6.632918847361658700e+05
6.632194780192790786e+05
6.631476108969348716e+05
6.630756606185536366e+05
6.630043357355847256e+05
6.629342362296861829e+05
6.628648749179141596e+05
6.627955676739580231e+05
6.627267357929699356e+05
6.626592472773753107e+05
6.625929151628072141e+05
6.625267003977529239e+05
6.624616576461121440e+05
6.623970440083547728e+05
6.623326339914252749e+05
6.622679634498662781e+05
6.622027330519222887e+05
6.621372030671649845e+05
6.620718929950902238e+05
6.620079901464288123e+05
6.619448579919802723e+05
6.618826154970237985e+05
6.618213480479216669e+05
6.617611440673471661e+05
6.617017026036577299e+05
6.616429652884331299e+05
6.615840878691893304e+05
6.615254117049430497e+05
6.614676520841645543e+05
6.614105654758773744e+05
6.613536756795203546e+05
6.612973671775150578e+05
6.612405922375674127e+05
6.611850451541534858e+05
6.611298589268354699e+05
6.610748959241956472e+05
6.610202432133159600e+05
6.609656187134338543e+05
6.609108497201959835e+05
6.608558325891710119e+05
6.607996357773522614e+05
6.607433600170233985e+05
6.606855085695984308e+05
6.606263212643160950e+05
6.605672171186021296e+05
6.605071444061191287e+05
6.604455190510349348e+05
6.603825103844160913e+05
6.603183349342031870e+05
6.602520424049111316e+05
6.601847478529213695e+05
6.601166391278262017e+05
6.600469548441049410e+05
6.599734846136029810e+05
6.598972668080047006e+05
6.598192208131508669e+05
6.597390436306816991e+05
6.596563991286049131e+05
6.595700449601770379e+05
6.594809875406651990e+05
6.593897117191979196e+05
6.592949994174177991e+05
6.591971213052570820e+05
6.590964975415982772e+05
6.589924816110773245e+05
6.588852454362197313e+05
6.587740858632050222e+05
6.586590000893884571e+05
6.585397688466957770e+05
6.584159464048889931e+05
6.582884991054526763e+05
6.581563713428013725e+05
6.580195717998848995e+05
6.578784945501041366e+05
6.577319613188821822e+05
6.575801610224269098e+05
6.574239020706425654e+05
6.572626820371987997e+05
6.570967279541298049e+05
6.569264402535412228e+05
6.567511309643608984e+05
6.565701003635748057e+05
6.563833517333837226e+05
6.561910082272922155e+05
6.559943812960786745e+05
6.557924089314669836e+05
6.555844138104134472e+05
6.553708940797687974e+05
6.551507990079780575e+05
6.549249630044721998e+05
6.546920980125707574e+05
6.544528194064490963e+05
6.542057880713331979e+05
6.539508743773680180e+05
6.536883534410911379e+05
6.534191122799174627e+05
6.531424319532196969e+05
6.528583350731300889e+05
6.525668907461367780e+05
6.522688624914907850e+05
6.519629551246914780e+05
6.516477704114525113e+05
6.513247780079533113e+05
6.509916790007700911e+05
6.506497542602941394e+05
6.502987155403830111e+05
6.499377036849114811e+05
6.495677834932572441e+05
6.491894161358790006e+05
6.488013492051074281e+05
6.484058543013136368e+05
6.480004264863425633e+05
6.475857413399321958e+05
6.471609805532160681e+05
6.467274607850575121e+05
6.462843767591097858e+05
6.458319517822065391e+05
6.453705808919895208e+05
6.448998819675768027e+05
6.444213198936772533e+05
6.439343293502500746e+05
6.434387314395228168e+05
6.429349998852008721e+05
6.424232043406212470e+05
6.419033047590836650e+05
6.413755765894820215e+05
6.408409477406895021e+05
6.402986517255044309e+05
6.397488229401579592e+05
6.391911404272678774e+05
6.386260448386695934e+05
6.380551289857339580e+05
6.374773009721692652e+05
6.368919112632755423e+05
6.362995014939935645e+05
6.357006819813289912e+05
6.350950246633923380e+05
6.344819958892930299e+05
6.338608980690132594e+05
6.332331367622099351e+05
6.325994534291898599e+05
6.319595103544972371e+05
6.313139999063357245e+05
6.306621369790229946e+05
6.300035865998836234e+05
6.293383958356144140e+05
6.286683960598341655e+05
6.279945875998750562e+05
6.273157629848622018e+05
6.266311722193841124e+05
6.259411935734626604e+05
6.252463490728217876e+05
6.245446916544261621e+05
6.238375706283475738e+05
6.231258676664573140e+05
6.224087597447341541e+05
6.216865532940963749e+05
6.209604367017367622e+05
6.202296614215394948e+05
6.194941880105722230e+05
6.187544218638956081e+05
6.180096634612183552e+05
6.172600740167215699e+05
6.165057478560905438e+05
6.157468493667928269e+05
6.149827033620413858e+05
6.142152680992885726e+05
6.134433755470962496e+05
6.126682352595783304e+05
6.118896265517054126e+05
6.111072056870472152e+05
6.103214612078358186e+05
6.095322343886664603e+05
6.087390433758650906e+05
6.079420880450863624e+05
6.071416585411875276e+05
6.063385220955061959e+05
6.055327212970978580e+05
6.047247148493700661e+05
6.039150158693059348e+05
6.031027316192092840e+05
6.022884758535488509e+05
6.014723569813788636e+05
6.006530094109949423e+05
5.998307375807407079e+05
5.990047250988106243e+05
5.981767145006887149e+05
5.973466638385748956e+05
5.965145547915401403e+05
5.956805636426974088e+05
5.948436498415879905e+05
5.940035095449516084e+05
5.931606933102956973e+05
5.923155992554662516e+05
5.914683090279374737e+05
5.906177448174256133e+05
5.897649928214417305e+05
5.889108162915967405e+05
5.880532523911463795e+05
5.871943093239474110e+05
5.863342476284375880e+05
5.854719164450307144e+05
5.846066379540815251e+05
5.837392431156449020e+05
5.828700204483298585e+05
5.819976565650657285e+05
5.811214318122249097e+05
5.802417041095698951e+05
5.793591535650023725e+05
5.784733529148416128e+05
5.775848333851289935e+05
5.766941460300188046e+05
5.758002459490664769e+05
5.749043624178013997e+05
5.740066486604779493e+05
5.731070888043597806e+05
5.722047675814089598e+05
5.712987444199802121e+05
5.703896388685733546e+05
5.694785686212263536e+05
5.685648355959516484e+05
5.676476267178246053e+05
5.667282170215283986e+05
5.658066437129843980e+05
5.648813541211574338e+05
5.639532765200157883e+05
5.630207945515343454e+05
5.620844045527012786e+05
5.611446757767924573e+05
5.602024987893641228e+05
5.592564970130046131e+05
5.583061273682425963e+05
5.573520196011991939e+05
5.563940012567527592e+05
5.554318309703938430e+05
5.544672068119635805e+05
5.534986422066183295e+05
5.525255519882257795e+05
5.515494611936236033e+05
5.505689713309287326e+05
5.495853482720307074e+05
5.485977936159910168e+05
5.476060438862250885e+05
5.466101608208946418e+05
5.456093481824303744e+05
5.446033895423047943e+05
5.435928070989809930e+05
5.425781664847823558e+05
5.415601615159281064e+05
5.405367034220768837e+05
5.395080321228860412e+05
5.384746164337624796e+05
5.374370335621107370e+05
5.363943475795361446e+05
5.353466316912899492e+05
5.342950117907049134e+05
5.332389635157932062e+05
5.321780221281993436e+05
5.311126416540900245e+05
5.300424530426003039e+05
5.289670837057897588e+05
5.278859169186386280e+05
5.267984558886337327e+05
5.257070994116676738e+05
5.246116325494582998e+05
5.235116379306877498e+05
5.224066152519993484e+05
5.212975439822189510e+05
5.201847830491645145e+05
5.190683257117173634e+05
5.179468397614426212e+05
5.168193321035256959e+05
5.156854847094403231e+05
5.145461490593478666e+05
5.134021831031382899e+05
5.122524652978847153e+05
5.110971697732728790e+05
5.099362218244035030e+05
5.087698610633883509e+05
5.075998290585618233e+05
5.064246235551890568e+05
5.052446330647425493e+05
5.040587488817838021e+05
5.028678580287962104e+05
5.016713075451491750e+05
5.004684993208111846e+05
4.992609896257679211e+05
4.980485927129366901e+05
4.968308764478242374e+05
4.956074904958399711e+05
4.943797730635943008e+05
4.931481495190805290e+05
4.919113034434467554e+05
4.906697883851964725e+05
4.894235608747373917e+05
4.881726266352836974e+05
4.869165645574587979e+05
4.856555676022736588e+05
4.843889290495509631e+05
4.831169646268516663e+05
4.818376966922027059e+05
4.805532658820187207e+05
4.792646426018005004e+05
4.779692470184211852e+05
4.766668757335303235e+05
4.753601888616004144e+05
4.740486384083470912e+05
4.727318424564584857e+05
4.714105051957470132e+05
4.700846017411723151e+05
4.687544377845153213e+05
4.674204120479071862e+05
4.660825646273944876e+05
4.647395124217020930e+05
4.633910192872733460e+05
4.620382615531496704e+05
4.606812199015155784e+05
4.593202506596926833e+05
4.579545762207013322e+05
4.565846735880679917e+05
4.552095658024892327e+05
4.538295838464220869e+05
4.524433021155747119e+05
4.510528687248540227e+05
4.496572046094299876e+05
4.482564461132264114e+05
4.468496531259818585e+05
4.454385390560893575e+05
4.440231760402012151e+05
4.426040052632674924e+05
4.411795270370377693e+05
4.397499897999814712e+05
4.383159876595971873e+05
4.368780817527744221e+05
4.354353984212143696e+05
4.339881203056669910e+05
4.325372768324571080e+05
4.310816378604776692e+05
4.296204767303251429e+05
4.281544204474555445e+05
4.266850026601040154e+05
4.252100427645814489e+05
4.237304900852885912e+05
4.222471436858203961e+05
4.207587879580525332e+05
4.192668440463249572e+05
4.177709772500335821e+05
4.162690752191541251e+05
4.147617080408026814e+05
4.132499065507061314e+05
4.117325580152720795e+05
4.102098405643218430e+05
4.086834176877785940e+05
4.071524357648237492e+05
4.056169135551442741e+05
4.040777775690248236e+05
4.025339062074452522e+05
4.009853182224798365e+05
3.994317779579961789e+05
3.978728894461532473e+05
3.963101797331226990e+05
3.947432063857594039e+05
3.931727162593125249e+05
3.915975596891335445e+05
3.900188888167984551e+05
3.884374244994153851e+05
3.868519733755345806e+05
3.852626739751816494e+05
3.836706560379362782e+05
3.820754546961160959e+05
3.804766262852223008e+05
3.788752013818176929e+05
3.772698803756970447e+05
3.756604897292660899e+05
3.740471806369830156e+05
3.724299168999941321e+05
3.708086877621458261e+05
3.691850957950446755e+05
3.675589077728594420e+05
3.659290993778756238e+05
3.642954908672382007e+05
3.626584882705421187e+05
3.610159975507501513e+05
3.593697749797862489e+05
3.577209181763509405e+05
3.560681442774523748e+05
3.544121652034294675e+05
3.527527075917094480e+05
3.510902292508280370e+05
3.494261460821005167e+05
3.477597928291087737e+05
3.460907496389489388e+05
3.444176385734701180e+05
3.427402454083396588e+05
3.410585441628893605e+05
3.393739137412142009e+05
3.376859741012174636e+05
3.359951807259780471e+05
3.343030883708694018e+05
3.326081984614697285e+05
3.309102711230629357e+05
3.292098040341078886e+05
3.275063207476728712e+05
3.257997421572774765e+05
3.240906761302592349e+05
3.223790975340788136e+05
3.206653299579802551e+05
3.189480902499682270e+05
3.172267322905721958e+05
3.155028259723191150e+05
3.137752827110471553e+05
3.120441464079487487e+05
3.103105488296948606e+05
3.085736014832480578e+05
3.068330808682966745e+05
3.050920226241328637e+05
3.033510943140803138e+05
3.016077214521461283e+05
2.998618297069927794e+05
2.981141893422026769e+05
2.963658560127220117e+05
2.946165713029230246e+05
2.928654523324195761e+05
2.911126579903431120e+05
2.893584685254027718e+05
2.876009223179613473e+05
2.858416860738861142e+05
2.840795227035463904e+05
2.823148747974848375e+05
2.805484023829762009e+05
2.787787966845007031e+05
2.770074378806454479e+05
2.752355784406301100e+05
2.734615352390435291e+05
2.716860567505586077e+05
2.699091620003423886e+05
2.681310245965634240e+05
2.663504491189286928e+05
2.645663145553106442e+05
2.627794322966943146e+05
2.609915042503970908e+05
2.592025874934965395e+05
2.574132510972454620e+05
2.556227943259498279e+05
2.538301331423758529e+05
2.520353158659493783e+05
2.502389204197881336e+05
2.484401632049712643e+05
2.466404224316292966e+05
2.448398622764174943e+05
2.430383755361856602e+05
2.412353341027616698e+05
2.394312131487006263e+05
2.376275093190628104e+05
2.358228571622298041e+05
2.340166798364272108e+05
2.322095277084401168e+05
2.304007109224707820e+05
2.285909413044953544e+05
2.267797239794482593e+05
2.249669757277299650e+05
2.231529101100909756e+05
2.213380118081056862e+05
2.195227725575536606e+05
2.177061490715952241e+05
2.158881678380329104e+05
2.140682917287426244e+05
2.122478338370913989e+05
2.104262468205291661e+05
2.086032715533887967e+05
2.067791649568832945e+05
2.049548213337001798e+05
2.031296586759405036e+05
2.013041244666479470e+05
1.994779751710001728e+05
1.976505664709830598e+05
1.958224719176251965e+05
1.939930722186235944e+05
1.921639435432263417e+05
1.903340866793358000e+05
1.885031406583407952e+05
1.866722111540562764e+05
1.848407364900472458e+05
1.830088790009966760e+05
1.811761376974499435e+05
1.793423196136231127e+05
1.775084221684747899e+05
1.756734241834462155e+05
1.738381199847393727e+05
1.720021992896184383e+05
1.701660883602174290e+05
1.683292783570323954e+05
1.664919188893969986e+05
1.646545390416528098e+05
1.628166265517338179e+05
1.609794525448182831e+05
1.591429758491826942e+05
1.573075313674444042e+05
1.554731308051872184e+05
1.536378025098808284e+05
1.518028481390770175e+05
1.499680139515044284e+05
1.481328033553383721e+05
1.462985277188440959e+05
1.444637725327161606e+05
1.426294804774783552e+05
1.407962931474208599e+05
1.389632617199426750e+05
1.371309927790972579e+05
1.353007271593699406e+05
1.334701402531669301e+05
1.316397542982324376e+05
1.298106879575230851e+05
1.279828130893702619e+05
1.261548948254645802e+05
1.243265841168544430e+05
1.224981437530513795e+05
1.206701289362712851e+05
1.188419956541494466e+05
1.170137756980102422e+05
1.151870726534333226e+05
1.133616211786342319e+05
1.115376570642761508e+05
1.097144520920019568e+05
1.078917717632426211e+05
1.060707592561304627e+05
1.042517524943313620e+05
1.024340726904930052e+05
1.006171472545181750e+05
9.880123893579941068e+04
9.698661257114089676e+04
9.517314110007078853e+04
9.336110981147609709e+04
9.155046153022536600e+04
8.974030522179386753e+04
8.793036700267258857e+04
8.612141503668847145e+04
8.431412470315635437e+04
8.250850515650783200e+04
8.070311572403581522e+04
7.889931777797963878e+04
7.709760088252306741e+04
7.529708111442557129e+04
7.349819365364963596e+04
7.170222290095110657e+04
6.990796286973888346e+04
6.811498386033526913e+04
6.632392458461578644e+04
6.453358136331428977e+04
6.274502520162511064e+04
6.095827665423019789e+04
5.917308535460421263e+04
5.738964345764915925e+04
5.560849442166857625e+04
5.382914584742151783e+04
5.205164349544085417e+04
5.027560943132716784e+04
4.850184526010702393e+04
4.673044570547019248e+04
4.496117488769484044e+04
4.319342673698990257e+04
4.142754006602957816e+04
3.966237523550548212e+04
3.789785218881857872e+04
3.613456776879141398e+04
3.437360104036665143e+04
3.261395478176403776e+04
3.085553486952277672e+04
2.909801956305002022e+04
2.734175981537202824e+04
2.558654053863055015e+04
2.383340106248437587e+04
2.208255793906945837e+04
2.033300911461451688e+04
1.858558746698190953e+04
1.683918978907100245e+04
1.509360289900086354e+04
1.335016204066935825e+04
1.161040816305295630e+04
9.873881259850229981e+03
8.139641365323866012e+03
6.407443304108543089e+03
4.677370843032425000e+03
2.949089448251928388e+03
1.223017359789469765e+03
-4.989325667456917586e+02
-2.217521472222068041e+03
-3.934179810770894619e+03
-5.648156107027409234e+03
-7.359459076006403848e+03
-9.068042276919210053e+03
-1.077415613735231636e+04
-1.247804675769800633e+04
-1.417912276455308893e+04
-1.587748590887435967e+04
-1.757304624561485616e+04
-1.926550443426355559e+04
-2.095584862478982905e+04
-2.264363434953778051e+04
-2.432845073574817070e+04
-2.601034178584245456e+04
-2.768943961624638541e+04
-2.936649875642297047e+04
-3.104161008932001278e+04
-3.271424277374882877e+04
-3.438422071784367290e+04
-3.605178453874368279e+04
-3.771700869929611508e+04
-3.938003832296875044e+04
-4.104072265568417788e+04
-4.269907836003223929e+04
-4.435445511374297348e+04
-4.600746165149962326e+04
-4.765826235522780189e+04
-4.930603559460667748e+04
-5.095079905064484774e+04
-5.259196017474195833e+04
-5.422990909728792030e+04
-5.586431198543784558e+04
-5.749417313153114810e+04
-5.912010402157362114e+04
-6.074242619340959936e+04
-6.236149096160879708e+04
-6.397729446187481517e+04
-6.558995116920793953e+04
-6.719968382430826023e+04
-6.880520887052250328e+04
-7.040651119582002866e+04
-7.200524250850095996e+04
-7.359994322419389209e+04
-7.519040259057295043e+04
-7.677563939971874061e+04
-7.835684175501215213e+04
-7.993419475498433167e+04
-8.150675781619352347e+04
-8.307532794780004770e+04
-8.463984399250341812e+04
-8.620015264664443384e+04
-8.775680224887108488e+04
-8.930889478926036099e+04
-9.085563847264734795e+04
-9.239725876170767879e+04
-9.393436803249992954e+04
-9.546738881696145108e+04
-9.699584232174264616e+04
-9.851976550770225003e+04
-1.000398991668978997e+05
-1.015562007558404875e+05
-1.030683779260953743e+05
-1.045753156847451028e+05
-1.060769892416054499e+05
-1.075733149598040036e+05
-1.090644960414781817e+05
-1.105501839699312695e+05
-1.120312047826828930e+05
-1.135069068825683498e+05
-1.149762415122481762e+05
-1.164391662503499974e+05
-1.178964706983898941e+05
-1.193483952258702338e+05
-1.207946075104670599e+05
-1.222348591670371825e+05
-1.236690369228588388e+05
-1.250972582099670399e+05
-1.265199512602889154e+05
-1.279377110740766511e+05
-1.293492749355489650e+05
-1.307556397076224384e+05
-1.321560014432032767e+05
-1.335510886296819954e+05
-1.349406305609165574e+05
-1.363242228591572784e+05
-1.377022158605146105e+05
-1.390739264242924983e+05
-1.404401562439724221e+05
-1.418007165363234235e+05
-1.431548997978595726e+05
-1.445035653238911182e+05
-1.458465117679285468e+05
-1.471842378949821868e+05
-1.485154430765549769e+05
-1.498404094651831838e+05
-1.511587088606136676e+05
-1.524695538236864377e+05
-1.537739269202028227e+05
-1.550715476994800847e+05
-1.563616650708061352e+05
-1.576446741322203598e+05
-1.589203902789169224e+05
-1.601892142775014509e+05
-1.614502981320518884e+05
-1.627035819436514576e+05
-1.639498172653959773e+05
-1.651883149665199744e+05
-1.664191675145803601e+05
-1.676431730284587538e+05
-1.688594703731366608e+05
-1.700685898511277337e+05
-1.712698400665298104e+05
-1.724634619894092029e+05
-1.736496857519778423e+05
-1.748283966769846738e+05
-1.759994196418490610e+05
-1.771619759652016219e+05
-1.783173315137440804e+05
-1.794653975128182501e+05
-1.806064060683438438e+05
-1.817392771736690775e+05
-1.828641769203409785e+05
-1.839806454361070064e+05
-1.850884990648942767e+05
-1.861886555316011945e+05
-1.872810798210591893e+05
-1.883657174872440519e+05
-1.894422767252165650e+05
-1.905104986448596464e+05
-1.915706946605026897e+05
-1.926226407392531110e+05
-1.936658092585447012e+05
-1.947005086619452341e+05
-1.957267725801967026e+05
-1.967443307819530601e+05
-1.977532433435759158e+05
-1.987530766360650014e+05
-1.997438387244273908e+05
-2.007266196773407573e+05
-2.017007869945688872e+05
-2.026655347692067444e+05
-2.036208488187468611e+05
-2.045662473393703985e+05
-2.055022982121033710e+05
-2.064291269831254322e+05
-2.073464900797500741e+05
-2.082539966361992410e+05
-2.091513834640189889e+05
-2.100390298172222683e+05
-2.109166144195205416e+05
-2.117844788602653134e+05
-2.126422465873085603e+05
-2.134901896445547754e+05
-2.143285942857889459e+05
-2.151570970431148598e+05
-2.159755328920685861e+05
-2.167841724755912728e+05
-2.175824606702036108e+05
-2.183710273331887147e+05
-2.191495681191487529e+05
-2.199184894621863787e+05
-2.206773633582896146e+05
-2.214262814884782129e+05
-2.221646996905784763e+05
-2.228926581371338980e+05
-2.236103014674138103e+05
-2.243181195540957851e+05
-2.250154056979088055e+05
-2.257021356258027081e+05
-2.263793197352029674e+05
-2.270466769986418367e+05
-2.277040717886348139e+05
-2.283505451588810829e+05
-2.289865260834506189e+05
-2.296124433493018732e+05
-2.302276748222332099e+05
-2.308314259027116350e+05
-2.314241478509438457e+05
-2.320060083663930418e+05
-2.325766848566120025e+05
-2.331362679990217439e+05
-2.336845333402685937e+05
-2.342215842151058023e+05
-2.347478862391623261e+05
-2.352632693487841461e+05
-2.357681024109405698e+05
-2.362615516534393828e+05
-2.367436875835803221e+05
-2.372145091323605448e+05
-2.376742314250597556e+05
-2.381225657417457260e+05
-2.385596905975285626e+05
-2.389858216620629828e+05
-2.394013547244680813e+05
-2.398066564181238937e+05
-2.402015700947602454e+05
-2.405855043146324460e+05
-2.409585393005538790e+05
-2.413209302945346572e+05
-2.416726762453753909e+05
-2.420133521001772315e+05
-2.423430065113661985e+05
-2.426623598896323238e+05
-2.429713559098388068e+05
-2.432700525418551406e+05
-2.435588323471998447e+05
-2.438380684754914837e+05
-2.441073302949292993e+05
-2.443667658210491063e+05
-2.446163483668165281e+05
-2.448560099272786756e+05
-2.450856790868580574e+05
-2.453055309924685862e+05
-2.455155394438248477e+05
-2.457159931960567774e+05
-2.459067990502993052e+05
-2.460883556680610054e+05
-2.462608888076301955e+05
-2.464243636604358326e+05
-2.465791384875907970e+05
-2.467247639229905035e+05
-2.468618095054163714e+05
-2.469897985967071145e+05
-2.471091319190977665e+05
-2.472197403363292397e+05
-2.473216276161064452e+05
-2.474155454685138538e+05
-2.475017338000407035e+05
-2.475803268466128211e+05
-2.476507074264572875e+05
-2.477128403392729233e+05
-2.477672876643840573e+05
-2.478144287182707631e+05
-2.478541557998632197e+05
-2.478864580420557177e+05
-2.479111131700229307e+05
-2.479289533964325674e+05
-2.479403968383137544e+05
-2.479454965383914823e+05
-2.479441335608446389e+05
-2.479368987632169155e+05
-2.479241021955818578e+05
-2.479054916814760363e+05
-2.478813292709628877e+05
-2.478510891990798700e+05
-2.478156729097474017e+05
-2.477753547675387817e+05
-2.477295388754318119e+05
-2.476784715595124871e+05
-2.476227115307822532e+05
-2.475623036950958776e+05
-2.474975760920196772e+05
-2.474283221709244826e+05
-2.473541366205806553e+05
-2.472757215894658875e+05
-2.471928186273395258e+05
-2.471052258333573409e+05
-2.470136693720060866e+05
-2.469181908805387793e+05
-2.468191570188492478e+05
-2.467165982280072349e+05
-2.466102126263111422e+05
-2.464998581625057850e+05
-2.463859356222549104e+05
-2.462686036234977073e+05
-2.461481484481478110e+05
-2.460246730034201464e+05
-2.458983619379993761e+05
-2.457693399181952700e+05
-2.456375550816905452e+05
-2.455031304737315804e+05
-2.453662470365667832e+05
