7.484694074692663435e+01
7.484787470678296017e+01
7.488778936747455361e+01
7.492593885879917082e+01
7.496748273151290221e+01
7.500962910764981473e+01
7.504992508614660096e+01
7.508834680814210571e+01
7.512487350768830652e+01
7.515948798261885599e+01
7.519735617487255297e+01
7.523534734878815300e+01
7.527257128917467810e+01
7.530906226552696126e+01
7.534362221489710976e+01
7.537626208327837674e+01
7.540699776453770653e+01
7.543584999709895555e+01
7.546284418648394876e+01
7.548801015677670989e+01
7.551138183508518864e+01
7.553299687402528662e+01
7.555289621813120959e+01
7.557112362088864188e+01
7.558772511978244779e+01
7.560274847733725778e+01
7.561624259659514280e+01
7.562825691981382192e+01
7.563884081937091253e+01
7.565109148813932904e+01
7.566561674670236926e+01
7.567885381674959433e+01
7.569084623957195390e+01
7.570336939048887359e+01
7.571477670043934438e+01
7.572505083799369174e+01
7.573422113169193892e+01
7.574231240801931619e+01
7.575132180315648611e+01
7.576061688390760196e+01
7.577056888002616120e+01
7.577956085773446659e+01
7.578752494847336152e+01
7.579445634718564406e+01
7.580034537240806003e+01
7.580517765912021844e+01
7.580893440240579650e+01
7.581291215421933316e+01
7.581616574500634442e+01
7.581826400769682550e+01
7.581917372883663120e+01
7.581885901720679044e+01
7.581728171665132265e+01
7.581440182271614958e+01
7.581017789658042716e+01
7.580605363710813549e+01
7.581041109913648768e+01
7.581329622274064661e+01
7.581466628509758721e+01
7.581447896943080877e+01
7.581269265924900935e+01
7.580926670212447505e+01
7.580416164195392525e+01
7.579733941926249940e+01
7.580858701425839286e+01
7.583513361318664181e+01
7.586164701001713695e+01
7.588621115207313039e+01
7.590876392516571514e+01
7.592924874286674708e+01
7.594761539207048884e+01
7.596382075873063400e+01
7.597782941895415831e+01
7.598961408308070986e+01
7.599915588310085468e+01
7.600644449671210623e+01
7.601147810441268859e+01
7.601426317922103237e+01
7.601883876462564160e+01
7.602898627367346762e+01
7.603695054154596278e+01
7.604276640936869569e+01
7.604647365439046780e+01
7.606800873578636413e+01
7.610913834861925409e+01
7.614824141243695976e+01
7.618532987511504473e+01
7.622041699757581057e+01
7.625407127064204360e+01
7.628799469788748411e+01
7.631996044259422263e+01
7.634998284696943927e+01
7.637807529250756033e+01
7.640424971758282879e+01
7.642851614911840841e+01
7.645088225875502985e+01
7.647135295382624065e+01
7.648993001312608442e+01
7.651092769926100345e+01
7.656673340005791317e+01
7.664152908048203017e+01
7.671435123516100418e+01
7.678515221512446942e+01
7.685388243625959603e+01
7.692049125319130098e+01
7.698492788027201073e+01
7.704904378215154281e+01
7.711241978845926326e+01
7.717348038932017573e+01
7.723218415735965436e+01
7.728987858252941123e+01
7.734628542081702562e+01
7.740024330190736634e+01
7.745173509959897729e+01
7.750786519422953802e+01
7.756263132307583419e+01
7.761493123221774226e+01
7.766478351822469506e+01
7.771221654301076853e+01
7.775726855163823359e+01
7.779998764914900278e+01
7.784043163458407832e+01
7.787866769304586967e+01
7.791477194941498396e+01
7.794882889008181337e+01
7.798093066172438625e+01
7.801117625868526773e+01
7.804674279369852741e+01
7.810929701642560019e+01
7.817027775370975462e+01
7.823452925518557777e+01
7.830132987099091224e+01
7.839385614250339529e+01
7.848807060766409904e+01
7.858107479284113595e+01
7.867292986783928654e+01
7.876370227509138999e+01
7.885346423410506134e+01
7.894229413224563530e+01
7.903027678890366303e+01
7.911750358274632333e+01
7.920407243461691849e+01
7.929008764165199352e+01
7.937565956125172306e+01
7.946090414659090584e+01
7.954695988676199647e+01
7.963438892607173614e+01
7.972186552947481175e+01
7.980952079442519675e+01
7.989748712104933759e+01
7.998589704430597180e+01
8.007488200006598333e+01
8.016457104344127060e+01
8.025508953827107916e+01
8.034655783689312614e+01
8.043908996920740151e+01
8.053279235960380333e+01
8.062776258960511200e+01
8.072408822310413257e+01
8.082184570988727046e+01
8.092109938177270578e+01
8.102190055418599002e+01
8.112428674438524467e+01
8.123440577998754009e+01
8.134953840811475345e+01
8.146628077644867005e+01
8.158461053302035282e+01
8.170448964152311078e+01
8.183370571772736923e+01
8.196766700752917245e+01
8.210297170330110816e+01
8.223952162994537218e+01
8.237720465776556011e+01
8.251589545835344097e+01
8.265545638174255316e+01
8.279573844564451690e+01
8.293658242641821232e+01
8.307782004033371948e+01
8.321927520268828005e+01
8.336076535141904742e+01
8.350210282104471560e+01
8.364309625206787757e+01
8.378355202039242045e+01
8.392327567087320972e+01
8.406207333882886701e+01
8.419975314323220061e+01
8.433612653535892889e+01
8.447110231029697047e+01
8.460693591388424295e+01
8.474093010899657941e+01
8.487292188832988415e+01
8.500383037596797919e+01
8.513583510642899910e+01
8.526540489541932288e+01
8.539241654499417677e+01
8.551675794848425483e+01
8.563832826702399359e+01
8.575703794803021651e+01
8.587280858639745418e+01
8.598557263160736852e+01
8.609527294639995887e+01
8.620186222507578577e+01
8.630530228184169061e+01
8.640556322183333293e+01
8.651263686369679817e+01
8.665834908194602804e+01
8.680079354163444805e+01
8.697587778021130589e+01
8.715265046412700656e+01
8.732598255363345174e+01
8.749581254807243624e+01
8.766368290401256047e+01
8.782797894593140597e+01
8.798862557313852051e+01
8.814558709358333033e+01
8.829883488067871156e+01
8.849747203001000173e+01
8.871729962329820296e+01
8.893472126088497021e+01
8.914829695426361411e+01
8.935800295686470918e+01
8.956382573294995098e+01
8.976576254098640106e+01
8.996382189809953900e+01
9.015802391769013013e+01
9.034840051380075465e+01
9.053499546738508741e+01
9.071786435125287085e+01
9.089707431212279687e+01
9.107270370989900243e+01
9.124484161598488186e+01
9.141358717414188106e+01
9.157904882908303534e+01
9.174134342964082123e+01
9.190059521495180661e+01
9.205693469364314296e+01
9.221049742746156141e+01
9.236142273214332477e+01
9.250985230955684813e+01
9.265592882624005711e+01
9.279979445438218022e+01
9.294158939204160674e+01
9.308145037993388371e+01
9.321950923244507692e+01
9.335678999418502144e+01
9.352505480234287916e+01
9.369182991780914449e+01
9.385717639467584661e+01
9.402114586616077929e+01
9.418378046636280487e+01
9.434530773814975646e+01
9.450717400695677384e+01
9.466777509556440862e+01
9.482711568090596188e+01
9.498519140002537142e+01
9.514198907124763593e+01
9.529748694736645120e+01
9.545165499752653204e+01
9.560445521524030710e+01
9.575584195069409077e+01
9.590657287523177388e+01
9.605716661090005459e+01
9.620616791046903415e+01
9.635350446576012473e+01
9.649909832307922386e+01
9.664286634786282093e+01
9.678472070994943977e+01
9.692456938822377310e+01
9.706231669269405415e+01
9.719786380125755443e+01
9.733110930751927015e+01
9.746194977509448165e+01
9.759028029289483186e+01
9.771599502501221934e+01
9.783898774802455023e+01
9.795915236789845437e+01
9.807638340819710265e+01
9.819057646105535753e+01
9.830162859239301554e+01
9.840956978535238875e+01
9.851769812150081407e+01
9.862617168156296543e+01
9.873196894555719894e+01
9.883414393821064436e+01
9.893260808951994534e+01
9.902727527510013772e+01
9.911806164276006825e+01
9.920488536280856806e+01
9.928766630797858284e+01
9.936632567107037062e+01
9.944078553054382041e+01
9.951096837625620140e+01
9.957679660928285159e+01
9.963819203120084467e+01
9.971827254090014492e+01
9.980344667516867219e+01
9.988388015254366792e+01
9.995945168124708857e+01
1.000300399352465206e+02
1.000955242437442223e+02
1.001557853078289781e+02
1.002123088607820307e+02
1.002639355786494235e+02
1.003099970706467872e+02
1.003503871536484695e+02
1.003850047816462023e+02
1.004316752024852804e+02
1.005070970809916275e+02
1.005764395977594177e+02
1.006395991778016281e+02
1.007020803523048329e+02
1.007597110190467902e+02
1.008109144972700761e+02
1.008556350542615405e+02
1.008938311712986007e+02
1.009254761656809478e+02
1.009505586223051665e+02
1.009690826207433361e+02
1.009810677466005160e+02
1.009865488791500638e+02
1.009855757508294261e+02
1.009782122780736131e+02
1.009645356670946796e+02
1.009446353025007852e+02
1.009186114309945168e+02
1.008865736566945230e+02
1.008486392687776885e+02
1.008049314260346421e+02
1.007596373230962712e+02
1.007450742139359789e+02
1.007523808526469793e+02
1.007543079359469402e+02
1.007509059654883004e+02
1.007422243662655887e+02
1.007283114481921729e+02
1.007328912959580549e+02
1.007411705202089252e+02
1.007442903848337465e+02
1.007422579919209795e+02
1.007361119755469190e+02
1.007260119695875886e+02
1.007107903645928246e+02
1.006904626423917364e+02
1.006650477012771034e+02
1.006345681852912293e+02
1.005990507010112367e+02
1.005585259226956936e+02
1.005130285888583330e+02
1.004625973951690270e+02
1.004072747900126359e+02
1.003471066800471760e+02
1.002821420536983652e+02
1.002143624902617347e+02
1.001598685825990174e+02
1.001284255204337086e+02
1.000934263954664800e+02
1.000538757008066000e+02
1.000098187066179349e+02
9.996130063611228422e+01
9.990836620635620591e+01
9.985105912191592381e+01
9.978942152019536138e+01
9.972349336742161086e+01
9.965331180468425032e+01
9.960110545968827012e+01
9.957569601920329205e+01
9.954608292912445222e+01
9.951225909149799520e+01
9.947421213966292441e+01
9.943192414112020572e+01
9.938537125753057921e+01
9.933452336749995482e+01
9.927934366044911485e+01
9.925498151611175501e+01
9.926947555847222304e+01
9.929058770402832579e+01
9.930698419469862870e+01
9.931852058288940555e+01
9.934810736370772588e+01
9.940276743172425711e+01
9.946512985227269610e+01
9.952187613607884487e+01
9.957278961065159706e+01
9.961766307075642146e+01
9.965630169034753294e+01
9.968852568506895295e+01
9.971417268383734722e+01
9.973309977303445351e+01
9.974518518244713050e+01
9.975032958819593887e+01
9.974845701437749312e+01
9.973951532189448699e+01
9.972347627984986218e+01
9.970523820010278371e+01
9.970681328333591864e+01
9.970130024724915074e+01
9.968872211144601181e+01
9.966912239746440605e+01
9.964256392732806944e+01
9.960912728744291655e+01
9.956890898202928497e+01
9.952201930588763901e+01
9.946857997150333119e+01
9.940872153019044788e+01
9.936015354961308788e+01
9.932260108372918239e+01
9.927898882351307464e+01
9.922941788372996541e+01
9.918751389692489795e+01
9.915952186089006659e+01
9.913345388464709629e+01
9.916018378721435056e+01
9.918116786559355091e+01
9.919635781478956460e+01
9.920570107956501715e+01
9.920914246369505918e+01
9.920662571878706615e+01
9.919809507552635353e+01
9.918349668264323782e+01
9.916277992206961756e+01
9.913711353752090361e+01
9.911297830866958236e+01
9.908260355343797698e+01
9.904596187180753475e+01
9.900303300262889650e+01
9.895380397455407717e+01
9.889826903793871793e+01
9.883642938346382323e+01
9.876829265754705034e+01
9.869387228852355065e+01
9.861318664101793274e+01
9.852625801885130841e+01
9.843311153920380718e+01
9.833377390255850514e+01
9.822827208419248279e+01
9.813274227545277029e+01
9.806146324745949983e+01
9.798403953009842837e+01
9.790045007526776999e+01
9.781066936070516249e+01
9.771466698068333301e+01
9.761358787570652851e+01
9.752550962114470678e+01
9.745985270848521509e+01
9.738775110057035533e+01
9.730910903104540921e+01
9.722382661480838806e+01
9.715874866068234894e+01
9.710874912312897322e+01
9.705176764299821457e+01
9.700859151028494409e+01
9.697421646601711132e+01
9.693249282175975168e+01
9.688330373769663595e+01
9.682833791743473739e+01
9.676569017047164323e+01
9.669525625188121865e+01
9.661694150903868206e+01
9.655242473183749041e+01
9.650430325103515372e+01
9.644800550952375318e+01
9.638343036880141312e+01
9.631048605561528575e+01
9.622909075009869184e+01
9.613917302921343833e+01
9.604067216986007338e+01
9.593353831846913238e+01
9.581773253603863338e+01
9.569322672938686480e+01
9.556000348080206663e+01
9.541805578926332032e+01
9.526738673696073079e+01
9.513666002912647457e+01
9.499889955370932171e+01
9.485936419452821156e+01
9.475114820591643650e+01
9.463417966161668460e+01
9.450844879892696326e+01
9.437395917169294535e+01
9.423072869421581288e+01
9.407879053097515509e+01
9.391819380727879718e+01
9.374900411819062640e+01
9.357130381589416857e+01
9.338519205897527797e+01
9.319085689273676110e+01
9.304148502027643985e+01
9.288407003976656995e+01
9.271874773397856018e+01
9.254566834041897039e+01
9.236499567049732207e+01
9.217690597039360512e+01
9.198158653510397187e+01
9.177923409194431770e+01
9.157005297434470492e+01
9.135425311098551049e+01
9.115056539742757025e+01
9.095407813948487785e+01
9.075155321345165760e+01
9.054316403243184652e+01
9.039138613477405215e+01
9.027579451034166880e+01
9.015678575230828073e+01
9.004197801720130201e+01
8.996517515575617097e+01
8.988308735750565859e+01
8.979575471187961000e+01
8.970321414310581076e+01
8.960550016804910456e+01
8.951397991617932348e+01
8.945854717138098522e+01
8.939799861844596762e+01
8.936726124940327054e+01
8.933162032324335655e+01
8.929079792190081832e+01
8.924476889608884278e+01
8.919351601098688320e+01
8.913703155115591414e+01
8.907531871812993529e+01
8.900839279953321181e+01
8.893628209192399936e+01
8.885902856321062870e+01
8.877668824438202932e+01
8.868933134438691468e+01
8.859704208622684973e+01
8.849991826663686822e+01
8.839807054604457903e+01
8.829162147975392827e+01
8.818070430542137217e+01
8.811493623679142217e+01
8.804713433562767477e+01
8.797524879613897042e+01
8.791409665752851765e+01
8.786556679545618920e+01
8.781329468514006464e+01
8.775738049660466800e+01
8.769792631375896974e+01
8.763899620818551739e+01
8.761320307362971960e+01
8.759841444051939163e+01
8.759707342077723524e+01
8.759253383658963799e+01
8.758482272536694779e+01
8.757396864230079814e+01
8.756000224090112738e+01
8.754295669236287836e+01
8.753105338451462103e+01
8.753861482264716187e+01
8.754316498325707130e+01
8.754471095751652854e+01
8.754326399297742967e+01
8.753883974737172480e+01
8.753145829980240933e+01
8.752114391606754396e+01
8.750792457060452989e+01
8.752030776557948855e+01
8.754653810237759615e+01
8.756994085324211596e+01
8.759053762434193402e+01
8.760834909175473229e+01
8.762339375101987571e+01
8.763568656515823818e+01
8.764523754333986005e+01
8.765226897169843312e+01
8.768476296119695235e+01
8.776548780627517488e+01
8.784948707123729150e+01
8.793050749349100670e+01
8.800843130740122433e+01
8.808313250269455352e+01
8.815447766803319496e+01
8.822232689957343155e+01
8.828653476365285258e+01
8.834695130168096000e+01
8.840342306452916432e+01
8.845579416323911914e+01
8.850390732267926808e+01
8.854760492487534407e+01
8.860817191520361291e+01
8.866807003568648327e+01
8.872308691609566722e+01
8.877307318123523316e+01
8.881788406657420865e+01
8.886083487228488309e+01
8.889841197443161036e+01
8.893041549750942920e+01
8.895672687795958211e+01
8.897723545341558804e+01
8.901816708294309421e+01
8.906445089158989958e+01
8.910458569284179475e+01
8.913845874063285635e+01
8.916596843923642268e+01
8.918702503605032916e+01
8.920155114582169631e+01
8.920948209546506291e+01
8.921076608140134567e+01
8.920536413438846068e+01
8.924206069050501355e+01
8.928170541648188419e+01
8.931458075277140551e+01
8.934067543141354406e+01
8.935998954035432007e+01
8.937253390734220204e+01
8.937832932502136885e+01
8.937962571640301235e+01
8.941307290527385021e+01
8.943984339951410334e+01
8.945995045779169175e+01
8.947518325277931694e+01
8.951810982971524311e+01
8.955440822943297974e+01
8.958407657882858643e+01
8.962655217374582151e+01
8.969622731760163958e+01
8.975926653300849978e+01
8.981566702400944280e+01
8.986543459456686378e+01
8.990858428125207524e+01
8.994514086546048759e+01
8.997513925625082720e+01
8.999862473686337694e+01
9.001565306999479787e+01
9.002629045895737647e+01
9.003061336389228586e+01
9.002870817420708249e+01
9.002067074033870142e+01
9.000832286634631885e+01
8.999080319965700880e+01
8.996994454585859557e+01
8.999416484554539863e+01
9.001347731932322915e+01
9.002831370197063166e+01
9.003781038150154359e+01
9.004208501603915238e+01
9.004125798915778489e+01
9.003545159288229627e+01
9.002478915268014248e+01
9.000939410306808952e+01
8.998938902317723887e+01
8.996489464227680344e+01
8.993602882582567304e+01
8.990290555309665876e+01
8.986563389777585087e+01
8.982431702317312272e+01
8.981167138013515228e+01
8.979829273020149571e+01
8.978106078295141401e+01
8.976001007592141434e+01
8.973516764759141040e+01
8.970655323758413147e+01
8.967417950277464911e+01
8.963805224128351767e+01
8.959817061705435037e+01
8.955452737859434365e+01
8.950710906644467002e+01
8.945589620500936689e+01
8.940086347546352386e+01
8.934197986755449961e+01
8.927920880916310864e+01
8.921250827348207224e+01
8.914183086456904448e+01
8.907464779936822197e+01
8.904837730571176735e+01
8.901792931031586420e+01
8.898321266585396927e+01
8.894413225212666418e+01
8.891012175970821829e+01
8.890904794886002094e+01
8.890328904840335156e+01
8.889272524625681626e+01
8.887723613403831280e+01
8.885670149817313757e+01
8.883100206265550014e+01
8.880002017892692834e+01
8.876364045926756319e+01
8.872175035111918362e+01
8.867424065084195206e+01
8.862100595653301127e+01
8.856194506066321992e+01
8.849696128439164511e+01
8.842596275645315984e+01
8.834886264045131554e+01
8.826557931518745193e+01
8.817603651328599312e+01
8.808016342381269226e+01
8.797789476479854898e+01
8.788880779269234722e+01
8.781023094848816868e+01
8.772503768049321593e+01
8.763314867853813439e+01
8.756820962161913258e+01
8.750825629408787165e+01
8.744135724914563923e+01
8.736743561215477882e+01
8.728642812769840020e+01
8.719828651798786723e+01
8.710297866174181536e+01
8.700048956942218581e+01
8.689082213390337017e+01
8.677399763933478027e+01
8.665005601506088340e+01
8.651905582591005839e+01
8.638107399486247573e+01
8.624090917238228826e+01
8.609605300059519095e+01
8.594583870711119289e+01
8.579125389543870028e+01
8.563032122682008662e+01
8.546320827757450900e+01
8.530448484505731699e+01
8.515551376098783010e+01
8.500085846047032589e+01
8.484067632328259378e+01
8.467512842202887668e+01
8.450865919019079797e+01
8.435012509735220476e+01
8.421413855990310537e+01
8.407924811487691841e+01
8.393974159350702280e+01
8.379574046229814144e+01
8.364736374646417971e+01
8.349472776146656372e+01
8.333794584089316970e+01
8.317712805737397730e+01
8.301238093393850193e+01
8.284380714399677004e+01
8.267150519892705063e+01
8.249556912306013601e+01
8.231608811662384539e+01
8.213314620794083964e+01
8.194682189683292961e+01
8.175718779177101680e+01
8.156431024381190298e+01
8.136824898078394597e+01
8.116905674552486971e+01
8.096677894224463046e+01
8.076145329529484229e+01
8.055310952478035347e+01
8.034176904356175442e+01
8.012744468027545963e+01
7.991014043304762993e+01
7.968985125860024255e+01
7.946656290144407819e+01
7.924136372527763683e+01
7.901410739344073875e+01
7.878375303385502093e+01
7.855024893061154501e+01
7.831353406190997646e+01
7.807353826266172803e+01
7.784922864997425052e+01
7.763375345053505328e+01
7.741467363012063174e+01
7.719184941227968011e+01
7.696513639092913195e+01
7.673438705318702091e+01
7.649945229545070902e+01
7.626018291105336289e+01
7.601643102879897640e+01
7.576805148298628012e+01
7.554446785831025579e+01
7.532042230217336964e+01
7.509127127497367837e+01
7.485685652201068763e+01
7.461703057738816369e+01
7.437165831514809611e+01
7.412061827761735344e+01
7.386380376323889152e+01
7.360112366079250990e+01
7.333250302176887203e+01
7.305788336762569202e+01
7.277722273363039562e+01
7.249049545586005650e+01
7.219769171258811014e+01
7.189881683563166348e+01
7.159389041117327679e+01
7.128294519302382071e+01
7.096602585418344233e+01
7.064318760484083271e+01
7.033503330978345502e+01
7.007561380063867773e+01
6.984789579562063011e+01
6.961434509335364851e+01
6.937493931605155240e+01
6.912966533310357420e+01
6.887852039793695269e+01
6.862151317317180599e+01
6.835866461889661139e+01
6.809000872110750890e+01
6.781559304019056356e+01
6.753547906270281942e+01
6.724974234354863256e+01
6.695847242984082470e+01
6.666218890106210893e+01
6.636220778285894539e+01
6.605704212676104703e+01
6.574683239717835193e+01
6.543172940593291287e+01
6.511189299508957617e+01
6.478749056431448139e+01
6.446686621006588780e+01
6.416763045436485413e+01
6.386431220375371964e+01
6.355705521830505234e+01
6.324600426924227747e+01
6.293130423956179698e+01
6.261925043087435938e+01
6.230500217013005226e+01
6.198753166598516628e+01
6.168204895635798124e+01
6.141089700402776685e+01
6.113687700526086388e+01
6.086007866918345854e+01
6.058058647311617051e+01
6.029847966538101645e+01
6.001383230062738505e+01
5.972671330485663077e+01
5.943718656713503634e+01
5.914531105485644957e+01
5.885114094934789364e+01
5.855472579858749071e+01
5.825611068382602298e+01
5.795533639695475614e+01
5.765243962554429658e+01
5.734745314258285021e+01
5.704040599806389622e+01
5.673132370971630678e+01
5.643211465825088169e+01
5.616844538734817149e+01
5.590536672496677539e+01
5.564061591303529752e+01
5.537380023100701720e+01
5.510489803743067938e+01
5.483388871645083640e+01
5.456120394559574294e+01
5.428790590976190344e+01
5.401245289276475603e+01
5.373483574800911811e+01
5.345504950244234976e+01
5.320605131463595683e+01
5.295600543146083083e+01
5.270372880988535513e+01
5.244919987040979237e+01
5.219240463014854470e+01
5.193333738119783050e+01
5.167200120280050157e+01
5.140840830102367676e+01
5.114258017309328608e+01
5.087454759695556561e+01
5.060435044997165477e+01
5.033203736381005911e+01
5.007212370630283971e+01
4.982884491767428159e+01
4.959386398336822310e+01
4.938666555310450690e+01
4.918012759095197595e+01
4.897168545990484034e+01
4.876136698665576574e+01
4.854920963778249643e+01
4.833526094254433758e+01
4.811957871739626569e+01
4.790223108116416739e+01
4.768329625381487347e+01
4.746286213603300297e+01
4.724905933634727973e+01
4.703468454685084055e+01
4.681912574729683030e+01
4.660250160670136665e+01
4.638493530178801194e+01
4.616655297298815697e+01
4.594748206402713464e+01
4.572784957442220843e+01
4.551425032887156874e+01
4.533520435607362487e+01
4.515843114796089708e+01
4.498148331947552947e+01
4.480442411395711844e+01
4.462764767300027557e+01
4.448740140950410193e+01
4.435035314605691781e+01
4.421328849830366181e+01
4.407619116573290796e+01
4.393903791692631700e+01
4.380179941325698678e+01
4.366444107506108452e+01
4.352692397368229393e+01
4.338920573263352054e+01
4.325124142129736526e+01
4.311298442508522299e+01
4.297438727677381820e+01
4.283540243480825893e+01
4.269598299567650912e+01
4.255608332898351875e+01
4.241688665655586021e+01
4.227777326558939563e+01
4.213805559390663547e+01
4.199769772895549380e+01
4.185666677492041998e+01
4.171493288803667099e+01
4.157246920779861910e+01
4.142925168814531389e+01
4.128525883452562084e+01
4.114047135443905745e+01
4.099488486097190076e+01
4.085076478306791614e+01
4.070580096849936069e+01
4.055997820036409962e+01
4.041328078200603358e+01
4.029238053986387058e+01
4.018088464490879375e+01
4.007089478860023490e+01
3.996151917814648158e+01
3.985102748238321624e+01
3.973935868513983394e+01
3.962645164958056654e+01
3.951224549014875009e+01
3.939667992755952497e+01
3.927969562258962810e+01
3.916123448524970740e+01
3.904123995681723613e+01
3.895340888483342212e+01
3.888326049866965661e+01
3.881137872800133692e+01
3.873769092870621478e+01
3.866212857630274158e+01
3.858462795912103616e+01
3.850513081832463769e+01
3.842358492955499827e+01
3.833994462145006565e+01
3.825417122670518921e+01
3.816623346170951692e+01
3.807610773111250779e+01
3.798377835397229063e+01
3.788923770842788485e+01
3.779248629214634292e+01
3.769753032316524610e+01
3.760111370374805517e+01
3.750253633638298112e+01
3.740183032313483125e+01
3.729903485676445030e+01
3.719419574310492749e+01
3.710430578047819239e+01
3.702579674604625382e+01
3.694615144798098783e+01
3.686469558845204375e+01
3.678149703926486325e+01
3.669718157678888559e+01
3.662154602276534376e+01
3.654438348348006116e+01
3.646759625437237418e+01
3.643895150632233992e+01
3.641512552117754353e+01
3.639003000843357682e+01
3.637930588814487010e+01
3.638308716472658944e+01
3.638568021436274336e+01
3.638708510813169283e+01
3.638729876010872744e+01
3.639082974109247459e+01
3.639329175998955890e+01
3.639454009726833306e+01
3.639456446565080938e+01
3.639335389802155163e+01
3.639089715434521111e+01
3.638718308283328184e+01
3.638220093129587696e+01
3.637594060614296865e+01
3.636839287799615761e+01
3.635954953429838810e+01
3.634940348062615811e+01
3.633794879358474361e+01
3.632592626889982768e+01
3.631351912126981318e+01
3.629979264220708046e+01
3.628790136365085317e+01
3.627640378977689295e+01
3.626358558257525999e+01
3.624944781155766549e+01
3.623399198878210115e+01
3.621721991944090746e+01
3.619913355721035941e+01
3.617973486836832819e+01
3.615902570799196525e+01
3.613700771081872176e+01
3.611368219861662965e+01
3.609342864337024537e+01
3.607622404369323732e+01
3.605771407469394774e+01
3.603789871374340947e+01
3.601677742629126300e+01
3.599434917398536271e+01
3.597061243500918692e+01
3.594556523444230578e+01
3.591920518231459880e+01
3.589152951697291627e+01
3.586268645276076938e+01
3.583426299650797375e+01
3.580451400703147868e+01
3.577343581651086168e+01
3.574324712349820743e+01
