5.781778871316864752e+02
5.815260917311094317e+02
5.848071317870449093e+02
5.880198920137493133e+02
5.911651216094886649e+02
5.942527241284101365e+02
5.972708076522362717e+02
6.002949867637637453e+02
6.036936091315715203e+02
6.070231164002808555e+02
6.102835505000579133e+02
6.134850366396466370e+02
6.166215310672695296e+02
6.196907241907470052e+02
6.226937215500298635e+02
6.256422350504453789e+02
6.285307567631599568e+02
6.314763115319052531e+02
6.344207132714748241e+02
6.373069637087996853e+02
6.401368744280313194e+02
6.429122709544941472e+02
6.456349477168010935e+02
6.483066215749868206e+02
6.509288848844105360e+02
6.535031591281434658e+02
6.560358269417303063e+02
6.586363355278710969e+02
6.611915701443100488e+02
6.637017684820719978e+02
6.661668155001289051e+02
6.685862242618682103e+02
6.709591239085057168e+02
6.732842552596978294e+02
6.755599743456738224e+02
6.777842639706558430e+02
6.799547531893297219e+02
6.820687443529566281e+02
6.841588024970880042e+02
6.862145158271100627e+02
6.882040089978465858e+02
6.901236507920336862e+02
6.919697065800318114e+02
6.937383926007569244e+02
6.954259301182702302e+02
6.970285979939617391e+02
6.985427822734608299e+02
6.999650215034090479e+02
7.012920466632070884e+02
7.025208148149741874e+02
7.041448948860939936e+02
7.056658496856508691e+02
7.070790705381302814e+02
7.083817274967935873e+02
7.095713756443468583e+02
7.106459755270823280e+02
7.116778472003828711e+02
7.133928944351850987e+02
7.151345391466753654e+02
7.167525880034122565e+02
7.182448349262941747e+02
7.196097192318626412e+02
7.208463813607814927e+02
7.219547020431739384e+02
7.229432424298702244e+02
7.238107620195557956e+02
7.245541382582006236e+02
7.251762290280952357e+02
7.256805428372147162e+02
7.263585994564994053e+02
7.270780966803210958e+02
7.276921096862331524e+02
7.282051161725039492e+02
7.286218097735287529e+02
7.289469970780990025e+02
7.291854911778847281e+02
7.293645610692643686e+02
7.299669956521332779e+02
7.304950451152196820e+02
7.309514860125736959e+02
7.313386911448668570e+02
7.316585939625063020e+02
7.319126638104240783e+02
7.321018925018020127e+02
7.322267924055939829e+02
7.322874059240064071e+02
7.322833259285150689e+02
7.322137264249636246e+02
7.321247812993470916e+02
7.321009919342678813e+02
7.320068963503397299e+02
7.318505725698613560e+02
7.316669471410034475e+02
7.314657909678414853e+02
7.311848004104584788e+02
7.308215260137219502e+02
7.303736389368136770e+02
7.298389881824292615e+02
7.292156513319947635e+02
7.285019779530761070e+02
7.276966251322003245e+02
7.267985848601182397e+02
7.258072032397966495e+02
7.252567973777640873e+02
7.251297647777973907e+02
7.249048302383556575e+02
7.245798556953885736e+02
7.241608835136198650e+02
7.236457456718193271e+02
7.230286643574733034e+02
7.223107403019804451e+02
7.214939825591044382e+02
7.207181394738818199e+02
7.201883126242383923e+02
7.195695391525736113e+02
7.188660153297594206e+02
7.186763015002434258e+02
7.185950553500229034e+02
7.184408292003702172e+02
7.182172762842218390e+02
7.188682044921736178e+02
7.194577509907271633e+02
7.200864439972393711e+02
7.208344489795183563e+02
7.215209610615789870e+02
7.221468593369475002e+02
7.227130940124357039e+02
7.232319037090047686e+02
7.236951424365386174e+02
7.242390633542038358e+02
7.247757307416064805e+02
7.252582104261318818e+02
7.256876466700643959e+02
7.265164027623178526e+02
7.275032314958147026e+02
7.284381143224629795e+02
7.293209198683181285e+02
7.301516910645270855e+02
7.309306892695746001e+02
7.316584302968220754e+02
7.323357097501356066e+02
7.329636152201102277e+02
7.337464058843203247e+02
7.348700727532475412e+02
7.359475332402148524e+02
7.369796174822901094e+02
7.379673633115656912e+02
7.389119664611786220e+02
7.398147115459772749e+02
7.406768857332991729e+02
7.414996779884672833e+02
7.436899990672737886e+02
7.466188296647470679e+02
7.495006320351684508e+02
7.523298530050111594e+02
7.551008930364248499e+02
7.579782728114320207e+02
7.608751932745797149e+02
7.636972655297408892e+02
7.664392815506164425e+02
7.690963834889379314e+02
7.716640990380037692e+02
7.741383611188200575e+02
7.767444168060731045e+02
7.794480434495635564e+02
7.820542963566914523e+02
7.847244490628461335e+02
7.874701616099885086e+02
7.903323593891100245e+02
7.933899269524335978e+02
7.963289071447067045e+02
7.991469241459358273e+02
8.018419903080214226e+02
8.044125068752676952e+02
8.068572587592040009e+02
8.091754020991978678e+02
8.113664433885561493e+02
8.136069889123252779e+02
8.164024116652019529e+02
8.191094396262634518e+02
8.217565353446875633e+02
8.248312611024131229e+02
8.283865458211504347e+02
8.318053833893267210e+02
8.350845420228005196e+02
8.382211162841592795e+02
8.412125672752841865e+02
8.444149551844582220e+02
8.480654572158473457e+02
8.515618074566423275e+02
8.549004562584417499e+02
8.580784774412078377e+02
8.610936329764862194e+02
8.639444177307527752e+02
8.666300841883065686e+02
8.691506478505910991e+02
8.715703882567300980e+02
8.739495039061731632e+02
8.761676796164217649e+02
8.782275244112719292e+02
8.801322248122138490e+02
8.818854831269098895e+02
8.834914526477894015e+02
8.849546718778525474e+02
8.862799994618446817e+02
8.874725509899824374e+02
8.886714546713701566e+02
8.898153510809432873e+02
8.908423989846852464e+02
8.917579490135592550e+02
8.925673396404702089e+02
8.932758464669556133e+02
8.938886283569082707e+02
8.944106689679528017e+02
8.948467124845201397e+02
8.952011927517846743e+02
8.955128479995551061e+02
8.958370988815186138e+02
8.962733764674972008e+02
8.967180615453518158e+02
8.976082950389095458e+02
8.987059427610508919e+02
8.997323335807252533e+02
9.006841243372184636e+02
9.015571592860616192e+02
9.023464996627981236e+02
9.031182479951783080e+02
9.040591559621190072e+02
9.048966869889584359e+02
9.056228014846863061e+02
9.062290505654459594e+02
9.067067047451012058e+02
9.071392409701841189e+02
9.076892237711203961e+02
9.080835120438024433e+02
9.083132497058711579e+02
9.083701503339435703e+02
9.082466829412138623e+02
9.079362463740438898e+02
9.074333256029668746e+02
9.067336232587672384e+02
9.060664411151207105e+02
9.052429232790473179e+02
9.042171652710175067e+02
9.029900105802096277e+02
9.015636566060778705e+02
8.999415583973622006e+02
8.981282919862119343e+02
8.961293822336415360e+02
8.940799363152463002e+02
8.942381365387964252e+02
8.948148170358426796e+02
8.952152369184802865e+02
8.954379774601229656e+02
8.958837731094907895e+02
8.962160149859894318e+02
8.963705327920054060e+02
8.963673076535986866e+02
8.962712944696111208e+02
8.960076402234772104e+02
8.955822875151866356e+02
8.950023678052209561e+02
8.942760604296313431e+02
8.934124133191529609e+02
8.928601006728995344e+02
8.921987275671443740e+02
8.914285389773277757e+02
8.905590162114334589e+02
8.895993940007650735e+02
8.885584434396428151e+02
8.874442691764053279e+02
8.862641261126605059e+02
8.852185384617442878e+02
8.842604078183217098e+02
8.833037900533490756e+02
8.823711271902387807e+02
8.815818177297309148e+02
8.807428376215913204e+02
8.798519939317091030e+02
8.789058841763982173e+02
8.778999900972373780e+02
8.768287944802211769e+02
8.756859185655172269e+02
8.744642774469417645e+02
8.731562507212225910e+02
8.717538654936818148e+02
8.702489886619146091e+02
8.686335251722148314e+02
8.668996186731081934e+02
8.650398506838394042e+02
8.630474340701680376e+02
8.611589586500130054e+02
8.592617052381208396e+02
8.572159537870869599e+02
8.550185104128320290e+02
8.530698499321431427e+02
8.514057902908820097e+02
8.497305563400253732e+02
8.478999341346235497e+02
8.459160930680067167e+02
8.437828489438210227e+02
8.415055836199936721e+02
8.390911070244129633e+02
8.366529324699231438e+02
8.347204520413810087e+02
8.326755206249275716e+02
8.305265576578249238e+02
8.293789242801319688e+02
8.285914324532566297e+02
8.280130264501798365e+02
8.282034216886955846e+02
8.283163542477891497e+02
8.283459879805427590e+02
8.282926694616237455e+02
8.281569187637365985e+02
8.279395503221247736e+02
8.276417874432104327e+02
8.272715536358671216e+02
8.268303431756443160e+02
8.263157976526219954e+02
8.257316019855991271e+02
8.250821333072392463e+02
8.243724217136126526e+02
8.236080693027167854e+02
8.230511146222333991e+02
8.225219348864487756e+02
8.219560231980004801e+02
8.213591598412243684e+02
8.207367344905873097e+02
8.200934775410380553e+02
8.207210419589235926e+02
8.220334487368326108e+02
8.233189125477699690e+02
8.245696069675557283e+02
8.257771373541054345e+02
8.269342471091432571e+02
8.280430240178017129e+02
8.290824565191863940e+02
8.300441078427123784e+02
8.309198829005997595e+02
8.317020742183367474e+02
8.323833634270322364e+02
8.335251860079742983e+02
8.348268673096405337e+02
8.360037639271683929e+02
8.370474377998153841e+02
8.379497040009513285e+02
8.387026213751775003e+02
8.392984872867906461e+02
8.397298398902856889e+02
8.399894700456932242e+02
8.400704437375800353e+02
8.399661347086898786e+02
8.396702660535238465e+02
8.391769587724213579e+02
8.384807847761724133e+02
8.376336254015842542e+02
8.371982702152683942e+02
8.365452518684918459e+02
8.360693145989547475e+02
8.359938948436125656e+02
8.357717304531315676e+02
8.353142848044911943e+02
8.346429625230985039e+02
8.337314497587626647e+02
8.326078496443946051e+02
8.313066024700292473e+02
8.297680246102263482e+02
8.279955123247686970e+02
8.259935776862348575e+02
8.237677301149174127e+02
8.213243320114062271e+02
8.186704335737673546e+02
8.158135928743556633e+02
8.127616880690989092e+02
8.095227291604797983e+02
8.061446133280701360e+02
8.029084646092288722e+02
7.995077234346638306e+02
7.959487523951667072e+02
7.922373897871949566e+02
7.883789173824889076e+02
7.843780637471287491e+02
7.802390416677387748e+02
7.762393332985567440e+02
7.721773170810430429e+02
7.680779332448259993e+02
7.639635613203322464e+02
7.597251910778393267e+02
7.553653408533128868e+02
7.508868017736194815e+02
7.462927161806227332e+02
7.415866221720885960e+02
7.367724614034957540e+02
7.318545501983153372e+02
7.268375169089576957e+02
7.217262110845728103e+02
7.177900634750188829e+02
7.146716014021423007e+02
7.114582658070930847e+02
7.081460093550994088e+02
7.047319130130991880e+02
7.012145508738450417e+02
6.975942653082806828e+02
6.938733364958239918e+02
6.900560370250980213e+02
6.861485694864626339e+02
6.821588922528835610e+02
6.781436563722385245e+02
6.740741510441425817e+02
6.708288613376353169e+02
6.686428431741823033e+02
6.664329951722703527e+02
6.641987204003454508e+02
6.619304026749388186e+02
6.596314037380160471e+02
6.573076204278179375e+02
6.549717312262562245e+02
6.526164632597618720e+02
6.502459052361792828e+02
6.478641869797747859e+02
6.454753621170109454e+02
6.430832651255154815e+02
6.406913493002197129e+02
6.383025139783437680e+02
6.359189305699834449e+02
6.346413292199486023e+02
6.336000253515114764e+02
6.325562814647975074e+02
6.315108612706209215e+02
6.304561575886092442e+02
6.293786227727329106e+02
6.282706292012831000e+02
6.271289514482037930e+02
6.259504436861039949e+02
6.247187025488029803e+02
6.234267381546037541e+02
6.220734379943025942e+02
6.206562135440443626e+02
6.191613976858222941e+02
6.175846479597217922e+02
6.159223936026013462e+02
6.141804413414795363e+02
6.125388369919378420e+02
6.108051508758458112e+02
6.089783058967911984e+02
6.070577190705065505e+02
6.059621026480199362e+02
6.049481635566096429e+02
6.038345476964994987e+02
6.026186627152318351e+02
6.012983703943835962e+02
5.998720386318250348e+02
5.983406756602801124e+02
5.967130767734148549e+02
5.951212431761581456e+02
5.936780301813624874e+02
5.921283500593699500e+02
5.904763920533608825e+02
5.887308795144614351e+02
5.868891993729497472e+02
5.849580822471883721e+02
5.829318792341044855e+02
5.808142235822014072e+02
5.786090514375375733e+02
5.763205267718493587e+02
5.739616374137040111e+02
5.715841477435600382e+02
5.695120878188619145e+02
5.673732500816229276e+02
5.651711025732917051e+02
5.629089883725151822e+02
5.605901030704891355e+02
5.582174787055793104e+02
5.557939736929093897e+02
5.533222681008853669e+02
5.508048634991843073e+02
5.482440865305719626e+02
5.456420953382744301e+02
5.430084544536362046e+02
5.404046582770035911e+02
5.377651619148468853e+02
5.350941088087068920e+02
5.324010332323526882e+02
5.296765412309247267e+02
5.269218491439567060e+02
5.241380808265724909e+02
5.213262741388896302e+02
5.186150870358452494e+02
5.159047585244409220e+02
5.131687853726709818e+02
5.104077772160064228e+02
5.076308813000222244e+02
5.051567406657890729e+02
5.026585592908217563e+02
5.001362652099140291e+02
4.975897913074145436e+02
4.950190973618647376e+02
4.924241911203880022e+02
4.898051479645250197e+02
4.871621287240138827e+02
4.844953952059361200e+02
4.818053230344289091e+02
4.790924114407595198e+02
4.764707173123562711e+02
4.738990192243788329e+02
4.713064594488079138e+02
4.687027395376624668e+02
4.660848415731629757e+02
4.634489909350063499e+02
4.608210542397295626e+02
4.582493806706146415e+02
4.556635926148012459e+02
4.530650874913887947e+02
4.505813980077690530e+02
4.484526677826309538e+02
4.463166309341808642e+02
4.441826282481035832e+02
4.420401534883712884e+02
4.398898006575425370e+02
4.377322091427508894e+02
4.355680693329402402e+02
4.333981263472244905e+02
4.312231817179005589e+02
4.290440929409477349e+02
4.268617708788935374e+02
4.246842939703529964e+02
4.225115234413363510e+02
4.203385170825187629e+02
4.181663344529686697e+02
4.159960475293381705e+02
4.138287285687087547e+02
4.116654373880560343e+02
4.095072084112875359e+02
4.073550378314391764e+02
4.052098712209307223e+02
4.030725918978974391e+02
4.009447206811864817e+02
3.988382643247605301e+02
3.967418728705531521e+02
3.946560887967103213e+02
3.925813535983634210e+02
3.905180049017084798e+02
3.884662752947679110e+02
3.864262928241520285e+02
3.843980830678074199e+02
3.823815726598360811e+02
3.803765941155380119e+02
3.783828917832436218e+02
3.764069497459064451e+02
3.744484363085813925e+02
3.724999769355750914e+02
3.705610395529369612e+02
3.686310437883190048e+02
3.667093696082252450e+02
3.647953657645942940e+02
3.629054342709377465e+02
3.610318854751830600e+02
3.591639475762352731e+02
3.573009222689801732e+02
3.554421150533673313e+02
3.535868402288993479e+02
3.517344251331374494e+02
3.498983749715714566e+02
3.481909183685517633e+02
3.464842813040824581e+02
3.447777546322525950e+02
3.430706589167617722e+02
3.413644743580953218e+02
3.396680153009418746e+02
3.379691565753113878e+02
3.362673641932311739e+02
3.345621442093244013e+02
3.328530434587599984e+02
3.311396499779828559e+02
3.294215931643453814e+02
3.277060035862035079e+02
3.259914100691084400e+02
3.242712898392888974e+02
3.225454368996724952e+02
3.208136852825257961e+02
3.190759086485971352e+02
3.173320199083782995e+02
3.155819708787905142e+02
3.138257519802854176e+02
3.120633919710569444e+02
3.102949577070805276e+02
3.085205539092265212e+02
3.067504713449383758e+02
3.049779120542142437e+02
3.032271220690079758e+02
3.015362585418180288e+02
2.998525354393608495e+02
2.981650545083998622e+02
2.964731991214412119e+02
2.947773151149399382e+02
2.930777842763126273e+02
2.913750233910181464e+02
2.896694828509655508e+02
2.879616448032075482e+02
2.862520208290521850e+02
2.845411491555392445e+02
2.828296974775727222e+02
2.811319578165030180e+02
2.794347114946887700e+02
2.777385678200931238e+02
2.760582193257665153e+02
2.746171658524572763e+02
2.731787221619127877e+02
2.717431809785112478e+02
2.703108394703198201e+02
2.688820024902499313e+02
2.674677836820432049e+02
2.660606210176701438e+02
2.646579507781133316e+02
2.632637692777454959e+02
2.618850269964984818e+02
2.605119034687360227e+02
2.591448048661326879e+02
2.577910533313095698e+02
2.564511687209675301e+02
2.551185942573137595e+02
2.538054059017901523e+02
2.525022913433132317e+02
2.512078020068258013e+02
2.499223622872995065e+02
2.486949522467189411e+02
2.475672773935659450e+02
2.464528631093170645e+02
2.453588489117516360e+02
2.442753051140442153e+02
2.432023960422085906e+02
2.421427767089485030e+02
2.411053108039724577e+02
2.400787856222173104e+02
2.390632399674992996e+02
2.380586813367634704e+02
2.370650869569801102e+02
2.360824052694999864e+02
2.351105578391934046e+02
2.341494416550714277e+02
2.331989317792999827e+02
2.322705018083306641e+02
2.313545304750966523e+02
2.304486914112161458e+02
2.295528044215047601e+02
2.286666838077501609e+02
2.277901418081046074e+02
2.269229919173809265e+02
2.260650520168775301e+02
2.252224488313320023e+02
2.244199626792817526e+02
2.236300317672568099e+02
2.228486845145552024e+02
2.220757995285479183e+02
2.213133846212249409e+02
2.205706047396860754e+02
2.198360198130107790e+02
2.191095725768135480e+02
2.183912198580645452e+02
2.176809309420294198e+02
2.169786855239256624e+02
2.162850712215830811e+02
2.156125463566253018e+02
2.151554666692525757e+02
2.147181468399545849e+02
2.143151675688434636e+02
2.139347950179269731e+02
2.135733233059529539e+02
2.132236301191817347e+02
2.128805751774966382e+02
2.125439667107496007e+02
2.122136286915992116e+02
2.118894018410884428e+02
2.115711442156085980e+02
2.112587313755408331e+02
2.109520561460718682e+02
2.106681570381243489e+02
2.104000707877374055e+02
2.101374992221889215e+02
2.098897275272006766e+02
2.096626383189388321e+02
2.094438841339768942e+02
2.092305231154871876e+02
2.090225429982242815e+02
2.088199342369262297e+02
2.086226879808232297e+02
2.084429502793497022e+02
2.082702972000607247e+02
2.081029681001295728e+02
2.079409409766883812e+02
2.077841872666988650e+02
2.076326712247699788e+02
2.074863496222603487e+02
2.073451717680171100e+02
2.072090798414280357e+02
2.070892324080698756e+02
2.069764461656563981e+02
2.068685387074914104e+02
2.067654332722973152e+02
2.066670513773291589e+02
2.065733143588372229e+02
2.064841449451573965e+02
2.063994688057943847e+02
2.063192160201291472e+02
2.062455397746651897e+02
2.061873170101227117e+02
2.061333476397956019e+02
2.060835914763105734e+02
2.060380171184172582e+02
2.059966019570999265e+02
2.059593318349192543e+02
2.059262003518482516e+02
2.058972078203926799e+02
2.058723598822614917e+02
2.058516658080243076e+02
2.058454409665798721e+02
2.058494239237737418e+02
2.059626424478329341e+02
2.061870084303587021e+02
2.064270085169043227e+02
2.066706450148985255e+02
2.069176939061434553e+02
2.071679338468102287e+02
2.074211484953084437e+02
2.076771285524217205e+02
2.079453612831284772e+02
2.082198666280244765e+02
2.084965687386404625e+02
2.087753010591507632e+02
2.090559091002698437e+02
2.093382503524084939e+02
2.096325234567331393e+02
2.099315558792556260e+02
2.102319615912881829e+02
2.105336395784293302e+02
2.108364958060161882e+02
2.111404415610368233e+02
2.114453916803160212e+02
2.117512627150394735e+02
2.120625197959919603e+02
2.123834899288021347e+02
2.127051238339142571e+02
2.130273279079646613e+02
2.133500018377622212e+02
2.136730373724329866e+02
2.139963173309543265e+02
2.143197148702196557e+02
2.146430930328489524e+02
2.149805385523369523e+02
2.153412233362785457e+02
2.157053332363130949e+02
2.160687828139002420e+02
2.164363328230997467e+02
2.168116119389844982e+02
2.171856708464464418e+02
2.175583145773424576e+02
2.179382244009904639e+02
2.183204295739168401e+02
2.187006372583596772e+02
2.190786619303519558e+02
2.194543264112323300e+02
2.198274645286246880e+02
2.202044844134224491e+02
2.205858157083388846e+02
2.209642167341080210e+02
2.213395934940199652e+02
2.217118765494753063e+02
2.220810236175387331e+02
2.224470220818924133e+02
2.228098913975651101e+02
2.231711856598455483e+02
2.236588372100284516e+02
2.241768960735190888e+02
2.246960049512015871e+02
2.252227832346936225e+02
2.257499251741448063e+02
2.262746196437254014e+02
2.267971309933997475e+02
2.273177844284744253e+02
2.278369680160333246e+02
2.283551339687755046e+02
2.288727991351557876e+02
2.293905446294255057e+02
2.299090145411848312e+02
2.304289136715086954e+02
2.309510042517223667e+02
2.314761016115817540e+02
2.320050687760770813e+02
2.325388099843868872e+02
2.330801989534764402e+02
2.336399545991486946e+02
2.342073646895940158e+02
2.347834136011262558e+02
2.353690793643939116e+02
2.359789861338977630e+02
2.366083353874354032e+02
2.372555921850240281e+02
2.379160702273937318e+02
2.385905281451257736e+02
2.392796411035518531e+02
2.399839883300495558e+02
2.407040414189644935e+02
2.414490638677157790e+02
2.422152945186859938e+02
2.429979022872255996e+02
2.438020977018042856e+02
2.446363914296364896e+02
2.454947989189206794e+02
2.463917051310683348e+02
2.473193627845420508e+02
2.482609574755420283e+02
2.492156103079312004e+02
2.501823300815229345e+02
2.511600278699545754e+02
2.521475338409150879e+02
2.531442378342277664e+02
2.541647459718770392e+02
2.551912640040329450e+02
2.562225006180076434e+02
2.572571872767927061e+02
2.582940991452275057e+02
2.593320746401068959e+02
2.603738914785825500e+02
2.614244213685533396e+02
2.624730728703986529e+02
2.635190854295045142e+02
2.645618188239346296e+02
2.656007534545154272e+02
2.666376298665669538e+02
2.677728664139423813e+02
2.689546099562747372e+02
2.701313785914323375e+02
2.713030209094944780e+02
2.724694332988474343e+02
2.739929565463266954e+02
2.757467210011120642e+02
2.774929164909888186e+02
2.792301938967481192e+02
2.809572669928044206e+02
2.826729347643088204e+02
2.843785034520228123e+02
2.860820625765604746e+02
2.877713032734987451e+02
2.894455252687749294e+02
2.911041732796271049e+02
2.927468365016582652e+02
2.943732439033571495e+02
2.959832555898221358e+02
2.975768506151526367e+02
2.991541117216532939e+02
3.007152075608141786e+02
3.022603730042584402e+02
3.037898881820002543e+02
3.053040568909265744e+02
3.068031850000338636e+02
3.082956181106243889e+02
3.097793008462084003e+02
3.112494367347495654e+02
3.127289048432191976e+02
3.142074901390728314e+02
3.156748037898879033e+02
3.171339372256269371e+02
3.185840941782683444e+02
3.200191635276120223e+02
3.214491593507353286e+02
3.228653103916290661e+02
3.242644736162050663e+02
3.256457989320775255e+02
3.270083402651220013e+02
3.283510657567056228e+02
3.296728694029800977e+02
3.309725838814512144e+02
3.322489943171516984e+02
3.335008527529755611e+02
3.347268931047191813e+02
3.359341852762079839e+02
3.371183986540208366e+02
3.382730411291317409e+02
3.393969276287782009e+02
3.404889306323836422e+02
3.415479944683709732e+02
3.425731490597288484e+02
3.435675791086986237e+02
3.445360043096191021e+02
3.454682519239636918e+02
3.463765336075091454e+02
3.472484312599935379e+02
3.480830780413464822e+02
3.488804228172903095e+02
3.496405782098117925e+02
3.503638246878863924e+02
3.510506129422728918e+02
3.517015643921455990e+02
3.523174696746260111e+02
3.528992849784066266e+02
3.534492809345967999e+02
3.539804775020604097e+02
3.544813757614081169e+02
3.549535117998082683e+02
3.553985335529109761e+02
3.558181830029965340e+02
3.562142763203010531e+02
3.565886822323405454e+02
3.569432989953295987e+02
3.572800304318054714e+02
3.576007615851261789e+02
3.579118153972507343e+02
3.582185973287368483e+02
3.585146867366029824e+02
3.588149055474102624e+02
3.591090352454657477e+02
3.594081543733967692e+02
3.597021371840590405e+02
3.599920247355269680e+02
3.602787165145243762e+02
3.607764469270235281e+02
3.613763718822328315e+02
3.619742695014595029e+02
3.625701615633536790e+02
3.631640544291527135e+02
3.637559799188549619e+02
3.643460358238581875e+02
3.649344242295039180e+02
3.655214857595472608e+02
3.661122687345736040e+02
3.667123600816909175e+02
3.673132221317226254e+02
3.679198375722491505e+02
3.686621958950586873e+02
3.694090413704768707e+02
3.701618526410236427e+02
3.709222064259642480e+02
3.719246755364165438e+02
3.729841901938395949e+02
3.740553410533971146e+02
3.751391888935780798e+02
3.771118855362050226e+02
3.792111309657304332e+02
3.813196991836431948e+02
3.834351719627364901e+02
3.855551820770650124e+02
3.876847658951401741e+02
3.898207751986225844e+02
3.919554228417470085e+02
3.940874057509861359e+02
3.962205584187359477e+02
3.983590194635268631e+02
4.004936737922353700e+02
4.026251494523293673e+02
4.047545799079446738e+02
4.068835793596375083e+02
4.090142017359200395e+02
4.113180532325268928e+02
4.137175502361643566e+02
4.161380112469144024e+02
4.185724427638691623e+02
4.210217990844729457e+02
4.235534883766681560e+02
4.261293861174128210e+02
4.295617620744492910e+02
4.331533342639834245e+02
4.367666669813394833e+02
4.404006083353930876e+02
4.440538358944381230e+02
4.477430315939679417e+02
4.515406794922904510e+02
4.553615039322750135e+02
4.592005788362549197e+02
4.630511278157140396e+02
4.669116025330143316e+02
4.707805058082445271e+02
4.746563883471757208e+02
4.785378367167873535e+02
4.824234538244794521e+02
4.863118334801652622e+02
4.902015308422910493e+02
4.940910306664806058e+02
4.979787152918149786e+02
5.018705340496787244e+02
5.057619852563615837e+02
5.096458686704871752e+02
5.136436808133540808e+02
5.176832418407685736e+02
5.217074335272894814e+02
5.257131724199005021e+02
5.296971956424115433e+02
5.336603828775678267e+02
5.376038389528685002e+02
5.415149918798018689e+02
5.453901663604517580e+02
5.492256840489939123e+02
5.530250491151311962e+02
5.567840194892161207e+02
5.604927403751025849e+02
5.641479794173810660e+02
5.677467236582543819e+02
5.712862163474220552e+02
5.747639888764455236e+02
5.781778871316863615e+02
