1.644379006461811969e+03
1.644824104423949848e+03
1.645213531818465981e+03
1.645758075081821062e+03
1.646289957078924090e+03
1.646840287697444182e+03
1.647464360426336498e+03
1.648049104420392950e+03
1.648513183031326207e+03
1.648958604324459429e+03
1.649422805192389205e+03
1.649889732751148131e+03
1.650350643009010810e+03
1.650715524480433487e+03
1.651086143240317142e+03
1.651408547246214312e+03
1.651706247383842538e+03
1.652008506254333497e+03
1.652231433191012229e+03
1.652409093229706286e+03
1.652485852824001540e+03
1.652469014402786343e+03
1.652429247161868943e+03
1.652412455759440945e+03
1.652383036529264700e+03
1.652303297257595204e+03
1.652234653389155028e+03
1.652203410134286059e+03
1.652108558852002034e+03
1.651970866463198490e+03
1.651708852704338824e+03
1.651402834379387059e+03
1.651011266220691368e+03
1.650495301344139307e+03
1.649938409385183149e+03
1.649361655356522078e+03
1.648698593921461907e+03
1.647980996658679942e+03
1.647282805266713694e+03
1.646487308563121587e+03
1.645783091218373102e+03
1.645138121734091783e+03
1.644639696026485808e+03
1.644288780646496434e+03
1.643882393835674520e+03
1.643397771486498641e+03
1.642802469309494427e+03
1.642254921424103486e+03
1.641909021615798792e+03
1.641490138540702901e+03
1.640949217663776153e+03
1.640324952528865879e+03
1.639797863710184629e+03
1.639232114433154038e+03
1.638768862113127398e+03
1.638382495552617002e+03
1.638099549361279060e+03
1.637784856706938172e+03
1.637393641872385160e+03
1.637044959554836851e+03
1.636704011524768248e+03
1.636310209012428231e+03
1.635935045498404406e+03
1.635751526032307538e+03
1.635630181061419762e+03
1.635511382740942281e+03
1.635349941984031830e+03
1.635198854202138591e+03
1.635252104704157773e+03
1.635385078807865739e+03
1.635548834839428764e+03
1.635747835397851304e+03
1.635878941340205756e+03
1.635965058701196995e+03
1.636124778236682687e+03
1.636278943933335540e+03
1.636398512436966712e+03
1.636638098193337555e+03
1.636948241401818450e+03
1.637474876688100267e+03
1.638088034704544498e+03
1.638848014596745998e+03
1.639757286208203823e+03
1.640822893170291081e+03
1.641947012103101315e+03
1.643073339341488008e+03
1.644230677609437180e+03
1.645494707084364336e+03
1.646853269970624069e+03
1.648231673905015214e+03
1.649570730671833644e+03
1.651125307515464101e+03
1.652815575071916101e+03
1.654488179607064467e+03
1.656386402338295738e+03
1.658289222751549232e+03
1.660446134417722533e+03
1.662591152139791120e+03
1.664807744020598648e+03
1.667046888149336837e+03
1.669456384798873160e+03
1.671943030484854489e+03
1.674489477065286110e+03
1.677051970006635202e+03
1.679608352900702357e+03
1.682274994681094995e+03
1.685099020369632854e+03
1.688245213293251027e+03
1.691378299968273495e+03
1.694589192276110680e+03
1.697805604876735742e+03
1.701180752584320544e+03
1.704864286465640816e+03
1.708772480871306698e+03
1.712771384125669101e+03
1.716806103573270548e+03
1.721022162795661188e+03
1.725464283792297465e+03
1.730217145452625346e+03
1.735088802880928142e+03
1.740223227704420879e+03
1.745448426155389825e+03
1.750982481573851373e+03
1.756575028173629107e+03
1.762343654971743035e+03
1.768098831739352363e+03
1.773944558850261728e+03
1.779949627212859241e+03
1.786013976877342884e+03
1.792134139137413968e+03
1.798263443330570681e+03
1.804662668261055160e+03
1.811215490739388315e+03
1.817773949131906193e+03
1.824539753071455834e+03
1.831485219429345307e+03
1.838533109801006049e+03
1.845612751770220711e+03
1.852760198381979308e+03
1.860029090272423900e+03
1.867397704448526838e+03
1.874774554912436543e+03
1.882315956344270944e+03
1.889883652799350784e+03
1.897778564391127247e+03
1.906191225481704805e+03
1.914685581464898860e+03
1.923279620856470046e+03
1.931885869433092466e+03
1.940506378707645581e+03
1.949409012240167613e+03
1.958461402233242779e+03
1.967514844735892439e+03
1.976602424417555085e+03
1.985655279214901157e+03
1.994870248218773213e+03
2.004297319014179948e+03
2.013799228561501423e+03
2.023355661331753481e+03
2.032964519249064324e+03
2.042616211541654138e+03
2.052554005561409213e+03
2.062717420979686722e+03
2.073041122038137019e+03
2.083392893840120450e+03
2.093829457119853942e+03
2.104328517847111470e+03
2.114932253426167790e+03
2.125502657663748323e+03
2.136054328581803020e+03
2.146594676138520299e+03
2.157142736365124620e+03
2.167848377798685760e+03
2.178623527431720959e+03
2.189555084673643250e+03
2.200717782562996945e+03
2.211840813702324795e+03
2.222877587784668776e+03
2.233889151206959014e+03
2.244877551567967657e+03
2.255875687207566443e+03
2.267004076627730683e+03
2.278066047246401013e+03
2.289019182588270269e+03
2.299861195958276767e+03
2.310589846979495633e+03
2.321202939941657860e+03
2.331698320526150383e+03
2.342073870967942639e+03
2.352417351970163509e+03
2.362671351903924915e+03
2.372975426826514649e+03
2.383235285049835511e+03
2.393404394321533800e+03
2.403440449664795779e+03
2.413363944182732666e+03
2.423318867744853378e+03
2.433288250733742188e+03
2.443306687938928917e+03
2.453184729454163971e+03
2.462933211873092660e+03
2.472721036204573466e+03
2.482513056531866368e+03
2.492207003924750552e+03
2.501843157137250273e+03
2.511315130176461025e+03
2.520619595249375379e+03
2.529772782061970247e+03
2.538838438598703760e+03
2.547831269857636471e+03
2.556644551863140805e+03
2.565403037069922448e+03
2.574158489211369670e+03
2.582726601326790842e+03
2.591099739452682570e+03
2.599274453705991618e+03
2.607247363623935144e+03
2.615015165848060406e+03
2.622574640668963184e+03
2.629967343601758330e+03
2.637252736481893407e+03
2.644381084490755711e+03
2.651288882286262378e+03
2.657973253141173245e+03
2.664431428565172610e+03
2.670660750118629039e+03
2.676658670144242024e+03
2.682422751470917319e+03
2.688011551320778835e+03
2.693513459780451285e+03
2.698774681444906037e+03
2.703793062818547696e+03
2.708566554368022480e+03
2.713093209014878084e+03
2.717371180098404693e+03
2.721406752796374349e+03
2.725195237322180219e+03
2.728808980782360777e+03
2.732200088292747751e+03
2.735370688125287415e+03
2.738361153835729510e+03
2.741092234954188825e+03
2.743562651207940235e+03
2.745771203820970186e+03
2.747716775076472913e+03
2.749398327893410624e+03
2.750814905426219866e+03
2.751965630694840911e+03
2.752849706250531199e+03
2.753466413881391418e+03
2.753815114360193547e+03
2.753895247235949228e+03
2.753706330669694125e+03
2.753247961314181794e+03
2.752519814236552975e+03
2.751521642882586093e+03
2.750253279080823631e+03
2.748714633084647176e+03
2.746954577703931136e+03
2.744981592021604229e+03
2.742738422963003813e+03
2.740225227457197434e+03
2.737442245662304686e+03
2.734389802771728682e+03
2.731068310759638734e+03
2.727478270042337499e+03
2.723620271034364123e+03
2.719494995580618706e+03
2.715103218248550547e+03
2.710445807467324357e+03
2.705523726503864509e+03
2.700338034268694173e+03
2.694889885947402036e+03
2.689213798016085093e+03
2.683398250666865806e+03
2.677382910408731732e+03
2.671110439792623310e+03
2.664609756563837436e+03
2.657944715793765681e+03
2.651076547426358957e+03
2.644016857517533936e+03
2.636716754108355872e+03
2.629313836223404905e+03
2.621725871966108571e+03
2.613895004667622743e+03
2.605823421309857622e+03
2.597600528630378903e+03
2.589160805439395517e+03
2.580487680089120659e+03
2.571583871766078119e+03
2.562452259988179776e+03
2.553095886184612937e+03
2.543517953942001895e+03
2.533755374892217333e+03
2.523862448948560996e+03
2.513759786783899017e+03
2.503486597387655365e+03
2.493175640731293242e+03
2.482799253898468123e+03
2.472609275290527876e+03
2.462252446328714996e+03
2.451707817741978033e+03
2.440979470574518018e+03
2.430071616987289417e+03
2.418991743009990842e+03
2.407844221737586849e+03
2.396530501984602324e+03
2.385203774021275876e+03
2.373890140364516810e+03
2.362498739661424224e+03
2.351080444355692634e+03
2.339536032303401043e+03
2.327853214624852626e+03
2.316036750288658368e+03
2.304166014275170255e+03
2.292202904113349177e+03
2.280206345604661237e+03
2.268254038811644023e+03
2.256271967086052427e+03
2.244338727204287352e+03
2.232370617971308093e+03
2.220396216986930085e+03
2.208527652469422719e+03
2.196756326102206003e+03
2.185071532826630573e+03
2.173570535407597163e+03
2.162111201787295613e+03
2.150643501357058994e+03
2.139165122425054506e+03
2.127668379385871958e+03
2.116108873898579532e+03
2.104489771450565968e+03
2.092875368894885469e+03
2.081372578325570430e+03
2.070031848153194460e+03
2.058655200134535789e+03
2.047316230406749582e+03
2.036033126116957646e+03
2.024772466756804761e+03
2.013624514487677516e+03
2.002530949149347180e+03
1.991471380793199842e+03
1.980463868825293048e+03
1.969483208562633081e+03
1.958697624386990128e+03
1.948006829945109985e+03
1.937423685576632806e+03
1.927193945937973695e+03
1.917085796371432025e+03
1.907081063850557939e+03
1.897096713551865605e+03
1.887156969798848650e+03
1.877256487910034139e+03
1.867410873603659866e+03
1.857627270773490409e+03
1.847896213622299001e+03
1.838266706946946215e+03
1.828785196095799165e+03
1.819505627391000417e+03
1.810480540932083613e+03
1.801633938580747099e+03
1.793011587011635584e+03
1.784602872861184323e+03
1.776336265465910174e+03
1.768294092366388668e+03
1.760376838456587620e+03
1.752605957858367674e+03
1.745010478510481107e+03
1.737528765032100637e+03
1.730295091210095507e+03
1.723240370525832986e+03
1.716379758288387848e+03
1.709576674553203247e+03
1.703053930367737394e+03
1.696977473922740046e+03
1.690983693961934932e+03
1.685151857088446604e+03
1.679573941675823107e+03
1.674177371531290873e+03
1.668823414075361143e+03
1.663441415773847211e+03
1.658267839028424760e+03
1.653199903288647874e+03
1.648256202554582615e+03
1.643493121622725539e+03
1.638834098717887173e+03
1.634396383409733062e+03
1.630092895855375900e+03
1.625866205415553623e+03
1.621684930025678568e+03
1.617534659535570881e+03
1.613506364827705966e+03
1.609739038560030167e+03
1.606339111989159619e+03
1.603397420653575409e+03
1.600465523025507991e+03
1.597505389743441128e+03
1.594542486159773944e+03
1.591791521512816416e+03
1.589288262099665644e+03
1.586929395201822899e+03
1.584761392287543913e+03
1.582867812260347364e+03
1.581118117135675675e+03
1.579414558047201353e+03
1.577846911848494756e+03
1.576339411056556855e+03
1.574994622581951717e+03
1.573913010944635516e+03
1.573075079848770201e+03
1.572321063537212012e+03
1.571578859443429337e+03
1.570862102741962190e+03
1.570261253153276130e+03
1.569649550844519354e+03
1.569051017281532495e+03
1.568692678190080187e+03
1.568420460592663403e+03
1.568127118275508792e+03
1.568000139314892294e+03
1.568015220935145635e+03
1.568226628549575480e+03
1.568541318332280980e+03
1.568875875951879607e+03
1.569175438565009699e+03
1.569638423486622287e+03
1.570259901432625611e+03
1.570974640717629882e+03
1.571836175466723489e+03
1.572776594916304020e+03
1.573755988992510538e+03
1.574825439207931140e+03
1.576003318501297372e+03
1.577146850494877754e+03
1.578268243574766302e+03
1.579424594141973557e+03
1.580730238117187128e+03
1.582029986688430654e+03
1.583401280400043106e+03
1.584768903637188487e+03
1.586123551988433746e+03
1.587541238503139311e+03
1.588989580980317442e+03
1.590474643883851058e+03
1.592108972752579120e+03
1.593713054702281852e+03
1.595278178151911561e+03
1.596819780566455165e+03
1.598355004811789968e+03
1.600036322278846683e+03
1.601704341573155261e+03
1.603359266427969942e+03
1.605012869455108103e+03
1.606657920325097621e+03
1.608212316887054840e+03
1.609763503946835954e+03
1.611286004475668733e+03
1.612752538886350067e+03
1.614263063409841152e+03
1.615804669780135555e+03
1.617392341294098969e+03
1.618939791153234637e+03
1.620471165936277430e+03
1.621916555580950217e+03
1.623297753016551951e+03
1.624609402656861448e+03
1.626114385411061903e+03
1.627632528622884365e+03
1.629058182847116313e+03
1.630438199421669196e+03
1.631855498780596463e+03
1.633236741343087488e+03
1.634646697165531350e+03
1.635968189687767563e+03
1.637198065514746531e+03
1.638349174772471315e+03
1.639360202082765227e+03
1.640282241136086441e+03
1.641180420004286816e+03
1.642116512220301956e+03
1.642994684726280639e+03
1.643768753606692144e+03
1.644560411715365717e+03
1.645275241200484061e+03
1.645909495455486876e+03
1.646412810319752907e+03
1.646871831143184863e+03
1.647185700340624408e+03
1.647383766662992457e+03
1.647601674500003810e+03
1.647914408206262124e+03
1.648288524032295754e+03
1.648525931437811096e+03
1.648610514536693245e+03
1.648569144256643540e+03
1.648446687551931518e+03
1.648169299954054395e+03
1.647742857666861255e+03
1.647279004593830905e+03
1.646702558296402913e+03
1.646129326165208568e+03
1.645505336661392448e+03
1.644895192310881157e+03
1.644292071874378735e+03
1.643559282331791337e+03
1.642880043081479243e+03
1.642119084370523979e+03
1.641224594302150308e+03
1.640208723065300546e+03
1.639208183324981292e+03
1.638217851264796991e+03
1.637199997846342967e+03
1.636236615077066290e+03
1.635157509900789819e+03
1.633971039137026310e+03
1.632771979538024880e+03
1.631472840264904789e+03
1.630158151502485907e+03
1.628747774332616473e+03
1.627389341238516408e+03
1.626049292550698283e+03
1.624733873457570098e+03
1.623319192920577279e+03
1.621914630053598785e+03
1.620417846030503370e+03
1.618871892903250227e+03
1.617295972487054541e+03
1.615627205446725839e+03
1.613863285772517429e+03
1.611999021198289256e+03
1.610074287946487857e+03
1.608124316796937819e+03
1.606073127568593009e+03
1.603925258678676528e+03
1.601690035132646699e+03
1.599458543333701982e+03
1.597143409458139104e+03
1.594751852389897067e+03
1.592268888304468874e+03
1.589780009135459295e+03
1.587253516714463785e+03
1.584658384784459486e+03
1.582008565576716137e+03
1.579280710301556155e+03
1.576473542987048859e+03
1.573622875121806373e+03
1.570746985239239621e+03
1.567821507828724634e+03
1.564879535020859294e+03
1.561907142330658189e+03
1.558848951961422244e+03
1.555722727532547651e+03
1.552534873844237609e+03
1.549279791386404668e+03
1.545966273670326700e+03
1.542603850499040163e+03
1.539197395343290736e+03
1.535845345083261691e+03
1.532617632176893494e+03
1.529516535379369316e+03
1.526459546587079103e+03
1.523328299725299530e+03
1.520161862263422336e+03
1.517129169718743924e+03
1.514168009030407575e+03
1.511146196224317237e+03
1.508185621296003546e+03
1.505260840365714103e+03
1.502291425424645695e+03
1.499278103025493692e+03
1.496387465873202018e+03
1.493459478169288559e+03
1.490459994758152334e+03
1.487408384818200375e+03
1.484296931724981278e+03
1.481124916705369742e+03
1.477896863812696438e+03
1.474624703221044911e+03
1.471311138916612435e+03
1.467959393158701914e+03
1.464613925710340936e+03
1.461288183312596175e+03
1.457925507262055817e+03
1.454590654120711633e+03
1.451237168633165311e+03
1.447835966863334306e+03
1.444392214177168626e+03
1.440909250256024279e+03
1.437386416526896937e+03
1.433833302668076612e+03
1.430322393106613617e+03
1.426842283586091980e+03
1.423378191670977003e+03
1.419884292137982129e+03
1.416364274836816321e+03
1.412817232236505788e+03
1.409247325718180946e+03
1.405641186718060453e+03
1.402001393913361426e+03
1.398340490804602950e+03
1.394840549473502961e+03
1.391342574002104357e+03
1.387843673254217947e+03
1.384474292341427144e+03
1.381103059122281365e+03
1.377715933615353151e+03
1.374338988821384419e+03
1.370947722932730812e+03
1.367532425236626295e+03
1.364098123819803050e+03
1.360643619106746883e+03
1.357288173927345952e+03
1.353960032924475854e+03
1.350623530996555473e+03
1.347275947033652301e+03
1.343916428530379790e+03
1.340553357476826022e+03
1.337224451395363076e+03
1.333887841434305074e+03
1.330564436423724146e+03
1.327290816892887051e+03
1.324083986029031166e+03
1.320883625298001334e+03
1.317781561989736701e+03
1.314682338376750522e+03
1.311575391692258108e+03
1.308572184626863191e+03
1.305682237458192503e+03
1.302789061250687382e+03
1.299886369162015399e+03
1.296992109826954675e+03
1.294119389266987127e+03
1.291246343425233817e+03
1.288374724230462562e+03
1.285573216956935084e+03
1.282837428253857979e+03
1.280107197260631438e+03
1.277376434230536006e+03
1.274649833627870294e+03
1.271939978104091324e+03
1.269226286985980778e+03
1.266522767569987536e+03
1.263832731846448723e+03
1.261155205240627765e+03
1.258640807744538506e+03
1.256163753506178409e+03
1.253690120070829153e+03
1.251230529621630012e+03
1.248766403627847012e+03
1.246419659080978363e+03
1.244117950298531923e+03
1.241825080332354446e+03
1.239536832486618778e+03
1.237250061752115016e+03
1.234973789522529614e+03
1.232728966475620382e+03
1.230510132360150237e+03
1.228301429094270588e+03
1.226106040904342535e+03
1.223924312458102577e+03
1.221768900067580489e+03
1.219652280380591037e+03
1.217593183260476508e+03
1.215637995843352201e+03
1.213704093294790482e+03
1.211783467940530727e+03
1.209891873739335324e+03
1.208010742968401246e+03
1.206144944215710439e+03
1.204285997398436393e+03
1.202442129996133872e+03
1.200690844400097831e+03
1.199009411650131142e+03
1.197352268528529294e+03
1.195740534400482375e+03
1.194159818112454332e+03
1.192606390984847167e+03
1.191146847038425676e+03
1.189705440450811238e+03
1.188282541448497113e+03
1.186888962786826596e+03
1.185522206403859627e+03
1.184163488998717639e+03
1.182813076770705266e+03
1.181471236543389296e+03
1.180138235843470738e+03
1.178814342766699610e+03
1.177499825636407195e+03
1.176199460912334416e+03
1.174917530237486289e+03
1.173658836937867818e+03
1.172425197941870010e+03
1.171213679820143170e+03
1.170013118349957949e+03
1.168823762561474496e+03
1.167655170925840139e+03
1.166625583438903504e+03
1.165630720588150098e+03
1.164659664809447577e+03
1.163700720220104358e+03
1.162769046915714625e+03
1.161866862735146469e+03
1.160997095066256179e+03
1.160146795535046294e+03
1.159315293335771912e+03
1.158496551891754734e+03
1.157690661346789966e+03
1.156906624314666715e+03
1.156146063207109819e+03
1.155405306353075957e+03
1.154680860288498479e+03
1.153998413397720014e+03
1.153336605047742069e+03
1.152688268418511598e+03
1.152053504369021539e+03
1.151432419405844485e+03
1.150825126570329303e+03
1.150231746230139834e+03
1.149652406760597842e+03
1.149099243343359603e+03
1.148573558786226386e+03
1.148063265357298405e+03
1.147567619093712210e+03
1.147086795433717953e+03
1.146620978968329837e+03
1.146170363078713308e+03
1.145735149411996645e+03
1.145315547200295441e+03
1.144932273683117728e+03
1.144570611955234426e+03
1.144225228595671751e+03
1.143896355060394399e+03
1.143584224994642000e+03
1.143289072862991588e+03
1.143023507602499421e+03
1.142869210023211053e+03
1.142735670633048130e+03
1.142629743841015170e+03
1.142637455568900805e+03
1.142683609853322423e+03
1.142750867719769076e+03
1.142836268033583110e+03
1.142939893617097368e+03
1.143061832287172138e+03
1.143202178602428603e+03
1.143361035489894903e+03
1.143538515728237599e+03
1.143734743266723854e+03
1.143949854361257394e+03
1.144183998511172831e+03
1.144437339182959931e+03
1.144710054309628958e+03
1.145002336557029821e+03
1.145314393351001854e+03
1.145646446661784466e+03
1.145998732544581344e+03
1.146371500437552413e+03
1.146765012220745348e+03
1.147192054350225590e+03
1.147640915316412702e+03
1.148111369075579660e+03
1.148603714074722802e+03
1.149118253175775408e+03
1.149655291463135882e+03
1.150215133888209039e+03
1.150798082767509641e+03
1.151404435151913276e+03
1.152034480085614177e+03
1.152688495774204966e+03
1.153366746682092526e+03
1.154069480580179061e+03
1.154796925565379979e+03
1.155549287074129097e+03
1.156337341774978313e+03
1.157165419090080604e+03
1.158019557279425044e+03
1.158899152054720162e+03
1.159849632932544864e+03
1.160899471942975651e+03
1.161986997443460496e+03
1.163100512500519926e+03
1.164246643566985313e+03
1.165435295636669935e+03
1.166649355974616356e+03
1.167887681038698474e+03
1.169154087792029713e+03
1.170452878630039777e+03
1.171774757617215982e+03
1.173119251745246174e+03
1.174485848712515008e+03
1.175873997930819087e+03
1.177283111670099515e+03
1.178712566338912438e+03
1.180214443119741418e+03
1.181801788607307572e+03
1.183407306237158537e+03
1.185046503399093126e+03
1.186713387129401781e+03
1.188437799442202959e+03
1.190198825156709972e+03
1.191973739152283315e+03
1.193761645567627511e+03
1.195561642717198993e+03
1.197372826404467560e+03
1.199201194718939405e+03
1.201045076164805323e+03
1.202901228686039758e+03
1.204795203469323269e+03
1.206703650454986473e+03
1.208632803193289874e+03
1.210575593703384129e+03
1.212522598546520612e+03
1.214473011071248948e+03
1.216428675472507166e+03
1.218396588746197722e+03
1.220369608810213776e+03
1.222356977612140781e+03
1.224364087905861425e+03
1.226476792892555750e+03
1.228613966795179067e+03
1.230749060264038008e+03
1.232907691098590249e+03
1.235080386866821527e+03
1.237275670624184158e+03
1.239539608341829535e+03
1.241911646167563049e+03
1.244358943651822301e+03
1.246800690654560185e+03
1.249246733459317056e+03
1.251684021431388146e+03
1.254111886490648885e+03
1.256530678051475888e+03
1.258980553965351646e+03
1.261525578271316590e+03
1.264160469763491392e+03
1.266800063495154291e+03
1.269438577718718307e+03
1.272073618042884846e+03
1.274707662893271845e+03
1.277340553907913772e+03
1.279970272760797798e+03
1.282593546752628754e+03
1.285205004351302478e+03
1.287820960206038990e+03
1.290441666170129110e+03
1.293058855137834598e+03
1.295691511653487851e+03
1.298340580023106213e+03
1.301042174706987907e+03
1.303783544531354437e+03
1.306518870260275435e+03
1.309238573312898097e+03
1.311952780432423879e+03
1.314658798065385781e+03
1.317352230880567731e+03
1.320040937195189599e+03
1.322730037285535673e+03
1.325421450977999484e+03
1.328129383130104088e+03
1.330842627501885545e+03
1.333571700895765389e+03
1.336313032547884177e+03
1.339158193092166130e+03
1.342083777471626490e+03
1.345045971320048920e+03
1.347999862771084736e+03
1.350963729702460114e+03
1.353924032064125868e+03
1.356888509780955928e+03
1.359862609134441527e+03
1.362841470994057090e+03
1.365809276309171764e+03
1.368783343786901696e+03
1.371779124283610372e+03
1.374794515575321839e+03
1.377794956502568311e+03
1.380800963177426638e+03
1.383809935060723092e+03
1.386815222580880118e+03
1.389793214137912855e+03
1.392752633433605752e+03
1.395712668627053517e+03
1.398661747657543401e+03
1.401595418876541316e+03
1.404525841573308298e+03
1.407536991114397551e+03
1.410554304032413256e+03
1.413551940379146345e+03
1.416521947607018546e+03
1.419465122128670828e+03
1.422380864032979844e+03
1.425285162427370324e+03
1.428207971124199958e+03
1.431235403255138181e+03
1.434250548748587789e+03
1.437221087280743859e+03
1.440173520743063591e+03
1.443169143131565761e+03
1.446152470167128968e+03
1.449112581396692349e+03
1.452044082283456873e+03
1.454954842948206988e+03
1.457939906515504845e+03
1.460991390992147899e+03
1.464004783584458892e+03
1.466970251098727658e+03
1.469891008541436804e+03
1.472778540250674268e+03
1.475703276284808908e+03
1.478629205297753288e+03
1.481581123329006914e+03
1.484491010183352955e+03
1.487350263561425436e+03
1.490148982298743249e+03
1.492877413932594663e+03
1.495555831484404735e+03
1.498188563178497134e+03
1.500752487864412615e+03
1.503343891330877341e+03
1.506001311676946671e+03
1.508701194980190849e+03
1.511391282965061691e+03
1.514094297384266838e+03
1.516719736933230706e+03
1.519301605088781571e+03
1.521915310400991984e+03
1.524462819635499500e+03
1.526956073198301056e+03
1.529417795489835044e+03
1.531890565473846891e+03
1.534393087861006279e+03
1.536838179816102638e+03
1.539311015997807772e+03
1.541927370295013134e+03
1.544554318572428429e+03
1.547126008788829495e+03
1.549625638923011138e+03
1.552052300102326399e+03
1.554457497602561489e+03
1.556836797867234964e+03
1.559201398151510148e+03
1.561623121960801654e+03
1.563997796486375364e+03
1.566357076435666386e+03
1.568704421494804137e+03
1.570964708436180445e+03
1.573149423860294291e+03
1.575249439159719259e+03
1.577329084826980534e+03
1.579428680687800124e+03
1.581631034371879878e+03
1.583752839692949465e+03
1.585796410796736836e+03
1.587754121512944494e+03
1.589722876616243411e+03
1.591619803465569476e+03
1.593491513501612189e+03
1.595344094753942954e+03
1.597213284054224459e+03
1.599100147024978014e+03
1.601013648267816279e+03
1.602889520037412240e+03
1.604740938296983813e+03
1.606505483887906848e+03
1.608180794014036564e+03
1.609880862032748610e+03
1.611511052875410769e+03
1.613046270548725033e+03
1.614490530533883430e+03
1.615849461407283798e+03
1.617128213890278630e+03
1.618430892621390285e+03
1.619735409730149740e+03
1.620934745977226839e+03
1.622168007134107256e+03
1.623457089647415614e+03
1.624663918690577702e+03
1.625882593623679895e+03
1.627009038641406050e+03
1.628043445683865002e+03
1.628979431951122478e+03
1.629812883348388141e+03
1.630550846426241833e+03
1.631282388430638775e+03
1.632126080212547549e+03
1.633043893137928535e+03
1.633915750116771051e+03
1.634835085055047557e+03
1.635677046560552753e+03
1.636546624756214442e+03
1.637544388366772864e+03
1.638606463302193333e+03
1.639682284426409296e+03
1.640640491069588279e+03
1.641490917126325712e+03
1.642225487070521467e+03
1.642841182116786968e+03
1.643423869072816160e+03
1.643920367589581247e+03
1.644379006461811969e+03
