2.367859234112324775e+05
2.368357166704863776e+05
2.368835198384360701e+05
2.369293233657090168e+05
2.369734797457101522e+05
2.370162345810637053e+05
2.370566849667677016e+05
2.370951696550719789e+05
2.371322488748515316e+05
2.371679998713069945e+05
2.372019770948280639e+05
2.372341108796413173e+05
2.372645749839174678e+05
2.372937443931014277e+05
2.373214373267538031e+05
2.373475088270362467e+05
2.373718925557093171e+05
2.373948074162341072e+05
2.374162871956017043e+05
2.374363792383100663e+05
2.374551721352371678e+05
2.374725313228526211e+05
2.374884222909429809e+05
2.375027019898393191e+05
2.375157899301280268e+05
2.375279551886048866e+05
2.375386200155935367e+05
2.375479052090866899e+05
2.375563935519053484e+05
2.375635704290844733e+05
2.375696903886484506e+05
2.375751454907739826e+05
2.375798764408046263e+05
2.375837607008749037e+05
2.375870719371203741e+05
2.375896950424428796e+05
2.375915474551311927e+05
2.375930702291207854e+05
2.375943099938871746e+05
2.375954088967613061e+05
2.375957523116568336e+05
2.375960278528941562e+05
2.375955185646283498e+05
2.375943669009456353e+05
2.375925953182572848e+05
2.375905986906412872e+05
2.375879963616277382e+05
2.375847544674600649e+05
2.375812425464484550e+05
2.375773499636327033e+05
2.375733615917013958e+05
2.375698159677188960e+05
2.375664811298142304e+05
2.375628929909836443e+05
2.375596082527632534e+05
2.375569217410399579e+05
2.375550956227215065e+05
2.375541225974666886e+05
2.375542985386383370e+05
2.375552750941373524e+05
2.375569641442227294e+05
2.375595062347879284e+05
2.375620657718037255e+05
2.375656140525485098e+05
2.375701638870060560e+05
2.375754333782112517e+05
2.375818295359456679e+05
2.375894349312838749e+05
2.375978256765760598e+05
2.376078338041351817e+05
2.376189291522816638e+05
2.376304606498177163e+05
2.376436846259438607e+05
2.376573692310183251e+05
2.376726097606292460e+05
2.376887488676815119e+05
2.377065909788569843e+05
2.377259640806750394e+05
2.377466258544349112e+05
2.377695446159358253e+05
2.377941612492427230e+05
2.378203819395867467e+05
2.378480780694279238e+05
2.378773729852979886e+05
2.379085762229968095e+05
2.379418331501429493e+05
2.379764381027846830e+05
2.380129516943480703e+05
2.380510071130368451e+05
2.380909197222249932e+05
2.381324711455579381e+05
2.381763335090891051e+05
2.382220819614868087e+05
2.382697528743833827e+05
2.383193667393116921e+05
2.383711696371504222e+05
2.384259693469069316e+05
2.384831814776769897e+05
2.385429756571351027e+05
2.386048196591166197e+05
2.386686491654544661e+05
2.387349400495284353e+05
2.388037502463010023e+05
2.388747208620494057e+05
2.389488182800521317e+05
2.390254214272994723e+05
2.391040965645092656e+05
2.391849966235351167e+05
2.392682599680956337e+05
2.393539218313936435e+05
2.394422614442590566e+05
2.395330816528456635e+05
2.396259976327726908e+05
2.397216334563612763e+05
2.398199624808996159e+05
2.399206444918615744e+05
2.400238143679050263e+05
2.401289825478511048e+05
2.402361893290653534e+05
2.403457821079299320e+05
2.404580031732968346e+05
2.405728876750405470e+05
2.406905224885861389e+05
2.408110497499436606e+05
2.409338804517659009e+05
2.410587927514577168e+05
2.411858634815971891e+05
2.413147919505734171e+05
2.414461271497970738e+05
2.415799999314971501e+05
2.417171539120406669e+05
2.418565924765161471e+05
2.419976675398230436e+05
2.421408273520688526e+05
2.422867013924325292e+05
2.424347271513191226e+05
2.425837895397973480e+05
2.427348482454384794e+05
2.428877715982842201e+05
2.430430299073663191e+05
2.432006392212934443e+05
2.433604053121912002e+05
2.435230692914807587e+05
2.436879071022165590e+05
2.438542916896221286e+05
2.440227898078275030e+05
2.441937219808149675e+05
2.443672398280197231e+05
2.445423048211399291e+05
2.447188637629793957e+05
2.448979300935683714e+05
2.450790449343407527e+05
2.452613715270946850e+05
2.454457338496361626e+05
2.456326346426899836e+05
2.458219116561879637e+05
2.460128540002025838e+05
2.462060771478679962e+05
2.464010949962574523e+05
2.465972861621985503e+05
2.467947282900263963e+05
2.469941442811967281e+05
2.471952135798385425e+05
2.473986025389058923e+05
2.476036044468274631e+05
2.478099160225423111e+05
2.480175238923790166e+05
2.482266577380737581e+05
2.484374025047709292e+05
2.486498240196875413e+05
2.488639829719454283e+05
2.490792369262526918e+05
2.492964682018185558e+05
2.495140881304923678e+05
2.497326904760554316e+05
2.499528173401782697e+05
2.501736192155317112e+05
2.503946577793590259e+05
2.506156153904877428e+05
2.508374883480020508e+05
2.510610091790116276e+05
2.512856425182330422e+05
2.515115148381314066e+05
2.517383312715045759e+05
2.519661479199325840e+05
2.521946905103476311e+05
2.524240129255983338e+05
2.526538984076622583e+05
2.528841587240528024e+05
2.531150309248522972e+05
2.533472886491899553e+05
2.535801161190796702e+05
2.538129238634347857e+05
2.540461690319647314e+05
2.542799607291189895e+05
2.545147882945203746e+05
2.547504733523298346e+05
2.549869025854829815e+05
2.552232712521666836e+05
2.554603735512044223e+05
2.556980963969429722e+05
2.559364239714495197e+05
2.561754288031376200e+05
2.564140866583871830e+05
2.566529367479186913e+05
2.568917997939203633e+05
2.571318114145886502e+05
2.573734304736091290e+05
2.576163110205472040e+05
2.578599842423550144e+05
2.581037870344031544e+05
2.583480461560652475e+05
2.585926838539082091e+05
2.588370095626392285e+05
2.590825457428836089e+05
2.593281592003995611e+05
2.595738153984723322e+05
2.598193817246338294e+05
2.600653486844488652e+05
2.603112909950072644e+05
2.605577131832078157e+05
2.608038152494222741e+05
2.610496228089864599e+05
2.612950892609278671e+05
2.615409192249853804e+05
2.617870964676115545e+05
2.620323653439625632e+05
2.622764976385681657e+05
2.625196090279971249e+05
2.627624910247873049e+05
2.630047350124791847e+05
2.632463918440021225e+05
2.634874348342915764e+05
2.637279024227677728e+05
2.639686203086370369e+05
2.642092169244092656e+05
2.644496822481181007e+05
2.646901287798838457e+05
2.649293051523632603e+05
2.651677233050753130e+05
2.654054197195448214e+05
2.656424507969724946e+05
2.658783688809926389e+05
2.661129817802678444e+05
2.663467529637531843e+05
2.665800688604690367e+05
2.668138236613910412e+05
2.670479348432548577e+05
2.672810066287344671e+05
2.675132951352988021e+05
2.677458053813033039e+05
2.679778393629509956e+05
2.682094100104949321e+05
2.684405412065863493e+05
2.686704660515034338e+05
2.688992822798652342e+05
2.691270355821241974e+05
2.693543575625417288e+05
2.695809750411224086e+05
2.698071458836419042e+05
2.700327770027426304e+05
2.702583716112824623e+05
2.704839518039403483e+05
2.707084735404523090e+05
2.709320229861348635e+05
2.711545333743417286e+05
2.713755955876893713e+05
2.715964729830545257e+05
2.718170851245322265e+05
2.720373409641280887e+05
2.722566863326458260e+05
2.724757025317523512e+05
2.726942570904833265e+05
2.729119398421918740e+05
2.731287261293054908e+05
2.733438368886955432e+05
2.735584401587855536e+05
2.737724375872782548e+05
2.739853252920735395e+05
2.741973244126737118e+05
2.744082139235847862e+05
2.746170443152005319e+05
2.748247987305907882e+05
2.750311917679347680e+05
2.752355649954767432e+05
2.754383873647995060e+05
2.756405506996234762e+05
2.758419755113474093e+05
2.760425252762896125e+05
2.762428197117102100e+05
2.764421968577305670e+05
2.766415491585765849e+05
2.768399648139280034e+05
2.770369238564010593e+05
2.772333576928424300e+05
2.774294288631699746e+05
2.776237640260062763e+05
2.778162766346795834e+05
2.780061886374797905e+05
2.781944350749895093e+05
2.783811469817221514e+05
2.785666927108011441e+05
2.787506447470984422e+05
2.789322728735301062e+05
2.791118926214436651e+05
2.792896080234277761e+05
2.794648475332378875e+05
2.796384937112155021e+05
2.798118886669563944e+05
2.799828212234634557e+05
2.801533390741802286e+05
2.803229788621253101e+05
2.804903234252160182e+05
2.806555852842084714e+05
2.808198608071315684e+05
2.809835420650115120e+05
2.811455773246110766e+05
2.813059361970383907e+05
2.814655484476393322e+05
2.816240422775954357e+05
2.817808254212953616e+05
2.819361663961187587e+05
2.820901688563725329e+05
2.822423811015079846e+05
2.823926106258090003e+05
2.825401758754730108e+05
2.826860417447180953e+05
2.828300721423026407e+05
2.829731288467545528e+05
2.831148438282149727e+05
2.832548329877223587e+05
2.833931955369223142e+05
2.835295602629790665e+05
2.836629671336916508e+05
2.837943058404027834e+05
2.839236704506723327e+05
2.840503013172969804e+05
2.841751659000096843e+05
2.842993893781844527e+05
2.844218982481770217e+05
2.845428321478600847e+05
2.846624506674327422e+05
2.847810069663014146e+05
2.848984775545320590e+05
2.850130145036650356e+05
2.851244813440518337e+05
2.852347984933570260e+05
2.853434455718378886e+05
2.854493281553686247e+05
2.855526523157296469e+05
2.856533422143484349e+05
2.857518076751659974e+05
2.858492573098976864e+05
2.859454029267384904e+05
2.860398639540039003e+05
2.861318193873354467e+05
2.862203255383624928e+05
2.863071122165549896e+05
2.863907010743294959e+05
2.864721359710604302e+05
2.865512174053896451e+05
2.866285226132316166e+05
2.867037849013812374e+05
2.867774765908498666e+05
2.868488762072072714e+05
2.869188003860129393e+05
2.869865608634948148e+05
2.870518727688257932e+05
2.871142969617552008e+05
2.871736189799357089e+05
2.872297846972064581e+05
2.872833966799045447e+05
2.873347262745149783e+05
2.873843497979284148e+05
2.874322145331561915e+05
2.874791230650790385e+05
2.875247613651149441e+05
2.875680326399407350e+05
2.876099105591031257e+05
2.876494705345232505e+05
2.876853889194289804e+05
2.877203405012864969e+05
2.877522665295389597e+05
2.877821846834604512e+05
2.878101656442001695e+05
2.878370746564034489e+05
2.878617818415872753e+05
2.878838504685827647e+05
2.879043915802297997e+05
2.879224531717175851e+05
2.879384556172003504e+05
2.879516212262872723e+05
2.879621053427328006e+05
2.879694458271465264e+05
2.879748000596584752e+05
2.879788776168976328e+05
2.879817308090142324e+05
2.879828390132643981e+05
2.879809043360814685e+05
2.879769810570282862e+05
2.879703168462439207e+05
2.879616939255694160e+05
2.879514172268703696e+05
2.879380394300817861e+05
2.879214426286585513e+05
2.879024784640365397e+05
2.878810254624051158e+05
2.878564139360348345e+05
2.878290294789610198e+05
2.877994110559981200e+05
2.877683465131866396e+05
2.877360839116039569e+05
2.877027752240058035e+05
2.876671200607513892e+05
2.876286012398018502e+05
2.875872725076687639e+05
2.875439800869167084e+05
2.874989072059530299e+05
2.874524073368559475e+05
2.874046891694224905e+05
2.873547648924260284e+05
2.873007816442896146e+05
2.872442528901394689e+05
2.871854638229866396e+05
2.871242288181039621e+05
2.870612819678850356e+05
2.869960637976943981e+05
2.869288521807593643e+05
2.868582000222237548e+05
2.867857748802730930e+05
2.867114196413114551e+05
2.866341320488334750e+05
2.865545077764698071e+05
2.864725534459986957e+05
2.863878581696159672e+05
2.863019097744416795e+05
2.862137790612035315e+05
2.861236529023938347e+05
2.860311970497728908e+05
2.859359654926955700e+05
2.858387139798623393e+05
2.857400540791825042e+05
2.856396124877348775e+05
2.855359831944895559e+05
2.854296409081953461e+05
2.853214392496608780e+05
2.852104612697758130e+05
2.850959541637999937e+05
2.849787436192691675e+05
2.848598123462374206e+05
2.847387251492425567e+05
2.846160848259867053e+05
2.844908446904557641e+05
2.843642692446316360e+05
2.842351820122810896e+05
2.841036588757584104e+05
2.839693733993772767e+05
2.838320527626911644e+05
2.836921934477739269e+05
2.835515733421418699e+05
2.834091367734691594e+05
2.832647863721201429e+05
2.831187455647568568e+05
2.829705815157949110e+05
2.828204118177215569e+05
2.826687406312137609e+05
2.825152207571102772e+05
2.823600060466448194e+05
2.822018513773871236e+05
2.820406586218692828e+05
2.818773661229620338e+05
2.817119831287524430e+05
2.815447982085761614e+05
2.813753987655458041e+05
2.812037418878579629e+05
2.810302989606001647e+05
2.808553935813759454e+05
2.806781911168858060e+05
2.804988068538557854e+05
2.803167339453392196e+05
2.801321002285256982e+05
2.799436991114014527e+05
2.797522323606709251e+05
2.795581577497789986e+05
2.793617680377346114e+05
2.791637082489443128e+05
2.789635499203661457e+05
2.787598494584958535e+05
2.785538505668420694e+05
2.783454977228833595e+05
2.781339974186058389e+05
2.779200847055056365e+05
2.777045055532316910e+05
2.774867776761399000e+05
2.772667746335430420e+05
2.770447476253481582e+05
2.768195154599323869e+05
2.765926930284660775e+05
2.763642938529998646e+05
2.761336515494316700e+05
2.759005913238788489e+05
2.756648291109264246e+05
2.754273462029141374e+05
2.751876597585194977e+05
2.749457499904977740e+05
2.747014610668302630e+05
2.744545282521853806e+05
2.742048629627831397e+05
2.739540870915332343e+05
2.737012354127153521e+05
2.734452789085453842e+05
2.731870135810581269e+05
2.729268648972994997e+05
2.726645311267076177e+05
2.724001201036648126e+05
2.721330317531780456e+05
2.718643799196066102e+05
2.715934308579515200e+05
2.713192678678805241e+05
2.710425434372337768e+05
2.707639410577315721e+05
2.704836009985532728e+05
2.702016509897979558e+05
2.699177601904488984e+05
2.696307155070011504e+05
2.693407125928745372e+05
2.690481232609036379e+05
2.687528355391107616e+05
2.684555376740464708e+05
2.681569414643811178e+05
2.678566270356708555e+05
2.675553289558239048e+05
2.672532104693331057e+05
2.669493995552469860e+05
2.666438132615070790e+05
2.663355681012751302e+05
2.660256624820556608e+05
2.657135220389146125e+05
2.653984547060489422e+05
2.650819038797013927e+05
2.647635255364743643e+05
2.644439228892800165e+05
2.641217949920012616e+05
2.637972437771219993e+05
2.634702171005624696e+05
2.631398043924323283e+05
2.628056341960935388e+05
2.624689826720288838e+05
2.621295506161197263e+05
2.617877802131414355e+05
2.614436107688569464e+05
2.610980136702348536e+05
2.607499306901881355e+05
2.603999604066768661e+05
2.600481998256873921e+05
2.596944921796105336e+05
2.593394268799739075e+05
2.589816241009680089e+05
2.586212365861659346e+05
2.582589075728282041e+05
2.578946440400232677e+05
2.575292159943088191e+05
2.571619770411289646e+05
2.567936126787866233e+05
2.564239540748650033e+05
2.560536508122104278e+05
2.556821790232769563e+05
2.553102671188999957e+05
2.549371216614307486e+05
2.545632887928847922e+05
2.541873356689313950e+05
2.538089379957416968e+05
2.534286892449208826e+05
2.530470035983463167e+05
2.526627213815029536e+05
2.522762535245685431e+05
2.518883785422267974e+05
2.514999111437719839e+05
2.511093150486915838e+05
2.507158473047786392e+05
2.503204643027874990e+05
2.499233859679206216e+05
2.495244539233581163e+05
2.491239792277519009e+05
2.487220679690604156e+05
2.483198635247385828e+05
2.479170426687765867e+05
2.475120026962006523e+05
2.471055518218679354e+05
2.466978963168653718e+05
2.462889510404410539e+05
2.458784210685342259e+05
2.454655843864509952e+05
2.450507430760296120e+05
2.446338807215771230e+05
2.442165174790848978e+05
2.437984240582798957e+05
2.433792398284011579e+05
2.429591987450840243e+05
2.425375175109211414e+05
2.421149325653929263e+05
2.416911593518362497e+05
2.412660445152536267e+05
2.408403535239558551e+05
2.404138628057870374e+05
2.399862356849344505e+05
2.395575299894722411e+05
2.391259448667637771e+05
2.386926004599832522e+05
2.382591885158414079e+05
2.378250994647294865e+05
2.373890329321821337e+05
2.369510610160841316e+05
2.365125733015951992e+05
2.360727988789760275e+05
2.356316339440137672e+05
2.351893595502476091e+05
2.347452832833764260e+05
2.342989562393271190e+05
2.338505692490475485e+05
2.334007676475716580e+05
2.329506212524227449e+05
2.324998845867627533e+05
2.320483071754969424e+05
2.315954741301479226e+05
2.311419429279186006e+05
2.306879010243385565e+05
2.302337364463888516e+05
2.297798247705513786e+05
2.293255302200005099e+05
2.288708870718625549e+05
2.284158832505910541e+05
2.279607106875776662e+05
2.275045518796657852e+05
2.270469909404203354e+05
2.265881498904116161e+05
2.261283941846708767e+05
2.256683809214038483e+05
2.252077146318896557e+05
2.247458330881412548e+05
2.242822567599026370e+05
2.238180656462556217e+05
2.233539657428001810e+05
2.228877238896898634e+05
2.224203779766315129e+05
2.219524527009823651e+05
2.214842494665984705e+05
2.210146052076469350e+05
2.205433675774832955e+05
2.200707972169374116e+05
2.195975493348275195e+05
2.191233724242493336e+05
2.186490050098454522e+05
2.181743725321125239e+05
2.176997752413320122e+05
2.172247177280844480e+05
2.167489076861999056e+05
2.162732395647646626e+05
2.157968844506111345e+05
2.153198105111793848e+05
2.148419750035522447e+05
2.143625108564797265e+05
2.138834233847342839e+05
2.134034122966373689e+05
2.129227611941395153e+05
2.124406192897271831e+05
2.119579732665739139e+05
2.114742150314027967e+05
2.109902985746217601e+05
2.105054971925611608e+05
2.100191859457787650e+05
2.095326720619303524e+05
2.090466389412874996e+05
2.085594881068336545e+05
2.080708929539781238e+05
2.075807180738423776e+05
2.070886366767349828e+05
2.065955850734271808e+05
2.061013203776466544e+05
2.056054520145450660e+05
2.051095735858094995e+05
2.046133769136426563e+05
2.041165140710408450e+05
2.036194307630005060e+05
2.031214397872763220e+05
2.026220878575901734e+05
2.021213307927873393e+05
2.016194279663962661e+05
2.011173579569187132e+05
2.006157888476591033e+05
2.001139354632748291e+05
1.996119602496984298e+05
1.991089012768044486e+05
1.986065040681245155e+05
1.981041189674580237e+05
1.976011245420822524e+05
1.970977057482973614e+05
1.965939460076119285e+05
1.960905023748012027e+05
1.955880271690937807e+05
1.950855405516642786e+05
1.945836878819662670e+05
1.940820973893215996e+05
1.935789753414401202e+05
1.930750439206727606e+05
1.925714676347644127e+05
1.920684817889804253e+05
1.915654731594798795e+05
1.910619987127635977e+05
1.905583851606452081e+05
1.900538462835215614e+05
1.895497437403299264e+05
1.890456638812856399e+05
1.885421953596806852e+05
1.880385244571308722e+05
1.875352693004146277e+05
1.870319707451972645e+05
1.865291398340306769e+05
1.860256721317191259e+05
1.855219458676355716e+05
1.850176984136689571e+05
1.845131604412239103e+05
1.840078910243646824e+05
1.835038061610592413e+05
1.829999961075993488e+05
1.824947639228504559e+05
1.819895635092643788e+05
1.814844430239671783e+05
1.809793025579709793e+05
1.804748229683724057e+05
1.799711132121155679e+05
1.794676720207554172e+05
1.789654992464445240e+05
1.784638814218036132e+05
1.779626813552714011e+05
1.774615853812583664e+05
1.769602057290464290e+05
1.764589030143743439e+05
1.759572556695507665e+05
1.754556401352997927e+05
1.749551632876521617e+05
1.744553409456259105e+05
1.739560215622655815e+05
1.734588908806378604e+05
1.729628045891270449e+05
1.724672589679765224e+05
1.719728575276501360e+05
1.714793532225560048e+05
1.709863318622239749e+05
1.704948978687074850e+05
1.700053011191554542e+05
1.695163792085234600e+05
1.690284719479740597e+05
1.685413834567473386e+05
1.680553319628709578e+05
1.675698163926468405e+05
1.670852720252530708e+05
1.666013524204131390e+05
1.661188446085180040e+05
1.656375019704890728e+05
1.651570093076920311e+05
1.646777096665793215e+05
1.642002293461011141e+05
1.637238616962969245e+05
1.632487699777169910e+05
1.627755559065814305e+05
1.623038281636041647e+05
1.618343716408455512e+05
1.613669474749912915e+05
1.609007704154321982e+05
1.604354657634329924e+05
1.599716481478593196e+05
1.595092371834986552e+05
1.590485634556895820e+05
1.585901947728973173e+05
1.581337361968961486e+05
1.576791532928115048e+05
1.572267051647499902e+05
1.567763623687196814e+05
1.563288452569161891e+05
1.558835820494801737e+05
1.554395955746687541e+05
1.549973397251078859e+05
1.545560877655717486e+05
1.541166290906765789e+05
1.536801734564742073e+05
1.532464258330651501e+05
1.528147745084387134e+05
1.523849325755902682e+05
1.519578013323346968e+05
1.515328639924676972e+05
1.511098044004821277e+05
1.506882677206269582e+05
1.502690764520926750e+05
1.498514762512540037e+05
1.494363402508130530e+05
1.490242015088720073e+05
1.486141996905090928e+05
1.482063528565008019e+05
1.478009207358969143e+05
1.473979979520335328e+05
1.469974107332657441e+05
1.465984548424015811e+05
1.462009471049490676e+05
1.458054019366388384e+05
1.454124713704432652e+05
1.450223281484346953e+05
1.446361469219250721e+05
1.442529983111102483e+05
1.438717506289692828e+05
1.434935359757145343e+05
1.431188997913402272e+05
1.427468305782091920e+05
1.423771867994059867e+05
1.420103631396685960e+05
1.416466715546878113e+05
1.412856041422333801e+05
1.409277802876949427e+05
1.405729107693400874e+05
1.402203651225583453e+05
1.398696976915305422e+05
1.395227539326371916e+05
1.391790031442193431e+05
1.388381090163354238e+05
1.385004887162259256e+05
1.381663500318802544e+05
1.378353140556631843e+05
1.375075880846031650e+05
1.371835568177025998e+05
1.368624183472559089e+05
1.365443780044671148e+05
1.362292068530430552e+05
1.359164209683338995e+05
1.356065934516072739e+05
1.353002108329374751e+05
1.349965608338780585e+05
1.346960040043493791e+05
1.343984899028688960e+05
1.341037717529184301e+05
1.338130726990278636e+05
1.335259099424099550e+05
1.332430916350508633e+05
1.329639388672047353e+05
1.326885517296143225e+05
1.324159504985847743e+05
1.321460485679503181e+05
1.318806988050569780e+05
1.316191017116187140e+05
1.313604964591323806e+05
1.311049627546638076e+05
1.308535561454495619e+05
1.306056913460211217e+05
1.303611919726713240e+05
1.301204076464871323e+05
1.298832427131416043e+05
1.296486405037911463e+05
1.294172806944452605e+05
1.291899555906154128e+05
1.289659391448182141e+05
1.287457083094356058e+05
1.285294791742095986e+05
1.283169867797679326e+05
1.281075405963815865e+05
1.279008667824511067e+05
1.276974186078334751e+05
1.274975066226199706e+05
1.273013089745884499e+05
1.271083758067205927e+05
1.269190813009192643e+05
1.267333942690346885e+05
1.265523060881470738e+05
1.263757923387566552e+05
1.262029191597953613e+05
1.260328952317127842e+05
1.258668092926850222e+05
1.257052155416307505e+05
1.255478245063032809e+05
1.253948707737439836e+05
1.252457390631746530e+05
1.251006211729420029e+05
1.249594337080522528e+05
1.248225334800994169e+05
1.246893511900911253e+05
1.245596951998049044e+05
1.244336004779553623e+05
1.243114691205017443e+05
1.241929590609823790e+05
1.240782907876009122e+05
1.239679360507664969e+05
1.238614089891398908e+05
1.237584383329086995e+05
1.236586401254400844e+05
1.235624377734579466e+05
1.234699031383831607e+05
1.233807181120018940e+05
1.232952161852372810e+05
1.232139027854170272e+05
1.231366465532673028e+05
1.230629661968494183e+05
1.229928503124920971e+05
1.229264724800836120e+05
1.228634279289920232e+05
1.228041252660518803e+05
1.227477795073332818e+05
1.226944249001409335e+05
1.226451597410168033e+05
1.225990577227289323e+05
1.225565702117317705e+05
1.225174864785597310e+05
1.224813080169529130e+05
1.224491100024588814e+05
1.224202754071732779e+05
1.223947685456663748e+05
1.223730244155473774e+05
1.223542704270944232e+05
1.223386605442174769e+05
1.223259155791132507e+05
1.223154299994218600e+05
1.223083696808349923e+05
1.223049245821870136e+05
1.223043589170428750e+05
1.223064535892276908e+05
1.223115924639198056e+05
1.223195245404300076e+05
1.223306057046170317e+05
1.223445726710060262e+05
1.223615654732199473e+05
1.223805574907619157e+05
1.224019424589224072e+05
1.224259560802216292e+05
1.224527229148181068e+05
1.224819564419048111e+05
1.225132343497645779e+05
1.225462812575422431e+05
1.225810215118357592e+05
1.226183930413273483e+05
1.226579892370835150e+05
1.226997770830346271e+05
1.227430522119911766e+05
1.227886415997505974e+05
1.228364991306454176e+05
1.228866412134807761e+05
1.229383639715601748e+05
1.229916895013626927e+05
1.230473940595617605e+05
1.231048651763468661e+05
1.231635805864561116e+05
1.232230291790031624e+05
1.232836945532498939e+05
1.233458495790762245e+05
1.234094848322363541e+05
1.234742288845765579e+05
1.235401893838638352e+05
1.236071661579696083e+05
1.236752027359023341e+05
1.237441948842551064e+05
1.238140060650661180e+05
1.238843405244612222e+05
1.239546576417940960e+05
1.240257700053246081e+05
1.240978321135255537e+05
1.241705751950897393e+05
1.242438201151625981e+05
1.243176325436615298e+05
1.243922608981243538e+05
1.244679581856906734e+05
1.245441624365684111e+05
1.246203874114177597e+05
1.246967903975234658e+05
1.247739594434180472e+05
1.248514914056423004e+05
1.249297941639278288e+05
1.250082876769448922e+05
1.250866490797414881e+05
1.251651459668902098e+05
1.252435373441133124e+05
1.253218267693440575e+05
1.254000133514127519e+05
1.254778801538965490e+05
1.255553933548398491e+05
1.256327788100751350e+05
1.257097657650062174e+05
1.257870523704908410e+05
1.258641438933276222e+05
1.259411349870942067e+05
1.260180643547883665e+05
1.260944231117134332e+05
1.261702450978470879e+05
1.262456452206384856e+05
1.263204399873305374e+05
1.263948656073356251e+05
1.264689321930200094e+05
1.265425145339054434e+05
1.266152877696909418e+05
1.266872457095499558e+05
1.267581527524363191e+05
1.268280127850843855e+05
1.268972093565512478e+05
1.269658014578081202e+05
1.270335602051802853e+05
