4.647022596404194701e+02
4.648701888323083153e+02
4.650202079283664034e+02
4.652132095340813294e+02
4.653775149725079245e+02
4.655014446456577843e+02
4.655840592946469201e+02
4.656252510227683956e+02
4.656311068705530829e+02
4.656023710370404842e+02
4.655322061765501758e+02
4.654207162195824594e+02
4.653131169417409865e+02
4.652256740827053818e+02
4.650974166247696076e+02
4.649285717610064239e+02
4.647194109080107864e+02
4.645210741315012228e+02
4.643384371576399303e+02
4.641164296079791711e+02
4.638797885847448015e+02
4.636863065709651437e+02
4.634544946210859848e+02
4.632714303437662124e+02
4.630701960001114230e+02
4.628316274537075401e+02
4.625560635142724095e+02
4.623309705851159492e+02
4.621947687370216613e+02
4.621193226111968215e+02
4.620304373199788870e+02
4.619058114605265928e+02
4.617456265682025673e+02
4.615500730175306217e+02
4.613193498735643630e+02
4.610536643843334446e+02
4.607532311318744291e+02
4.604692636585994592e+02
4.602061803082817733e+02
4.599759318649328179e+02
4.597508215830898735e+02
4.594917447163157931e+02
4.591988014086326757e+02
4.588720983387597698e+02
4.585117496065091132e+02
4.581178775059138388e+02
4.576906132046703988e+02
4.572669002701186400e+02
4.569771091221557526e+02
4.566627853957106140e+02
4.563153952268032754e+02
4.559349914663422396e+02
4.555216494015638773e+02
4.550754703557823859e+02
4.545965851170814744e+02
4.540851571545076695e+02
4.535413855797439169e+02
4.529655078121845690e+02
4.523578019058614927e+02
4.517185884978343324e+02
4.511444367913796896e+02
4.505494901661256790e+02
4.499805549314553446e+02
4.494444359976570240e+02
4.488787275874907436e+02
4.482838981814043677e+02
4.476604708611782257e+02
4.470090240526511707e+02
4.463301914712247935e+02
4.456246612398443858e+02
4.449662876440459058e+02
4.443157969995398844e+02
4.436408587493970686e+02
4.429422855981856628e+02
4.422209321513882969e+02
4.414776907347154520e+02
4.407535050820267770e+02
4.401306730080339662e+02
4.395396839656232260e+02
4.390344111317140232e+02
4.385193449266581638e+02
4.382573837845985736e+02
4.382269145871075580e+02
4.381888317948032636e+02
4.381355760448430487e+02
4.381273645668447898e+02
4.381808897379111727e+02
4.383094013477024191e+02
4.385187443689102338e+02
4.387151062450467975e+02
4.388989065320366763e+02
4.390706085561549230e+02
4.392307233062571186e+02
4.394125079334681914e+02
4.396573745606162333e+02
4.398924036695174209e+02
4.401750592839504179e+02
4.404985972370769787e+02
4.408143082927039131e+02
4.411915453410281316e+02
4.416000603503262596e+02
4.420690016841153351e+02
4.425734247147314022e+02
4.430738992771351832e+02
4.435712821297009896e+02
4.440664738933283502e+02
4.445604149554339983e+02
4.450658576265981310e+02
4.455732835628423345e+02
4.461251113688494456e+02
4.467432745716818658e+02
4.473651842371403404e+02
4.480834051859143301e+02
4.488750198258197770e+02
4.497261923093490168e+02
4.505846441038684134e+02
4.515212418731231878e+02
4.525026996640026482e+02
4.534935364814747913e+02
4.545668814234497859e+02
4.556843845533071544e+02
4.568347221023526572e+02
4.580806344618642925e+02
4.593380933051789725e+02
4.607061016349945248e+02
4.621617445820590433e+02
4.637732418048509544e+02
4.653963813208584952e+02
4.670309360611936995e+02
4.687468836079996208e+02
4.706253008901144312e+02
4.725174634516246215e+02
4.744871228670730261e+02
4.765042751802230896e+02
4.785379316182284128e+02
4.806773411763182366e+02
4.828236119601699556e+02
4.849958129776279065e+02
4.872725631460390332e+02
4.896194642433805484e+02
4.920100548630015851e+02
4.944030068681160515e+02
4.967973520957057758e+02
4.992912970457847450e+02
5.018979229989233772e+02
5.045173485875222354e+02
5.073151705544900096e+02
5.101260464640589021e+02
5.129319537479668725e+02
5.157317986844491315e+02
5.185245265686976381e+02
5.213612421148095564e+02
5.242429160288781986e+02
5.271988533090749343e+02
5.302716634837637457e+02
5.333322754068550466e+02
5.364513781042180653e+02
5.396969998575957561e+02
5.429944947408455391e+02
5.463147638199342282e+02
5.497188019381075037e+02
5.531095955521043379e+02
5.564810523765672770e+02
5.598322492214326758e+02
5.631623193295915826e+02
5.665721936553729847e+02
5.699637636468048640e+02
5.733363739091503248e+02
5.767863154866522564e+02
5.802112076080278484e+02
5.836103251623455890e+02
5.869829770683184051e+02
5.904287566453307363e+02
5.939588654832787142e+02
5.976067633732229751e+02
6.012913839888707344e+02
6.050852459269183328e+02
6.089204970172887670e+02
6.127234350046189775e+02
6.165621625147199438e+02
6.204036543862578128e+02
6.242097512582674881e+02
6.279794166563156068e+02
6.317186100762105525e+02
6.355570151258759779e+02
6.394366611851061180e+02
6.432756279852388843e+02
6.470728040763306126e+02
6.508270951411443548e+02
6.545744247878860733e+02
6.583459230405744620e+02
6.620712682029111420e+02
6.657493711759946109e+02
6.693791639910459708e+02
6.729595999715729704e+02
6.764896533951397259e+02
6.799683186733602724e+02
6.833946090764018209e+02
6.867859422528855475e+02
6.902107858226991084e+02
6.935857698679644727e+02
6.969119959813505147e+02
7.001809079999679852e+02
7.033915256379940502e+02
7.065428760762521279e+02
7.096339921179433077e+02
7.126639102356682542e+02
7.156316685531431858e+02
7.185363048060148685e+02
7.213768543265507560e+02
7.241523480966859552e+02
7.268854107068957546e+02
7.296518365728060189e+02
7.324385830338949290e+02
7.351560813983983280e+02
7.378031828421640057e+02
7.403787351587149033e+02
7.428815854899609121e+02
7.453105832138719506e+02
7.476645829614690228e+02
7.499424477344889510e+02
7.521430520946034903e+02
7.542652853951026373e+02
7.563080550264830890e+02
7.582702896483194763e+02
7.601509423811698980e+02
7.619489939339480316e+02
7.636634556441745190e+02
7.652933724107310809e+02
7.668378255010927660e+02
7.682959352174916603e+02
7.696668634089642183e+02
7.709498158187304853e+02
7.721440442587770576e+02
7.732488486058265380e+02
7.742635786150349304e+02
7.751876355497217901e+02
7.760204736271907677e+02
7.767616012822161338e+02
7.774105822510307462e+02
7.779670364796711510e+02
7.784306408612860650e+02
7.788011298075369950e+02
7.790782956594933921e+02
7.792619889435022742e+02
7.793521184773860568e+02
7.793486513320422091e+02
7.792516126531064629e+02
7.790610853468201640e+02
7.787772096336701679e+02
7.784001824727483836e+02
7.779302568591763247e+02
7.773677409963556784e+02
7.767129973443004474e+02
7.759664415448886530e+02
7.751285412245736097e+02
7.741998146749406260e+02
7.731808294114969158e+02
7.720722006112514464e+02
7.708745894300039936e+02
7.695887012007813155e+02
7.682152835155829962e+02
7.667551241934720565e+02
7.652090491390855505e+02
7.635779200968172518e+02
7.618626323072160176e+02
7.600641120735147069e+02
7.581833142476543799e+02
7.562212196466107343e+02
7.541788324112910686e+02
7.520571773216588554e+02
7.498572970830621216e+02
7.475802495999234907e+02
7.452271052539927041e+02
7.427989442051980404e+02
7.402968537337610542e+02
7.377219256426271841e+02
7.350752537393821058e+02
7.323744164021182996e+02
7.296937317259057636e+02
7.269444910050892759e+02
7.241277040697948451e+02
7.212906831425971177e+02
7.184479940499259101e+02
7.155406554066385070e+02
7.125695882418481233e+02
7.095357128331255581e+02
7.064399505877505590e+02
7.032832258973355692e+02
7.000664679299743511e+02
6.967906123263823019e+02
6.934566027693099386e+02
6.900653923987531471e+02
6.866179450490715226e+02
6.831152362879737439e+02
6.795582542413553711e+02
6.759480001920805989e+02
6.722854889448949507e+02
6.685717489536651783e+02
6.648078222109734270e+02
6.610722566445357415e+02
6.574479760852058234e+02
6.538582369948035193e+02
6.502221868213584912e+02
6.466039026490682318e+02
6.429841305354098040e+02
6.393207139605319753e+02
6.356145655410463178e+02
6.318666330773114623e+02
6.280779027294547632e+02
6.242494015400516219e+02
6.203821992532514287e+02
6.165293511752944369e+02
6.127138981088112359e+02
6.089497178295287085e+02
6.051512945714248417e+02
6.013197790808915215e+02
5.974563687331262827e+02
5.935623069420091724e+02
5.897541644541856840e+02
5.861702676438947037e+02
5.826165801304457545e+02
5.791120918250480827e+02
5.756140171487563748e+02
5.720923484531799659e+02
5.685482767901464740e+02
5.649830393185358162e+02
5.614486174483309924e+02
5.579818356854411832e+02
5.545858207147470011e+02
5.512673442819759657e+02
5.479340180453909852e+02
5.445870965245701427e+02
5.412278638672053148e+02
5.378820916285797011e+02
5.346083792911150567e+02
5.314219479030318780e+02
5.282388290615998585e+02
5.250497266553010149e+02
5.219967010407915495e+02
5.191087076006176630e+02
5.162973601388298448e+02
5.135202402663802559e+02
5.107422427768116222e+02
5.080016452981899420e+02
5.054635636076369565e+02
5.030194843929068611e+02
5.005774580573014418e+02
4.981380501512425099e+02
4.957018082706470636e+02
4.932692628609877943e+02
4.908409275451705867e+02
4.884918988658676540e+02
4.862907403190395144e+02
4.841963215506991673e+02
4.821075864537468192e+02
4.801072294258220836e+02
4.781366654234567477e+02
4.761722907334621482e+02
4.742142331821769972e+02
4.722626191837981651e+02
4.703175754002180611e+02
4.683792296808850324e+02
4.664477112689339151e+02
4.645231502711605458e+02
4.626056764008241089e+02
4.607025330436676995e+02
4.590194316754733563e+02
4.574424205882152137e+02
4.558726004567528776e+02
4.543098554492665357e+02
4.527540618733562496e+02
4.512050876320319617e+02
4.496627911068744652e+02
4.481859050994715403e+02
4.468389816506230545e+02
4.455279680759741723e+02
4.442831463916183452e+02
4.431001510830825509e+02
4.420173448550482362e+02
4.409465408027155036e+02
4.400400444280987244e+02
4.391938704516818461e+02
4.383766711704121803e+02
4.378125864949247443e+02
4.372899351538321753e+02
4.367671695853877623e+02
4.362433922040352172e+02
4.357177255558535194e+02
4.352250777524727141e+02
4.348536879022994981e+02
4.345296340725207074e+02
4.342002052722751841e+02
4.338764579557687284e+02
4.336399817069998335e+02
4.334040282531332196e+02
4.332572764004336818e+02
4.331011110994526234e+02
4.329348045040553643e+02
4.327576872556065268e+02
4.327185812254973598e+02
4.327303853678497489e+02
4.327294757157633285e+02
4.327152714127909121e+02
4.326872483931738316e+02
4.326449375395669676e+02
4.326164834926992739e+02
4.326536599561641196e+02
4.326853073798578748e+02
4.327011153441112583e+02
4.327007689058645497e+02
4.327484676574358673e+02
4.329399124898718583e+02
4.332559044800811989e+02
4.336979269555639007e+02
4.341427000088704062e+02
4.345688688888200772e+02
4.350597380754740584e+02
4.355534230499187061e+02
4.360270104332581695e+02
4.364800420716100007e+02
4.369120988343712497e+02
4.373228028095792865e+02
4.377118189431947144e+02
4.380788560772567735e+02
4.384236673497327956e+02
4.387460499277044619e+02
4.390458440551316244e+02
4.393229314066691131e+02
4.396530681695902558e+02
4.399907005314837534e+02
4.403053719470204896e+02
4.405970325262405822e+02
4.408656601229266698e+02
4.411112565023454408e+02
4.413338429592303669e+02
4.415334554358612422e+02
4.417101391991760693e+02
4.418712469319414708e+02
4.420884885361155057e+02
4.424156372301625879e+02
4.429348637658966368e+02
4.434477044994299604e+02
4.439370233615578627e+02
4.444025108647686011e+02
4.448438413229948765e+02
4.452812966090433520e+02
4.458596119227827330e+02
4.465144595359955133e+02
4.471737360577283198e+02
4.478064574796239867e+02
4.484120129286082488e+02
4.489897928174478920e+02
4.495391931017657043e+02
4.500596191877513093e+02
4.505504894453820839e+02
4.510112382905040249e+02
4.514413188081264821e+02
4.519049120221889666e+02
4.523782689026609205e+02
4.528193339685662977e+02
4.532275839607468697e+02
4.536025245319034411e+02
4.539436916106212720e+02
4.542584226657861564e+02
4.545438072583604026e+02
4.547942153172471080e+02
4.550637956526288690e+02
4.553494422213481130e+02
4.556098388162999981e+02
4.559336436083219155e+02
4.562294849497258724e+02
4.564882987301931507e+02
4.567097869774697756e+02
4.568936841213527487e+02
4.571354908910909103e+02
4.573496825858479724e+02
4.575255482355755134e+02
4.576758133024389394e+02
4.577874863901904519e+02
4.579094744700732917e+02
4.580495815408972931e+02
4.581506060119952508e+02
4.582124556523332330e+02
4.582350760087241497e+02
4.582227822939445900e+02
4.581799633245625500e+02
4.580979779177312707e+02
4.580296447811898588e+02
4.579758185875064100e+02
4.578831000104048030e+02
4.577516089495179585e+02
4.575814955209786490e+02
4.573829053192336005e+02
4.572046786333317527e+02
4.570390818769535599e+02
4.568609834614135252e+02
4.567260512531080394e+02
4.566466638550290327e+02
4.565429827042078159e+02
4.564019936689120414e+02
4.562238350095601618e+02
4.560179470073086350e+02
4.558257294954310055e+02
4.556563208297780534e+02
4.554504103008155198e+02
4.552081746745225814e+02
4.549298140136968414e+02
4.547187153835701565e+02
4.544749344148200407e+02
4.541956301095048048e+02
4.538810281210304538e+02
4.535434240795048026e+02
4.531720390129305542e+02
4.527661893622066600e+02
4.523262036079925110e+02
4.518524340312918071e+02
4.513580070304251421e+02
4.508308466547177886e+02
4.502710880406596630e+02
4.496886703328282238e+02
4.490780546739109695e+02
4.484402996977348721e+02
4.477806529180154484e+02
4.470906798642718059e+02
4.463708551841202734e+02
4.456629849730533692e+02
4.450090013281130723e+02
4.443383642071265740e+02
4.436488535109538134e+02
4.429315792814279575e+02
4.421869165154533903e+02
4.414152315607694845e+02
4.406168816422872965e+02
4.397922145291473726e+02
4.389415683393874588e+02
4.380652714765463998e+02
4.371764147391226061e+02
4.362645017270564267e+02
4.353391927456294752e+02
4.343894554992891130e+02
4.334155743216954306e+02
4.324178256443552755e+02
4.313964785369548736e+02
4.303517952746555579e+02
4.292840319167216876e+02
4.281934388814262320e+02
4.270967569568824160e+02
4.259872995932606159e+02
4.248557378230261179e+02
4.237023062105496365e+02
4.225272360476668041e+02
4.213307556571490977e+02
4.201130906248788506e+02
4.188744639584867286e+02
4.176150961722585180e+02
4.163352053001140121e+02
4.150350068403770933e+02
4.137147136378415553e+02
4.123798241866205672e+02
4.110330001035584928e+02
4.097170664269035569e+02
4.084495566207996262e+02
4.071640185291174703e+02
4.058594268636936704e+02
4.045359066684688969e+02
4.031935839202744774e+02
4.018325867756842626e+02
4.004530467510732024e+02
3.990575547286723008e+02
3.976543738279604554e+02
3.962330762347223754e+02
3.947938177777851934e+02
3.933367622182463492e+02
3.918620818519704017e+02
3.903699579993880207e+02
3.888722635083383921e+02
3.873718979079930023e+02
3.858609424072781167e+02
3.843401500423331640e+02
3.828123412564906403e+02
3.813157184011769800e+02
3.798116640629164067e+02
3.782919846773173731e+02
3.767577654582609057e+02
3.752206939145740989e+02
3.736789714683116017e+02
3.721336546262788261e+02
3.705791993865194058e+02
3.690108748215347418e+02
3.674289970111566390e+02
3.658338867662698703e+02
3.642258690139105965e+02
3.626157992571787076e+02
3.609959867125876372e+02
3.593647164320262846e+02
3.577344467867559388e+02
3.560929398863315782e+02
3.544424374760052388e+02
3.527925077527107192e+02
3.511339418074474565e+02
3.494769559705539450e+02
3.478104406713468393e+02
3.461347391786075605e+02
3.444501949099026206e+02
3.427571515058624527e+02
3.410988374714023053e+02
3.394960119082878123e+02
3.378856215792119428e+02
3.362796924584455951e+02
3.346680442146657128e+02
3.330544066894078696e+02
3.314426723984993828e+02
3.298378674452791302e+02
3.282272897770027384e+02
3.266133631744950208e+02
3.250053040417319608e+02
3.233925365916227861e+02
3.217778321270425295e+02
3.201698596005988406e+02
3.185583942317383617e+02
3.169530810744260521e+02
3.153489988887591835e+02
3.137484014667763290e+02
3.121535961014926670e+02
3.105790825674199596e+02
3.090085969584493455e+02
3.074380250196786619e+02
3.058700059227368797e+02
3.043648631011132011e+02
3.029295097034120090e+02
3.014979389550949804e+02
3.000800544968763006e+02
2.986651028181044012e+02
2.972610693767273347e+02
2.958664323354006456e+02
2.944761378053251519e+02
2.931544230771828552e+02
2.918949545142979787e+02
2.906525389197704499e+02
2.894160723686574102e+02
2.881859082679819721e+02
2.869669696271291741e+02
2.857710537702589590e+02
2.845878900595523646e+02
2.834250830362273064e+02
2.822835443521844354e+02
2.811502410210640619e+02
2.800254625805532100e+02
2.789094880871025453e+02
2.778025857827306027e+02
2.767179228616527666e+02
2.756457522544192216e+02
2.746011871142023892e+02
2.735721269738899082e+02
2.725533253986046702e+02
2.715667646830683566e+02
2.705968023655648835e+02
2.696489506117545716e+02
2.687179467296032271e+02
2.678051905121894265e+02
2.669036705821156943e+02
2.660135040063257748e+02
2.651347933905314562e+02
2.642735950619385221e+02
2.634310781030682165e+02
2.626002396981492666e+02
2.617882046827254499e+02
2.609938801380855011e+02
2.602113331350566341e+02
2.594405703867928423e+02
2.586846243247331358e+02
2.579596937689423726e+02
2.572553400240614110e+02
2.565835189984346698e+02
2.559300208580453386e+02
2.553052333873415876e+02
2.546943668707853305e+02
2.540969042548756534e+02
2.535218670688840348e+02
2.529580944579222148e+02
2.524054867543606520e+02
2.518677487970160769e+02
2.514469057542888777e+02
2.510588765181103099e+02
2.506818455894147064e+02
2.503151763148962630e+02
2.499586723520871203e+02
2.496121387191167003e+02
2.492864385632287281e+02
2.489723060055962947e+02
2.486675837926421764e+02
2.483720977054466346e+02
2.480856812880196287e+02
2.478081765643512426e+02
2.475394345542977703e+02
2.472793155894744928e+02
2.470276894336568603e+02
2.467932067586057485e+02
2.465712445348834478e+02
2.464550801226095302e+02
2.463554815625700769e+02
2.462637254854109869e+02
2.461796654374201125e+02
2.461031655668942051e+02
2.460341012014942521e+02
2.459723592788855626e+02
2.459178386302542663e+02
2.458704501179202566e+02
2.458301166298473674e+02
2.457967729353744346e+02
2.457797764826588036e+02
2.457819919582829584e+02
2.457954051202293613e+02
2.458156618875663071e+02
2.458427513963577837e+02
2.458766712946887196e+02
2.459174268551632849e+02
2.459650300252418447e+02
2.460194984281685606e+02
2.460808543274199565e+02
2.461491235676205065e+02
2.462243345047290006e+02
2.463065169380051884e+02
2.463957010558285106e+02
2.464919164068708710e+02
2.465951909074365460e+02
2.467055498949836760e+02
2.468230152369548023e+02
2.469476045030796172e+02
2.470793302082882406e+02
2.472181991323072623e+02
2.473642117209147955e+02
2.475173615727276797e+02
2.476776350142918659e+02
2.478450107651646022e+02
2.480194596936298979e+02
2.482009446626793476e+02
2.483894204649441235e+02
2.485848338443737475e+02
2.487871236016461012e+02
2.489962207795520612e+02
2.492120489239480889e+02
2.494345244152947316e+02
2.496635568653196913e+02
2.498990495729433974e+02
2.501409000332940877e+02
2.503890004934081617e+02
2.506432385480606513e+02
2.509034977690951109e+02
2.511696583616121075e+02
2.514415978404376801e+02
2.517191917204034439e+02
2.520023142141413075e+02
2.522908389313058706e+02
2.525846395733921383e+02
2.528835906185997260e+02
2.531875679915088142e+02
2.534964497126658216e+02
2.538101165235282792e+02
2.541284524825795188e+02
2.544513455287918475e+02
2.547786880089908550e+02
2.551103771660415021e+02
2.554463155851505860e+02
2.557864115959380058e+02
2.561305796282912297e+02
2.564787405203610433e+02
2.568308217773998763e+02
2.571867577804709413e+02
2.575464899443777540e+02
2.579099668244750205e+02
2.582771441723224370e+02
2.586479849404379934e+02
2.590224592366934075e+02
2.594005442291744430e+02
2.597822240026029590e+02
2.601674893676881197e+02
2.605648757845511909e+02
2.609703422377795619e+02
2.613794057400400561e+02
2.617920819734827091e+02
2.622205889288256344e+02
2.626535898404673048e+02
2.630902810367759912e+02
2.635306967897329287e+02
2.639748746183626054e+02
2.644228547594125303e+02
2.648746796226792526e+02
2.653303932352129664e+02
2.657900406788030523e+02
2.662536675252882219e+02
2.667213192743549257e+02
2.671930407985674947e+02
2.676688758004241890e+02
2.681488662862325327e+02
2.686330520615626938e+02
2.691214702529389342e+02
2.696141548602859075e+02
2.701141286164116764e+02
2.706338869859126248e+02
2.711762139571310399e+02
2.717253268129046546e+02
2.722800571819420838e+02
2.728509760666914872e+02
2.734262934922464865e+02
2.740060103085910441e+02
2.745901221909136893e+02
2.751786196723380726e+02
2.757714882299467263e+02
2.763687084222159456e+02
2.769702560751639453e+02
2.775889910042582187e+02
2.782210544337448823e+02
2.788614612510378947e+02
2.795060602348671068e+02
2.801548092616266104e+02
2.808076633642497200e+02
2.814699645178903893e+02
2.821586854117256280e+02
2.828756897727030832e+02
2.835992971189682521e+02
2.843371012495550758e+02
2.850787140197616054e+02
2.858240845963958918e+02
2.865731619476258629e+02
2.873258950051423426e+02
2.880949688160077358e+02
2.888781771824729958e+02
2.896756984094649283e+02
2.904816458648167554e+02
2.912910005950676577e+02
2.921037132654319066e+02
2.929197337291726626e+02
2.937485274848797872e+02
2.945892657762339581e+02
2.954409590030275012e+02
2.962957454959122856e+02
2.971578150607743396e+02
2.980500675360575542e+02
2.989549547188809129e+02
2.998736033785800146e+02
3.007950059004076593e+02
3.017190782953882717e+02
3.027345133182848826e+02
3.038083246737713807e+02
3.048849623429773033e+02
3.059636706320754342e+02
3.070442622480319415e+02
3.081265460320995544e+02
3.092103281541453725e+02
3.102974211094016255e+02
3.114037900363167068e+02
3.125240777647230175e+02
3.136510002057167412e+02
3.147820602931401481e+02
3.159228975743081946e+02
3.170639046282011577e+02
3.182049066528427375e+02
3.193457342838077011e+02
3.204862239893123501e+02
3.216262183367329044e+02
3.227655661280479080e+02
3.239041224034656352e+02
3.250417483142666129e+02
3.261783108676105485e+02
3.273273004436107385e+02
3.284951339528885228e+02
3.296668580554184018e+02
3.308370410885070214e+02
3.320055736821499295e+02
3.331723484537781701e+02
3.343372590601331922e+02
3.355009082966583946e+02
3.366776499665384677e+02
3.378623887889922912e+02
3.390457394352609981e+02
3.402387996502752685e+02
3.414371740029215516e+02
3.426477098943564670e+02
3.439580309079804010e+02
3.452853920836382144e+02
3.466095242151101843e+02
3.479480223979197717e+02
3.493041093793411846e+02
3.506562775310957250e+02
3.520042883943282277e+02
3.533478999630407316e+02
3.546868673996117423e+02
3.560320046602759589e+02
3.573870045267520936e+02
3.587366170231823048e+02
3.600805931837902563e+02
3.614266597853639951e+02
3.627716465318650876e+02
3.641177925286826849e+02
3.654627934493398129e+02
3.668009123256340445e+02
3.681318994936207218e+02
3.694613570488390337e+02
3.708028412148573238e+02
3.721369879430800438e+02
3.734629930635040864e+02
3.747805985129230635e+02
3.760895425069344356e+02
3.773895588908553691e+02
3.786903963307203185e+02
3.800629247301767464e+02
3.814536995554641408e+02
3.828343053701892700e+02
3.842057742638610307e+02
3.855821536156423690e+02
3.869665184824026483e+02
3.883582464215033383e+02
3.897476743016188152e+02
3.911247373376472751e+02
3.924928390933988567e+02
3.938571227984754159e+02
3.952079693289741726e+02
3.965450309023964337e+02
3.978679655421431107e+02
3.991764376006861994e+02
4.004701181421141314e+02
4.017486851774880279e+02
4.030118237489743933e+02
4.042592258613644276e+02
4.054905902623311249e+02
4.067056220755545155e+02
4.079068211982807952e+02
4.091013575270259253e+02
4.102787100956837207e+02
4.114386039683048466e+02
4.125807668736221103e+02
4.137049281863876331e+02
4.148108178584160441e+02
4.158981653198761705e+02
4.169666983719473592e+02
4.180225660614698882e+02
4.191613135786333828e+02
4.202945564402853051e+02
4.214313032613727614e+02
4.226398463688965421e+02
4.238533455833253356e+02
4.250455538728740521e+02
4.262160414445162360e+02
4.273643835937880908e+02
4.285025267820340105e+02
4.296341888427123763e+02
4.307527311484437291e+02
4.318475327501699894e+02
4.329182312781268820e+02
4.339644820057502557e+02
4.349859591382420376e+02
4.359823567947419178e+02
4.369533896639078421e+02
4.378987933172963949e+02
4.388183241697612402e+02
4.397131824886965887e+02
4.405933494363115983e+02
4.414470329467500278e+02
4.422740660120193184e+02
4.430742969537387808e+02
4.438475873245536150e+02
4.446040366887933715e+02
4.454292713385968909e+02
4.462271264063313652e+02
4.469975902824265290e+02
4.477531771064407167e+02
4.484808480546425926e+02
4.491882609476384687e+02
4.499607203539936791e+02
4.507227450878193054e+02
4.514559890433713463e+02
4.521601835275843086e+02
4.528402835753323643e+02
4.534985761218880498e+02
4.541269697599378219e+02
4.547774300548198312e+02
4.554512943326959657e+02
4.560942247398899099e+02
4.567183669358878433e+02
4.573112566907214500e+02
4.578719947794819518e+02
4.584001629259676633e+02
4.588953382175710658e+02
4.594455029539064981e+02
4.599795597696711411e+02
4.604792081228043799e+02
4.609569345360845318e+02
4.613993091238759803e+02
4.618058009017056520e+02
4.621759361648270215e+02
4.625373847445755473e+02
4.629399304419298460e+02
4.633174295547580641e+02
4.636566734775918803e+02
4.639668399860333921e+02
4.642461902971511449e+02
4.644941559803385189e+02
4.647022596404194701e+02
