1.855967835231452057e+02
1.860557138837173170e+02
1.865118051114351942e+02
1.869647258536159029e+02
1.874140419029677673e+02
1.878592234113772577e+02
1.882996537777044637e+02
1.887346401151299915e+02
1.891634251636490376e+02
1.895886750228438871e+02
1.900164201388490994e+02
1.904354440281670691e+02
1.908448740296273911e+02
1.912438469391733236e+02
1.916315246784448334e+02
1.920071095000685659e+02
1.923698583792172485e+02
1.927190962455445629e+02
1.930542277241881379e+02
1.933747470793774141e+02
1.936802460891138367e+02
1.939704196238475333e+02
1.942450687551020678e+02
1.945041012802359148e+02
1.947475296152691726e+02
1.949754660769445707e+02
1.951881156456587121e+02
1.954946703006300481e+02
1.959579853335732196e+02
1.964065420556151764e+02
1.968404307363676367e+02
1.972599452139401706e+02
1.980602026844465797e+02
1.988906894790871434e+02
1.997058825106444431e+02
2.005053535934265483e+02
2.012887529538664637e+02
2.020558200799456756e+02
2.028063920973837355e+02
2.035404094057566624e+02
2.042579183861402896e+02
2.049590710768696624e+02
2.056441218029324887e+02
2.063134208346583023e+02
2.069674052400302742e+02
2.076065871795964597e+02
2.082315399711634143e+02
2.088428823211527288e+02
2.094412611788332867e+02
2.100273337171435060e+02
2.106017489783124006e+02
2.111651297431673413e+02
2.117180551893337110e+02
2.122610448952626996e+02
2.127945447241491479e+02
2.133189150845605297e+02
2.138344220133907072e+02
2.143412314621740791e+02
2.148394070906336992e+02
2.153289117825235621e+02
2.158096129995724937e+02
2.162812919810368726e+02
2.167436566807699307e+02
2.171963582128502708e+02
2.176390104531509451e+02
2.180712123206231183e+02
2.184925721418175044e+02
2.189027333890194598e+02
2.193014009804383591e+02
2.196883672446374476e+02
2.200635365854468546e+02
2.204269478426864453e+02
2.207787933326824259e+02
2.211194335749490563e+02
2.214494067710471654e+02
2.217694322010972030e+02
2.220804068440667152e+02
2.223833947096076145e+02
2.226796085899750608e+02
2.229703841965138622e+02
2.232571469303521212e+02
2.235413718431409791e+02
2.238245376606321315e+02
2.241080760573871089e+02
2.243933176711143176e+02
2.248172622833654373e+02
2.252803905088359500e+02
2.260024925696638434e+02
2.270554170369701694e+02
2.281151619571266167e+02
2.291844038745236105e+02
2.302544825551604220e+02
2.313326419564185414e+02
2.324052062313777753e+02
2.334696589653170236e+02
2.345233997241500106e+02
2.355757447687686295e+02
2.366138507757432023e+02
2.376336223221960324e+02
2.386328199497110063e+02
2.396094751196087884e+02
2.405619565374751687e+02
2.414890285666825207e+02
2.423898989281036620e+02
2.432642530932313036e+02
2.441122731427836925e+02
2.449346393778028812e+02
2.457325136193636297e+02
2.465075038895151636e+02
2.472616109931751112e+02
2.479971583736813727e+02
2.487167074437504652e+02
2.494229613473503946e+02
2.507190800280062319e+02
2.525981794020374878e+02
2.544660792978496886e+02
2.563214381118781375e+02
2.581629896488460645e+02
2.599896127967801931e+02
2.618003899177789435e+02
2.635946511648210162e+02
2.653720027375575796e+02
2.671323379708040306e+02
2.688758310530905646e+02
2.706029140453207447e+02
2.723142386626799407e+02
2.740106249560685683e+02
2.756929995526560901e+02
2.773623264705468046e+02
2.790195337037947638e+02
2.806677647346857611e+02
2.823162356876709396e+02
2.839544243939756143e+02
2.855824052215841675e+02
2.871998907290775946e+02
2.888061912420589010e+02
2.904001860569676978e+02
2.919803067293760250e+02
2.935445324409818113e+02
2.950903970277731219e+02
2.966150069028399798e+02
2.981150688275448033e+02
2.995869262761726191e+02
3.010266029998127237e+02
3.024298523200195064e+02
3.037922106645974623e+02
3.051090538880277450e+02
3.063756549885160894e+02
3.075872419332218328e+02
3.087390544244562989e+02
3.099367332615419173e+02
3.112154340418970264e+02
3.124201948385785954e+02
3.135464889236821477e+02
3.145900608570649979e+02
3.155469688777563988e+02
3.164136212539913231e+02
3.171868063205665749e+02
3.178637160593920612e+02
3.184419632002055778e+02
3.189195919324504302e+02
3.192950824250920050e+02
3.195673494474679046e+02
3.197357354697012397e+02
3.197999986944234934e+02
3.197602965311879188e+02
3.196171650699071165e+02
3.197787322059195958e+02
3.199094440329898816e+02
3.199386646429708208e+02
3.198673367648833619e+02
3.196967257700818550e+02
3.194284136262911034e+02
3.190642893943133913e+02
3.186065360099460690e+02
3.180576131642902737e+02
3.174202361811431956e+02
3.166973508878924690e+02
3.158921045833349126e+02
3.150078133189023788e+02
3.140479258255255104e+02
3.130159845333841417e+02
3.119155842426943082e+02
3.107503291071521971e+02
3.095237886845186495e+02
3.082394538880685673e+02
3.069006937354370734e+02
3.055107138351239655e+02
3.040725175732491152e+02
3.025888709619339920e+02
3.010622720841711839e+02
2.994949260168718297e+02
2.978887260330280355e+02
2.962452417753062832e+02
2.945657149573050333e+02
2.929322703229080389e+02
2.914016997656360104e+02
2.898365716865504851e+02
2.882366886134872743e+02
2.866016392815067775e+02
2.849308468521813893e+02
2.832236224894700740e+02
2.814792230171203755e+02
2.796969111925537845e+02
2.778760169738796435e+02
2.760159980382572371e+02
2.741164977387311978e+02
2.721773986691134155e+02
2.701988700469799483e+02
2.681814072259030013e+02
2.661258618097589874e+02
2.640334610620185458e+02
2.619058155764507205e+02
2.601185320043950924e+02
2.585316942642087952e+02
2.569144744676469827e+02
2.552685977110030819e+02
2.535961482223036398e+02
2.518995466888207773e+02
2.507611306995739540e+02
2.500449570781113380e+02
2.493095945146971815e+02
2.485559439888028237e+02
2.477851991153283109e+02
2.469988484148585712e+02
2.461986612763325866e+02
2.453866579699834460e+02
2.445650648960354943e+02
2.437362570358998255e+02
2.429026902591622843e+02
2.421065266494281332e+02
2.421194831134463641e+02
2.421323735638850962e+02
2.421450241128498817e+02
2.421571646406502509e+02
2.421684579264495767e+02
2.421785309250802243e+02
2.421870070361468947e+02
2.421935379609290351e+02
2.421978335455218883e+02
2.421996878861408504e+02
2.421989999424723123e+02
2.421957869805552264e+02
2.421901893549108991e+02
2.421824654401102066e+02
2.421729759262780703e+02
2.422089291118934113e+02
2.422638674074303822e+02
2.423318382384867959e+02
2.423997535275659345e+02
2.424678678036725614e+02
2.425362460327993404e+02
2.435902556534932444e+02
2.448496203269016291e+02
2.461012063788115256e+02
2.473405533025764100e+02
2.485631755348563559e+02
2.497646617071167725e+02
2.509407635558493439e+02
2.520874715196625857e+02
2.532010747956803129e+02
2.542782044442811582e+02
2.553158589715570486e+02
2.563114126358598810e+02
2.572626074757659467e+02
2.581675307061875060e+02
2.593268788059007761e+02
2.605152605411604441e+02
2.616521698146812582e+02
2.629712347808252275e+02
2.643039745242530216e+02
2.655802066751045913e+02
2.667983021915736117e+02
2.679567064316356095e+02
2.690539194628357791e+02
2.700884804015406075e+02
2.710589560911303693e+02
2.719639341520668268e+02
2.728020202021530736e+02
2.735718388599137825e+02
2.742720380111605891e+02
2.750207175775354926e+02
2.758191469253554260e+02
2.765436695022829667e+02
2.771928257160108160e+02
2.777652483787331903e+02
2.782596816026755846e+02
2.786749986879110565e+02
2.792115523032538249e+02
2.797297300511735898e+02
2.801657310092169269e+02
2.805187663157312841e+02
2.807882682236091227e+02
2.809739066649942174e+02
2.810756034620627020e+02
2.810935441517626145e+02
2.810281874147812573e+02
2.808802721071437531e+02
2.806508218881957646e+02
2.803411474233390663e+02
2.799528461161297059e+02
2.794877992949726035e+02
2.789481667476314328e+02
2.783363784653070638e+02
2.776551234304454283e+02
2.769073352621129516e+02
2.760961745231124951e+02
2.752250074972916991e+02
2.742973812668159326e+02
2.733169949602340694e+02
2.722876671052409279e+02
2.712132991065594183e+02
2.700978349800590195e+02
2.689452176084565735e+02
2.677593419399717618e+02
2.665440057256022897e+02
2.653028585782320192e+02
2.640393503305445506e+02
2.627566798599625599e+02
2.614577457270129912e+02
2.601451001266334515e+02
2.588209077668827263e+02
2.574869113527168452e+02
2.563905610931556680e+02
2.552889161797888278e+02
2.541793279162886847e+02
2.530614021625833061e+02
2.519343286455871862e+02
2.508612456273894225e+02
2.497974751237820499e+02
2.487200309567156751e+02
2.476269370698439332e+02
2.465161303210151402e+02
2.453855525750917934e+02
2.442332451870150862e+02
2.430925871431662983e+02
2.422026448706213273e+02
2.414163902796772732e+02
2.406023826109185961e+02
2.397598757278144888e+02
2.388886730501157274e+02
2.379891514662743646e+02
2.370622615124605659e+02
2.361095033758172690e+02
2.351328794322602675e+02
2.341544057728854682e+02
2.332366578355409388e+02
2.327363616947209550e+02
2.330794297874691097e+02
2.334071539822875252e+02
2.337184776513298345e+02
2.340126285613989410e+02
2.342891992831428922e+02
2.345482110621805418e+02
2.347901581174923820e+02
2.350160303560573993e+02
2.352273136021224218e+02
2.354259675644984782e+02
2.356143828377974785e+02
2.358782101177187656e+02
2.361882777887073246e+02
2.364969974298465729e+02
2.369086959907123457e+02
2.373408361963310540e+02
2.377811735844383918e+02
2.382326252451779567e+02
2.386978441529744543e+02
2.391791439265951738e+02
2.396784358405677438e+02
2.401971795965977208e+02
2.407496118279472057e+02
2.413233212502581750e+02
2.419178813158753201e+02
2.425327456545119276e+02
2.431668849663950311e+02
2.438188180636716140e+02
2.444866517673340809e+02
2.451681277450990706e+02
2.458606743508552199e+02
2.465614615772290961e+02
2.472674573464043419e+02
2.479754835266837176e+02
2.486822702597204398e+02
2.493845074028591853e+02
2.500788921209223759e+02
2.507621718919365037e+02
2.514311824133274627e+02
2.520828801023869516e+02
2.527143690724843736e+02
2.533229226312469109e+02
2.539214427980273285e+02
2.547475332558342416e+02
2.555432741111934263e+02
2.563063746902922730e+02
2.570347697616139158e+02
2.577266247879314278e+02
2.583803378761347744e+02
2.589945387411709703e+02
2.595680850014929320e+02
2.601000561187825042e+02
2.605897452858969245e+02
2.610366495552216293e+02
2.614463998751136842e+02
2.618203149227366566e+02
2.621510412232966587e+02
2.624387676228155328e+02
2.626838202924596999e+02
2.628866476143078330e+02
2.630478049349356979e+02
2.631679393579012753e+02
2.632477747312766496e+02
2.632999345804615245e+02
2.633153493240799889e+02
2.632929544701918871e+02
2.632336402147452645e+02
2.631383057967395871e+02
2.630078481138344273e+02
2.628431512182735901e+02
2.626450767351745981e+02
2.624144552325143422e+02
2.621520785601181842e+02
2.618586931637881321e+02
2.615349943704893008e+02
2.611816216313474115e+02
2.607991547011991429e+02
2.603881107266117283e+02
2.599489422086945751e+02
2.594820358026590270e+02
2.589877119129163248e+02
2.584662250404771839e+02
2.579177648384546728e+02
2.573424578314623545e+02
2.567403697555178042e+02
2.561115084765608572e+02
2.554558274477172688e+02
2.547732296678132400e+02
2.540635721062052994e+02
2.533266705615382079e+02
2.525623049244318565e+02
2.517702248161311047e+02
2.509501555766894967e+02
2.501018045771313041e+02
2.492248678301420171e+02
2.483190368730245723e+02
2.473840058948875367e+02
2.464194790771849455e+02
2.454251781128230618e+02
2.444008498640479274e+02
2.433462741132845508e+02
2.422612713540768539e+02
2.411457105613967826e+02
2.399995168719897549e+02
2.388226790963267661e+02
2.376152569743497907e+02
2.363773880778472005e+02
2.351092942532781933e+02
2.338112874905752960e+02
2.324837750962814482e+02
2.311272640437723567e+02
2.297423643697256068e+02
2.283297914849100891e+02
2.268903672692610201e+02
2.254250198265118001e+02
2.239347817828559073e+02
2.224207870275355106e+02
2.208842658112457684e+02
2.193265381410004977e+02
2.177490054377136630e+02
2.161531404551555511e+02
2.145404754959121760e+02
2.129125890010641911e+02
2.112710906348779361e+02
2.096176050329426630e+02
2.079537544307995915e+02
2.062811404387761627e+02
2.046013252758655767e+02
2.029158128192529205e+02
2.012260298644828254e+02
1.995333080221959676e+02
1.978388666986832902e+02
1.961568689284920879e+02
1.946554905243035876e+02
1.931550118558560598e+02
1.916558692008767366e+02
1.901583442659109835e+02
1.886625675859938269e+02
1.871685252387326273e+02
1.856760688669824617e+02
1.841849288995825873e+02
1.826947307477475135e+02
1.812050136396559594e+02
1.797152516422670203e+02
1.782248763126788731e+02
1.767333003270330209e+02
1.752399413587034758e+02
1.737442454246595105e+02
1.722457088942306882e+02
1.707438983617666395e+02
1.692384676263455958e+02
1.677291710985739712e+02
1.662158730656356624e+02
1.646985523881767222e+02
1.631773023714625310e+02
1.616523257418549804e+02
1.601239248598028837e+02
1.585924875028744054e+02
1.570584687468835341e+02
1.555223696498129016e+02
1.539847135925063810e+02
1.529793853778064374e+02
1.521487736926962384e+02
1.513150654441265601e+02
1.504770543868827417e+02
1.496336174723976171e+02
1.487837537872764244e+02
1.479266194630838243e+02
1.470615574829591878e+02
1.461881215023097127e+02
1.453060930209140054e+02
1.444154914821705518e+02
1.435165771214657866e+02
1.426098466293913418e+02
1.416960219272010306e+02
1.407760325629454030e+02
1.398509924201563592e+02
1.389221715814119875e+02
1.379909643030848088e+02
1.370708584643607253e+02
1.361528961794946042e+02
1.352371202459382857e+02
1.343250611224114266e+02
1.336440126503928241e+02
1.331882997705228604e+02
1.327392444998788790e+02
1.322972239384803288e+02
1.318625058265563723e+02
1.314352524703434142e+02
1.310155269917840997e+02
1.306033014522451765e+02
1.301984663657827639e+02
1.298008411063264305e+02
1.294101847237079710e+02
1.290262067131399135e+02
1.286485773283858407e+02
1.282769370868855390e+02
1.279109051817932681e+02
1.275500865875648202e+02
1.271940777189268914e+02
1.268424705746678995e+02
1.264948553650200296e+02
1.261508216823314825e+02
1.258099583276228515e+02
1.254718519494288529e+02
1.251360846854667699e+02
1.248022310220485878e+02
1.244698541010325101e+02
1.241385017100875103e+02
1.238077021899447629e+02
1.234769604831161018e+02
1.231457545333370263e+02
1.228135322248449768e+02
1.224797090265870878e+02
1.221436664795906495e+02
1.218047516369132381e+02
1.214622775356517366e+02
1.211155247501067294e+02
1.207637440449733077e+02
1.204061601178576950e+02
1.200419763919103815e+02
1.196703807922887961e+02
1.192905524148196861e+02
1.189016689719275632e+02
1.185029148799041963e+02
1.180934898332099863e+02
1.176726176960135888e+02
1.172395555288924953e+02
1.167936025598506546e+02
1.163341089038464418e+02
1.158604838341588277e+02
1.153722034123738354e+02
1.148688172917217116e+02
1.143499545210380575e+02
1.138153281937166383e+02
1.132647388075457826e+02
1.127019696173024812e+02
1.121325058162132251e+02
1.115470181308206463e+02
1.109585759866347132e+02
1.103553585822551355e+02
1.098053321737949801e+02
1.092542244147321071e+02
1.087781309459284813e+02
1.083376495853666626e+02
1.078833781121078488e+02
1.074157451034178621e+02
1.070645588605214016e+02
1.069134694879975882e+02
1.067497330277004579e+02
1.065733515850362210e+02
1.063843667725026449e+02
1.061828670781962529e+02
1.059689945009000951e+02
1.057429502765038904e+02
1.055049995448901541e+02
1.052554748347273943e+02
1.049947782748435401e+02
1.047233824739394805e+02
1.044418300442418683e+02
1.041507317782069890e+02
1.038507635195401377e+02
1.035426617996619569e+02
1.032272183375334293e+02
1.029053178361384369e+02
1.025917036730315033e+02
1.022733856744444552e+02
1.019513041773811892e+02
1.016264149523132261e+02
1.012996799218571482e+02
1.009720578249616523e+02
1.006444949850577331e+02
1.003179163301895898e+02
9.999321680007199120e+01
9.967125325992398643e+01
9.935283702438580633e+01
9.903872707742628734e+01
9.872962405641931127e+01
9.842616505100454560e+01
9.812891925036829832e+01
9.783838445653691451e+01
9.755498446644706689e+01
9.738216203330823362e+01
9.726646815177444694e+01
9.715849441320945346e+01
9.705822932302051242e+01
9.696559545971578586e+01
9.688045457614667555e+01
9.680261308718247903e+01
9.673182783251182570e+01
9.666781200701500154e+01
9.661024115676573842e+01
9.655875914591378262e+01
9.651298400815619516e+01
9.647251360593327263e+01
9.643693103057674421e+01
9.640580968711979892e+01
9.637871801808601901e+01
9.635522383106336974e+01
9.633489820504063061e+01
9.631731896013978655e+01
9.630207368438294679e+01
9.630121386791368820e+01
9.630293515979431618e+01
9.630583718535572757e+01
9.630956909934890575e+01
9.631379861675415555e+01
9.631821264512572611e+01
9.632251760811554675e+01
9.632643949357257895e+01
9.632972366050799451e+01
9.633213443937012244e+01
9.633345455956118997e+01
9.633348443704211661e+01
9.633204135329596340e+01
9.632895855494422221e+01
9.632408430102300656e+01
9.631728088240308239e+01
9.631323664355186054e+01
9.631592105770884871e+01
9.631633885066902678e+01
9.631439971944992351e+01
9.631002273937238556e+01
9.630313557851697226e+01
9.629367378029445490e+01
9.628158011796914195e+01
9.626680402301268202e+01
9.624930108740849732e+01
9.622903263850534472e+01
9.620596538371063389e+01
9.618007112123079594e+01
9.615132651219262527e+01
9.611971290880568120e+01
9.608521623274111789e+01
9.604782689758722825e+01
9.600753976908150378e+01
9.596435415679833625e+01
9.591827383106740967e+01
9.586930705909743722e+01
9.581746665456482503e+01
9.576277003527843590e+01
9.570523928393825486e+01
9.564490120745006152e+01
9.558178739072853602e+01
9.551593424140577326e+01
9.544738302234998173e+01
9.537617986938329295e+01
9.531405791100766578e+01
9.525111701369928596e+01
9.518569333678493649e+01
9.511785317639647985e+01
9.504766750877567461e+01
9.497521188917468749e+01
9.490056632946931359e+01
9.482381515488796708e+01
9.474504684048842762e+01
9.466435382821265421e+01
9.458183232551520803e+01
9.449758208669162229e+01
9.441170617814144350e+01
9.432431072887490586e+01
9.423550466762627309e+01
9.414539944796663917e+01
9.405410876281783317e+01
9.396335708960620536e+01
9.388382428781451949e+01
9.380345861898494775e+01
9.372238067158883723e+01
9.364071173499000622e+01
9.355857347849446626e+01
9.348267844400267279e+01
9.342701111203119524e+01
9.337124068513514885e+01
9.331548889560082216e+01
9.325987624412279331e+01
9.320452168211862443e+01
9.314954229715341683e+01
9.309505300200704880e+01
9.304116622784842150e+01
9.298799162190879031e+01
9.293563574998412946e+01
9.288420180403406334e+01
9.284137347249185268e+01
9.280594986281271019e+01
9.277173618873614203e+01
9.273882031433923601e+01
9.270728535051682684e+01
9.267720939623563936e+01
9.264866528552714442e+01
9.262172034020115063e+01
9.259643612825180981e+01
9.257286822792353576e+01
9.255106599740459217e+01
9.253107235012413412e+01
9.251292353563871984e+01
9.249664892611411915e+01
9.248227080842961811e+01
9.247248956665414710e+01
9.247466114803501114e+01
9.248510745668201594e+01
9.250246005607431243e+01
9.252171015773335228e+01
9.254283453405042792e+01
9.257097929426376481e+01
9.262250255685833622e+01
9.267578161423371341e+01
9.273076053193291557e+01
9.278737442163614446e+01
9.284554931845063663e+01
9.290520206855241270e+01
9.296624022804044785e+01
9.302856197395433924e+01
9.309205602850164496e+01
9.315660159763467618e+01
9.322206832521850117e+01
9.328831626412836897e+01
9.335519586571834338e+01
9.342654648443705412e+01
9.350783316826453984e+01
9.358924664560656481e+01
9.367431943817527440e+01
9.376896276067836311e+01
9.386314601850786232e+01
9.395665585557030397e+01
9.404927009752616129e+01
9.414075798751743207e+01
9.423088045969817017e+01
9.431939045286020473e+01
9.440603326646035498e+01
9.449054696134420794e+01
9.457266280742696551e+01
9.465210578053141433e+01
9.472859511048842762e+01
9.481522096603863758e+01
9.489839296667463486e+01
9.497774255262939391e+01
9.505297340644649751e+01
9.512378703687835468e+01
9.518988366875511531e+01
9.525450050654471568e+01
9.532375289333519675e+01
9.538739215285380624e+01
9.544512433982593791e+01
9.549665955995925515e+01
9.554171320357949071e+01
9.558000722786937331e+01
9.561127148299426892e+01
9.563524507637696104e+01
9.565167776829854063e+01
9.566033139084044024e+01
9.566098128095886466e+01
9.565341771720653696e+01
9.563744734829593597e+01
9.561289460035065702e+01
9.557960304833505916e+01
9.553743673580862605e+01
9.548628142584574618e+01
9.542604576472454880e+01
9.535666233885493170e+01
9.527808860442071648e+01
9.519030766840191404e+01
9.509332889906090713e+01
9.498718834367660691e+01
9.487194893134045515e+01
9.474770043904973704e+01
9.461455920019548671e+01
9.447266753590925248e+01
9.432219289165087162e+01
9.416332666395045692e+01
9.399628270539504626e+01
9.382129549982242622e+01
9.363861800427244475e+01
9.344851915956147081e+01
9.325128107739038796e+01
9.305378193090034245e+01
9.285661300408483498e+01
9.265319887230596407e+01
9.244384127308798327e+01
9.222883698176423195e+01
9.201172699795763776e+01
9.179917573840192802e+01
9.158179737274737420e+01
9.135982773482956532e+01
9.113347713205808986e+01
9.090292674277689855e+01
9.066832540411331820e+01
9.042978689300382200e+01
9.019853032117467251e+01
8.997901796888746162e+01
8.975568412351178438e+01
8.952849022668927148e+01
8.929735994846106450e+01
8.906218142461671050e+01
8.882281056324717383e+01
8.857907544470914729e+01
8.833078181502744997e+01
8.807771964586362401e+01
8.782873466141693086e+01
8.757847014564514154e+01
8.733446413612168158e+01
8.708715557630334558e+01
8.683409092582580513e+01
8.657515379727766458e+01
8.631027922180399514e+01
8.603946416641893791e+01
8.576277756291965204e+01
8.548036956987355950e+01
8.519247978710792779e+01
8.489944414783369098e+01
8.460170022736453177e+01
8.430137453594434760e+01
8.400911140715115266e+01
8.371408799609214668e+01
8.342198133538494176e+01
8.313719605730801732e+01
8.285251155252638000e+01
8.256905306967200886e+01
8.228801242402575156e+01
8.201063332800023886e+01
8.173819482672686831e+01
8.147199311565583457e+01
8.140153401273373390e+01
8.155017451332962253e+01
8.170783509920434540e+01
8.187502841898150052e+01
8.205223475769440711e+01
8.223990160728497756e+01
8.243844255064038862e+01
8.264823544007165879e+01
8.286961990282631518e+01
8.310289425889456538e+01
8.334831198733206747e+01
8.360607792387253312e+01
8.387634441204947677e+01
8.415920765992001407e+01
8.445470457262918273e+01
8.476281033576509572e+01
8.508343701459476449e+01
8.541643340935496553e+01
8.576158636701673288e+01
8.611862369635333891e+01
8.648721876743478276e+01
8.687451614771075015e+01
8.727856218305866776e+01
8.769293161180111440e+01
8.811715907724955343e+01
8.855077035193157542e+01
8.899329428350215210e+01
8.944427478844917800e+01
8.990328240928488412e+01
9.036992493332556364e+01
9.084385657584918761e+01
9.132478525847189132e+01
9.181247756494880718e+01
9.248242524721823088e+01
9.316876386162050494e+01
9.386115366419450368e+01
9.455940945594686298e+01
9.526340037801406879e+01
9.597304181917121468e+01
9.668828457180457292e+01
9.740910162508048131e+01
9.834667634001897341e+01
9.966539818088944003e+01
1.009878546433933764e+02
1.023127386969472781e+02
1.036387910059292778e+02
1.049648255965896766e+02
1.062897526179976779e+02
1.076125975916471589e+02
1.089325166703978311e+02
1.102488075674325216e+02
1.115609159640196566e+02
1.128684373549415767e+02
1.141711144365693258e+02
1.154688302791437025e+02
1.167615976470333408e+02
1.180495449345531256e+02
1.193328992673937847e+02
1.206119673789723805e+02
1.218871149062855892e+02
1.231587447614912918e+02
1.244272752246948670e+02
1.256931183724360466e+02
1.269566594078676900e+02
1.282182373958661401e+02
1.294781278327590428e+02
1.307365273996265671e+02
1.319935411636730862e+02
1.332491724072879151e+02
1.345033151820017849e+02
1.357557496071048604e+02
1.370061398622453908e+02
1.382540347613490610e+02
1.394988707427324641e+02
1.407399770678240998e+02
1.419765829885985227e+02
1.432078266213494828e+02
1.444327652512681937e+02
1.456503867875548508e+02
1.468596220915669619e+02
1.480593579096227757e+02
1.492484501564457844e+02
1.504257373136515241e+02
1.515900537290695524e+02
1.527402426260141226e+02
1.538751686559092491e+02
1.549937298521619198e+02
1.560948688671043669e+02
1.571775833966841844e+02
1.582409357188705030e+02
1.592840612911847984e+02
1.603061763701043105e+02
1.613065846302422415e+02
1.622846827741231266e+02
1.632399651341092124e+02
1.641720272766966673e+02
1.650805686261350900e+02
1.659653941293393018e+02
1.668264149875681994e+02
1.676636484825871776e+02
1.684772169262577393e+02
1.692673457629639415e+02
1.700343608542402762e+02
1.707786849746561870e+02
1.715008335476678667e+02
1.722014096499828213e+02
1.728810983132016474e+02
1.735406601522664971e+02
1.741809243517297148e+02
1.748027810431517253e+02
1.754071731101776948e+02
1.760026651325259195e+02
1.765884747196965634e+02
1.771598765181409192e+02
1.777179334053369075e+02
1.782637130823777056e+02
1.787982775184722186e+02
1.793226722511651303e+02
1.798379156377393713e+02
1.803449881630801315e+02
1.808448219188703661e+02
1.813382903780241691e+02
1.818261985963314942e+02
1.823092739800211746e+02
1.827881577628861862e+02
1.832633973393365068e+02
1.837354395998237919e+02
1.842046254120890012e+02
1.846711853852668241e+02
1.851352370437003856e+02
1.855967835231451488e+02
