2.232473714472449956e+03
2.234060965089975980e+03
2.235625179663775270e+03
2.237161116435275289e+03
2.238690770344364864e+03
2.240210719678397254e+03
2.241703715536341406e+03
2.243185536862897607e+03
2.244641737252148687e+03
2.246087907239600554e+03
2.247531813707541005e+03
2.248967623487296805e+03
2.250388557499189119e+03
2.251793385768778535e+03
2.253166596851474424e+03
2.254550115438836656e+03
2.255916293551475519e+03
2.257256639904753683e+03
2.258584841259163113e+03
2.259937284156611895e+03
2.261278750434770245e+03
2.262630061945746093e+03
2.263988649588389308e+03
2.265371523713934948e+03
2.266727452244014785e+03
2.268051550404997215e+03
2.269358196550323555e+03
2.270654314870845155e+03
2.271940124077314067e+03
2.273261155261992826e+03
2.274555556262302161e+03
2.275852855148186791e+03
2.277146480985580638e+03
2.278426092685889671e+03
2.279664502967692897e+03
2.280892328555766653e+03
2.282109102210215497e+03
2.283279057981982078e+03
2.284435033708840820e+03
2.285568265600589257e+03
2.286692865163874103e+03
2.287844247163522141e+03
2.288983400775283826e+03
2.290075463308382496e+03
2.291160391646803873e+03
2.292197981709190572e+03
2.293193990457429663e+03
2.294136868594824136e+03
2.295057938812143220e+03
2.296003117760328678e+03
2.296939105147607734e+03
2.297865136150517174e+03
2.298767195667373471e+03
2.299676867069209948e+03
2.300550782959639037e+03
2.301469612421451529e+03
2.302418721539329454e+03
2.303414957241333923e+03
2.304371052791267630e+03
2.305290150667544822e+03
2.306181045452191938e+03
2.307023605456332916e+03
2.307898703914122962e+03
2.308733580128790436e+03
2.309545937199664877e+03
2.310334888299746126e+03
2.311122374924098494e+03
2.311912583703312521e+03
2.312704065365525821e+03
2.313497976798975287e+03
2.314290470123723935e+03
2.315061126117049298e+03
2.315791662209318019e+03
2.316547954241051229e+03
2.317272991442633611e+03
2.317982666473010795e+03
2.318683826735953971e+03
2.319369076629317078e+03
2.320053179395670668e+03
2.320736244520901437e+03
2.321377451895610648e+03
2.322036565913426784e+03
2.322690122038620757e+03
2.323345147595545313e+03
2.324057154640513545e+03
2.324827014648903969e+03
2.325607882207651983e+03
2.326400005012394104e+03
2.327262212600247040e+03
2.328134670235976955e+03
2.328972171621937377e+03
2.329777336885170371e+03
2.330598917462114514e+03
2.331413027251953281e+03
2.332248183383132073e+03
2.333073366527480175e+03
2.333917482348220346e+03
2.334742834065579700e+03
2.335523695297967151e+03
2.336268989817201145e+03
2.337016957640513283e+03
2.337796792990074209e+03
2.338571854850041746e+03
2.339364712900759514e+03
2.340208403121637275e+03
2.341030675926035656e+03
2.341874290073596967e+03
2.342711030289266091e+03
2.343601759429787307e+03
2.344554552461388994e+03
2.345581400267334175e+03
2.346654761869333925e+03
2.347771930601071290e+03
2.348888493842066055e+03
2.350021138416528629e+03
2.351202541126056531e+03
2.352383523769661224e+03
2.353550973086200429e+03
2.354688144285018097e+03
2.355875067304860750e+03
2.357065355843928955e+03
2.358278076296005111e+03
2.359519475093378787e+03
2.360807683310280026e+03
2.362141059759123891e+03
2.363561190914413601e+03
2.364963451774282476e+03
2.366350184376733523e+03
2.367813783955355575e+03
2.369262964784808901e+03
2.370669660968004791e+03
2.372035629970290756e+03
2.373367097730609203e+03
2.374736345716320557e+03
2.376088315463637628e+03
2.377435394881693355e+03
2.378877919953739365e+03
2.380333234416780670e+03
2.381804645930959850e+03
2.383309937839744634e+03
2.384802722040602475e+03
2.386288623785996606e+03
2.387752420626569801e+03
2.389247548390608245e+03
2.390753030855268662e+03
2.392252774179659355e+03
2.393735256027952346e+03
2.395291811031039742e+03
2.396928859624992583e+03
2.398556367371170381e+03
2.400272172790200329e+03
2.402004584895707012e+03
2.403733945291898635e+03
2.405443510496208546e+03
2.407146039563381692e+03
2.408850003323077999e+03
2.410685705322627655e+03
2.412508255354449375e+03
2.414331700475586786e+03
2.416200899043077698e+03
2.418067912655822511e+03
2.419935008497002855e+03
2.421767193283829329e+03
2.423601376031823747e+03
2.425427613793447108e+03
2.427279946067308629e+03
2.429124222545338853e+03
2.430938111416034644e+03
2.432764987594990544e+03
2.434554826028246225e+03
2.436401872017233927e+03
2.438265018765998320e+03
2.440135010582879659e+03
2.442041257518043039e+03
2.443915678661550828e+03
2.445814027506073217e+03
2.447751443086723157e+03
2.449672061706311069e+03
2.451630665257923283e+03
2.453739085049262485e+03
2.455851135275052911e+03
2.458049414165803228e+03
2.460281139215373059e+03
2.462481444244169325e+03
2.464683790763976504e+03
2.466949032484936197e+03
2.469276600100197356e+03
2.471634699257137981e+03
2.474002589853030258e+03
2.476353334349037596e+03
2.478647829879269011e+03
2.480855975650290929e+03
2.483040801636050674e+03
2.485262346269694262e+03
2.487452122992440309e+03
2.489776893012320215e+03
2.492060715774763594e+03
2.494344593966190587e+03
2.496554531583169137e+03
2.498782806574887218e+03
2.500988885710169598e+03
2.503137270123962480e+03
2.505271129692894647e+03
2.507403884867139823e+03
2.509578338261960198e+03
2.511844263948151820e+03
2.514270115419597914e+03
2.516698345568096556e+03
2.519102241559055074e+03
2.521464160862227800e+03
2.523752829241787367e+03
2.525993954584220774e+03
2.528223441522617577e+03
2.530467616335192361e+03
2.532710124961363363e+03
2.534883438563504569e+03
2.536990046168264598e+03
2.539132142434415073e+03
2.541254457541655029e+03
2.543316543128473313e+03
2.545375122133352306e+03
2.547500974627122559e+03
2.549627928129308657e+03
2.551775562598615579e+03
2.553941578937291979e+03
2.556090212194014384e+03
2.558181950766438604e+03
2.560323907916072130e+03
2.562502398226563855e+03
2.564749134556459921e+03
2.567185338872175635e+03
2.569671677342471412e+03
2.572155839329376249e+03
2.574628660563822450e+03
2.577083537892829554e+03
2.579545052112218400e+03
2.581997194591468542e+03
2.584500923973136196e+03
2.586993873452186563e+03
2.589386153925942381e+03
2.591745183507502588e+03
2.594166948260395202e+03
2.596623510253373297e+03
2.599094016848384399e+03
2.601515997678911845e+03
2.603959940982600529e+03
2.606348869012456817e+03
2.608703472758001226e+03
2.611031660895866935e+03
2.613395177831887850e+03
2.615726411855921015e+03
2.618040122912862898e+03
2.620460367883807521e+03
2.622875620091708242e+03
2.625260218883537163e+03
2.627562088270552067e+03
2.629858920969051724e+03
2.632102764626517455e+03
2.634288362621850865e+03
2.636411439041000449e+03
2.638568632135611097e+03
2.640782192513948758e+03
2.643064697238093686e+03
2.645326982588009741e+03
2.647611672655043549e+03
2.649842634609530705e+03
2.652046337062964085e+03
2.654296968424474017e+03
2.656527492127106598e+03
2.658774668431231021e+03
2.661108715785160712e+03
2.663411805152687521e+03
2.665721600895578831e+03
2.667996513263581619e+03
2.670279532669063883e+03
2.672679298455866956e+03
2.674980522094701882e+03
2.677228774758380496e+03
2.679502679730235286e+03
2.681766883054929622e+03
2.684038862748959673e+03
2.686233081715882690e+03
2.688401299126487629e+03
2.690591492335202474e+03
2.692756956039829220e+03
2.694915356030538533e+03
2.697042666554343214e+03
2.699233327783242203e+03
2.701394261780283159e+03
2.703556327558545490e+03
2.705831489175400293e+03
2.708123253068255508e+03
2.710436562346161736e+03
2.712863925709986233e+03
2.715254109247014185e+03
2.717678060662026382e+03
2.720160593525024524e+03
2.722643190661978224e+03
2.725144585800832829e+03
2.727698316283587246e+03
2.730248556284381266e+03
2.732818733926734240e+03
2.735355000140725224e+03
2.737838823618681545e+03
2.740373400188713276e+03
2.742858359488874157e+03
2.745327833492682657e+03
2.747747119558861414e+03
2.750115659111947025e+03
2.752378869942056554e+03
2.754616048354597751e+03
2.756955525876798220e+03
2.759306855349950183e+03
2.761685921028642952e+03
2.764084181697487111e+03
2.766450751111074169e+03
2.768784117603962841e+03
2.771182803320099083e+03
2.773542495624039475e+03
2.775862045214423233e+03
2.778135326707749300e+03
2.780362853463859210e+03
2.782513467334979396e+03
2.784638298424211371e+03
2.786788246203919698e+03
2.788978123694486385e+03
2.791160665025008711e+03
2.793314559349380943e+03
2.795502968540248730e+03
2.797659244208280143e+03
2.799889203920678028e+03
2.802132999740776086e+03
2.804352082739814250e+03
2.806584050407461291e+03
2.808761441690717675e+03
2.810975690989942905e+03
2.813240201806978803e+03
2.815532100741244903e+03
2.817867745093134999e+03
2.820197544628612832e+03
2.822475640002906403e+03
2.824613282224316208e+03
2.826640965536210842e+03
2.828563437284171414e+03
2.830403165901362627e+03
2.832152636545705718e+03
2.833892908854605594e+03
2.835716524506579844e+03
2.837486914698502005e+03
2.839177289516635028e+03
2.840944025547610636e+03
2.842653671196018877e+03
2.844276473184497263e+03
2.845865106594785175e+03
2.847396639211667207e+03
2.849035173390219825e+03
2.850674663265611798e+03
2.852320519748752304e+03
2.854239428818602391e+03
2.856161599473403840e+03
2.858080886708451089e+03
2.860100009746208343e+03
2.862030175902516021e+03
2.863846123081169935e+03
2.865759433583217287e+03
2.867687751704098446e+03
2.869508550991586617e+03
2.871296364956940124e+03
2.872959617551437077e+03
2.874490065166573004e+03
2.876099479348723435e+03
2.877625177521145815e+03
2.879069202813867832e+03
2.880540988484905029e+03
2.881912036948596324e+03
2.883139561794646852e+03
2.884244928777784480e+03
2.885338276558252346e+03
2.886593351358299060e+03
2.887755113692367559e+03
2.888808098626682295e+03
2.889834003194791876e+03
2.890922091670234295e+03
2.891952134816705893e+03
2.892907584919897090e+03
2.893823766287547642e+03
2.894670005221036718e+03
2.895424315494447001e+03
2.896183139134514931e+03
2.896909032526641113e+03
2.897631128155665465e+03
2.898318152823047058e+03
2.898915360936488469e+03
2.899428148976610373e+03
2.899915299002858774e+03
2.900340773252798954e+03
2.900806940005114484e+03
2.901355915776379334e+03
2.901968939029149624e+03
2.902687252348881884e+03
2.903394144259053064e+03
2.903991949116566502e+03
2.904581526691352792e+03
2.905129615810200448e+03
2.905646580289793746e+03
2.906166052812418457e+03
2.906784447704861122e+03
2.907411118812975019e+03
2.907964857959113033e+03
2.908507320806985263e+03
2.908996306409121644e+03
2.909448145497057340e+03
2.909763810816146361e+03
2.910060359097426044e+03
2.910362891861793287e+03
2.910590701393726704e+03
2.910760223396369383e+03
2.910880324907289832e+03
2.910984695604460285e+03
2.910951233785410295e+03
2.910860299838344872e+03
2.910651756831019156e+03
2.910359895338167462e+03
2.910055347779803924e+03
2.909721370471898354e+03
2.909394351785799699e+03
2.908990120048549215e+03
2.908496974519342984e+03
2.907961083746890836e+03
2.907485801621860446e+03
2.906975273925044803e+03
2.906411235392941308e+03
2.905834724622815429e+03
2.905251305678216340e+03
2.904623639653110786e+03
2.903910719721832265e+03
2.903090903319961399e+03
2.902310125279022941e+03
2.901574275089517869e+03
2.900881733209309004e+03
2.900187064631433259e+03
2.899419649500828200e+03
2.898610098485619346e+03
2.897764320521476748e+03
2.896880860304200723e+03
2.895889665616033199e+03
2.894780459788797543e+03
2.893648713265869446e+03
2.892423296522475994e+03
2.891202242590371043e+03
2.889978373398605527e+03
2.888686565528087613e+03
2.887486650082399137e+03
2.886342193205294734e+03
2.885141677956682543e+03
2.883932341876206010e+03
2.882840103985216956e+03
2.881738734974360796e+03
2.880637278427049296e+03
2.879513887267703467e+03
2.878308904201491259e+03
2.877066691966127109e+03
2.875871727942150756e+03
2.874712520686187418e+03
2.873496193700980257e+03
2.872231599800704316e+03
2.870888904946864386e+03
2.869472111654808032e+03
2.867992415173204790e+03
2.866508145050685016e+03
2.865103087698887066e+03
2.863725551331258430e+03
2.862280266072119048e+03
2.860716305377677600e+03
2.859082009357407969e+03
2.857326729520915251e+03
2.855521201140441462e+03
2.853585541642419230e+03
2.851599762142695909e+03
2.849566938886335265e+03
2.847504304143606078e+03
2.845338183190016480e+03
2.843112710126269121e+03
2.840855929239959551e+03
2.838528512602037154e+03
2.836159199981746951e+03
2.833665407420488918e+03
2.831082212176906069e+03
2.828475721607045671e+03
2.825831712958932258e+03
2.823125427934723575e+03
2.820370466503415628e+03
2.817563828837890469e+03
2.814725494044591869e+03
2.811838822327576054e+03
2.808881902862182869e+03
2.805883948330007570e+03
2.802900932722586731e+03
2.799922608476107598e+03
2.797104998656544467e+03
2.794329993336563348e+03
2.791533119352493031e+03
2.788631167149263547e+03
2.785657404201991085e+03
2.782772282520174940e+03
2.779805652932055636e+03
2.776816341729911983e+03
2.773830340851480287e+03
2.770792626185653717e+03
2.767662502610641241e+03
2.764517761636712748e+03
2.761393322279399399e+03
2.758281347566402474e+03
2.755140415141257108e+03
2.751867773639860843e+03
2.748500872473049640e+03
2.745022245452490552e+03
2.741603997381094814e+03
2.738305791478980609e+03
2.735031413952756338e+03
2.731793278709320020e+03
2.728565362644714696e+03
2.725247744929714372e+03
2.721846216157554409e+03
2.718382337482338698e+03
2.714897652178813132e+03
2.711391719206540074e+03
2.707795441890885741e+03
2.704148564311422888e+03
2.700512780060034856e+03
2.696798533354561187e+03
2.693054792284161522e+03
2.689267481396826952e+03
2.685406590818139193e+03
2.681503892462867952e+03
2.677595166903829522e+03
2.673606541957451554e+03
2.669550948877184510e+03
2.665456455213158733e+03
2.661412264515589413e+03
2.657367009852764113e+03
2.653262252296559836e+03
2.649045611511539391e+03
2.644778245309477825e+03
2.640371892193249550e+03
2.635907126181081367e+03
2.631357773924773483e+03
2.626655345393541211e+03
2.621971690079210020e+03
2.617388548662695030e+03
2.612811869899265730e+03
2.608282341234281375e+03
2.603790391129686213e+03
2.599281966780126822e+03
2.594673338346703531e+03
2.590012494755964326e+03
2.585254585076343119e+03
2.580489149457218900e+03
2.575666025807213373e+03
2.570946346454097238e+03
2.566217778807293143e+03
2.561451276627903098e+03
2.556622656057058066e+03
2.551689662447096907e+03
2.546776425908919464e+03
2.541882815724295597e+03
2.536991927844795100e+03
2.532050611046764061e+03
2.527089870544317819e+03
2.522191894325346766e+03
2.517273394373512019e+03
2.512281700389487469e+03
2.507269033927864257e+03
2.502236699120625872e+03
2.497137084107112059e+03
2.492041548534994035e+03
2.487040278418083290e+03
2.482092393801544858e+03
2.477226026640009422e+03
2.472345693867364389e+03
2.467498422633103473e+03
2.462601291838999714e+03
2.457663672197887990e+03
2.452731099275478300e+03
2.447775798819880492e+03
2.442930960242143556e+03
2.438018668371167223e+03
2.433087926530246932e+03
2.428059101119890329e+03
2.422910759416377914e+03
2.417800468762363380e+03
2.412683387512702211e+03
2.407542844062933000e+03
2.402317041130422240e+03
2.396999579195454317e+03
2.391734368331713995e+03
2.386549209477237582e+03
2.381312303652852279e+03
2.376003249829671404e+03
2.370733834151831616e+03
2.365440725596109587e+03
2.360250361168408290e+03
2.355098213267277970e+03
2.349875011593670024e+03
2.344595035603182623e+03
2.339358521616808048e+03
2.334157777333806735e+03
2.329086874640101087e+03
2.324141845117454977e+03
2.319174447330865405e+03
2.314118710722061223e+03
2.309197571569857246e+03
2.304243163779947736e+03
2.299266671127762038e+03
2.294260616659949847e+03
2.289431887012753577e+03
2.284687892459063733e+03
2.279914254726293166e+03
2.275142662294935690e+03
2.270312787513050807e+03
2.265444940157440669e+03
2.260533706372904817e+03
2.255637125616774028e+03
2.250695933794589109e+03
2.245801542683640037e+03
2.240916245355465435e+03
2.235994334718163373e+03
2.231105462661737420e+03
2.226217437864344902e+03
2.221338332989744686e+03
2.216471731118439948e+03
2.211586913231955350e+03
2.206739604806299667e+03
2.201873384956376412e+03
2.196990499104456831e+03
2.192108711334818963e+03
2.187407103308582009e+03
2.182751732511261253e+03
2.178094923559942799e+03
2.173396232343514384e+03
2.168716512568143571e+03
2.163995464878883467e+03
2.159336289754679456e+03
2.154682534049550668e+03
2.149967992708671773e+03
2.145305746475655269e+03
2.140613671509039705e+03
2.136100722942816901e+03
2.131607901710421174e+03
2.127188587765731427e+03
2.122818231745049616e+03
2.118427927826996438e+03
2.113998047628002496e+03
2.109553551082192826e+03
2.105158558364166311e+03
2.100787333666796258e+03
2.096407773422263745e+03
2.091923209344414317e+03
2.087422374703212881e+03
2.082911093901379445e+03
2.078441793516731195e+03
2.073941454769641950e+03
2.069403590504257863e+03
2.064933918654518493e+03
2.060433864816321147e+03
2.055964499146361049e+03
2.051518339581635701e+03
2.047175623510025162e+03
2.042822720497418459e+03
2.038476981836970253e+03
2.034165510445025575e+03
2.029940953494553241e+03
2.025700213695571847e+03
2.021438629921788333e+03
2.017103191972656532e+03
2.012738630595001723e+03
2.008433264429269457e+03
2.004094132798411692e+03
1.999772471295860441e+03
1.995430788724680042e+03
1.991149380668917729e+03
1.986839944324758562e+03
1.982540444001666856e+03
1.978181514484355830e+03
1.973830587573798766e+03
1.969508813639469508e+03
1.965183037922037784e+03
1.960847569255874305e+03
1.956408775098945398e+03
1.951896429940641610e+03
1.947342009349232512e+03
1.942731414872010419e+03
1.938075003518660424e+03
1.933369773742016605e+03
1.928707410250369776e+03
1.924019741387194017e+03
1.919276542205860551e+03
1.914486091063976346e+03
1.909630438625996703e+03
1.904735038588676161e+03
1.899804976007365212e+03
1.894855983990095410e+03
1.890074401964180424e+03
1.885378190770406945e+03
1.880648242665171892e+03
1.875866965296841045e+03
1.871024332253424291e+03
1.866201876766761416e+03
1.861289168763784346e+03
1.856317907971271552e+03
1.851304136195185038e+03
1.846213642124459057e+03
1.841085888862577576e+03
1.836098899852191607e+03
1.831260828535590463e+03
1.826384526805467431e+03
1.821554568258426116e+03
1.816714880643043216e+03
1.811812802727131611e+03
1.806897131521380516e+03
1.801955807743139530e+03
1.797084102845932421e+03
1.792275157126671047e+03
1.787424118026942097e+03
1.782519701191514514e+03
1.777719174748470778e+03
1.772882264291549291e+03
1.768024928783972427e+03
1.763134565472641725e+03
1.758202212412028302e+03
1.753225331703953998e+03
1.748222030696744241e+03
1.743139571274026821e+03
1.737972885568242418e+03
1.732763811866777360e+03
1.727558671299833577e+03
1.722357144978779161e+03
1.717118562682032916e+03
1.711789507241638375e+03
1.706459870679231017e+03
1.701177589913362226e+03
1.695937578758218478e+03
1.690654260335773415e+03
1.685331360967326873e+03
1.679993175517139662e+03
1.674602815526121049e+03
1.669156214290858316e+03
1.663716751767458845e+03
1.658296152500154221e+03
1.652998598542437549e+03
1.647765847571535687e+03
1.642590484121291411e+03
1.637472314588791050e+03
1.632346920681888605e+03
1.627164736809909527e+03
1.621932573937968073e+03
1.616667504353687491e+03
1.611454231332995278e+03
1.606325648160198625e+03
1.601309482749446033e+03
1.596347917519023667e+03
1.591431124824935750e+03
1.586480823627635345e+03
1.581523163946411387e+03
1.576540004064117511e+03
1.571496672647281684e+03
1.566492810507913873e+03
1.561574563417998434e+03
1.556626822125830586e+03
1.551689786557295747e+03
1.546732712364762392e+03
1.541777141921218117e+03
1.536954454114660166e+03
1.532157789548848086e+03
1.527372950095289525e+03
1.522597667800240288e+03
1.517800154060311115e+03
1.513045826956601786e+03
1.508296879117809340e+03
1.503565808937195015e+03
1.498853834224975344e+03
1.494114199021572858e+03
1.489394092459043350e+03
1.484631145039755438e+03
1.479870677308354516e+03
1.475192173359123217e+03
1.470549749440709093e+03
1.465888106857845059e+03
1.461204436486854775e+03
1.456548268216532506e+03
1.451936778945527976e+03
1.447307658425847421e+03
1.442697073352875123e+03
1.438200937836193361e+03
1.433722549353113209e+03
1.429296097432973056e+03
1.424854617358189898e+03
1.420544767207846462e+03
1.416355940268838822e+03
1.412239601746704921e+03
1.408163123662509179e+03
1.404037863259977712e+03
1.399849750558561709e+03
1.395614257434069486e+03
1.391466544800828160e+03
1.387416546043544713e+03
1.383433994466297463e+03
1.379496168002385502e+03
1.375569796947339682e+03
1.371638728398324247e+03
1.367770994780009914e+03
1.363931600388666538e+03
1.360094331593965990e+03
1.356300262971417624e+03
1.352477082002182215e+03
1.348603392009329809e+03
1.344724918018277776e+03
1.340879485232652314e+03
1.337129189910419200e+03
1.333434870554733379e+03
1.329758249987286717e+03
1.326130701597837515e+03
1.322502895390312005e+03
1.318921488942351516e+03
1.315365987704255076e+03
1.311826977878420166e+03
1.308291551109798093e+03
1.304796889871229723e+03
1.301326211587650960e+03
1.297867487074660630e+03
1.294455193337323635e+03
1.291038016147565031e+03
1.287671253671861450e+03
1.284321126090273538e+03
1.281046010286863975e+03
1.277760012176779810e+03
1.274487294071835549e+03
1.271250133657895276e+03
1.268005466915878515e+03
1.264745828917936478e+03
1.261492211075902333e+03
1.258207194529378739e+03
1.254906096574108915e+03
1.251620747274746464e+03
1.248328690603344512e+03
1.245052586116063139e+03
1.241853267937419105e+03
1.238756888161264897e+03
1.235645299344083924e+03
1.232553679976411331e+03
1.229600242084099591e+03
1.226694107113574319e+03
1.223782257733254028e+03
1.220860409313954733e+03
1.217949215223105966e+03
1.215076641368168339e+03
1.212247873689397466e+03
1.209499252389322464e+03
1.206779048699729628e+03
1.204033187596274274e+03
1.201344680128816208e+03
1.198684385249443267e+03
1.196019749545150262e+03
1.193351765320513778e+03
1.190719674928750237e+03
1.188165687414189051e+03
1.185669194106020313e+03
1.183199782242539186e+03
1.180758861997887152e+03
1.178426152822875565e+03
1.176107588492785908e+03
1.173754609161988583e+03
1.171414994710735755e+03
1.169082932110100501e+03
1.166740279073661441e+03
1.164354188145558965e+03
1.161950337126358818e+03
1.159607788852347539e+03
1.157354040575469753e+03
1.155133382938404793e+03
1.152925300056754168e+03
1.150714757674540124e+03
1.148497657108994645e+03
1.146311197232430004e+03
1.144145518573312074e+03
1.142057346672510903e+03
1.139991235406683472e+03
1.137899030334455574e+03
1.135791000387032454e+03
1.133732856511085856e+03
1.131687369709220093e+03
1.129642442720964482e+03
1.127631685816619665e+03
1.125640936039618964e+03
1.123693149807003692e+03
1.121747275218999221e+03
1.119851999575484570e+03
1.117976582537229206e+03
1.116190795452639804e+03
1.114444384658094805e+03
1.112795210586270514e+03
1.111156157097791493e+03
1.109531900147465649e+03
1.107946176401213052e+03
1.106408620225912728e+03
1.104883305921796591e+03
1.103419760970962670e+03
1.102020466469569328e+03
1.100700420207233492e+03
1.099429656206192703e+03
1.098177949071137618e+03
1.096948191252418155e+03
1.095811770992978836e+03
1.094755563317113229e+03
1.093700363559847347e+03
1.092671844526167206e+03
1.091678836487710441e+03
1.090736535532847483e+03
1.089806334423660701e+03
1.088883775459255503e+03
1.087986632730594692e+03
1.087123604497653105e+03
1.086282760912382855e+03
1.085453747041655333e+03
1.084660220315266315e+03
1.083920737639899698e+03
1.083228026104769697e+03
1.082616017394938581e+03
1.082043755506810157e+03
1.081489165029235892e+03
1.080953477955051312e+03
1.080451361551418813e+03
1.079970308284444172e+03
1.079500782526121156e+03
1.079117007523557049e+03
1.078790756074985438e+03
1.078472108628365049e+03
1.078185062284670494e+03
1.077924730346238675e+03
1.077738955623649417e+03
1.077599076447711468e+03
1.077468053434549347e+03
1.077342641973718855e+03
1.077230350186698388e+03
1.077119167697224839e+03
1.077061643222021303e+03
1.077091796602640443e+03
1.077229745903571711e+03
1.077451916097147887e+03
1.077736377769629144e+03
1.078050498372114362e+03
1.078410059618719515e+03
1.078875344744400763e+03
1.079380425183947636e+03
1.079912982699397617e+03
1.080499013350808127e+03
1.081103444015702280e+03
1.081711508353680074e+03
1.082324497127035329e+03
1.082939424585922097e+03
1.083548658527723774e+03
1.084237943718983388e+03
1.084978423895991909e+03
1.085747361805336595e+03
1.086523786105658246e+03
1.087348123578998184e+03
1.088244385980622610e+03
1.089198435692422890e+03
1.090198814371417029e+03
1.091228559590927034e+03
1.092298417406177123e+03
1.093443480154960980e+03
1.094633186256854515e+03
1.095827698957393295e+03
1.097018557462887657e+03
1.098219274972286485e+03
1.099503057756597627e+03
1.100787623866566719e+03
1.102074094822785582e+03
1.103426867530229401e+03
1.104794409611857645e+03
1.106155512267573613e+03
1.107534273272741302e+03
1.108943502235565347e+03
1.110350827168102114e+03
1.111756347880650537e+03
1.113199977657859336e+03
1.114644708915650426e+03
1.116110471051293871e+03
1.117567274649719820e+03
1.119026189602657723e+03
1.120530309106648247e+03
1.122053635487494830e+03
1.123596267680417441e+03
1.125168212427531898e+03
1.126737476463369148e+03
1.128322417654774426e+03
1.129911276545117971e+03
1.131518938364711175e+03
1.133207027913892944e+03
