1.428842766015615780e+03
1.429138409246201718e+03
1.429414952935816018e+03
1.429676069979268050e+03
1.429918975832856404e+03
1.430141950455853021e+03
1.430357093468426910e+03
1.430610686480679306e+03
1.430846541857343027e+03
1.431067816534065287e+03
1.431312322703135351e+03
1.431544098343734277e+03
1.431748152065736576e+03
1.431924939904180974e+03
1.432105346663294085e+03
1.432291082325302114e+03
1.432447477429239370e+03
1.432577986671357394e+03
1.432698239019593075e+03
1.432820954773181029e+03
1.432919326864174764e+03
1.433040965294662783e+03
1.433150712681371260e+03
1.433293340674952560e+03
1.433466724894083882e+03
1.433655653752308126e+03
1.433826284656999178e+03
1.433999609938359072e+03
1.434223654210223231e+03
1.434452483478039539e+03
1.434655915205589963e+03
1.434863231954255298e+03
1.435095826833569845e+03
1.435311662161634558e+03
1.435509811627066938e+03
1.435702491188106706e+03
1.435886587290480975e+03
1.436088176933703380e+03
1.436295108915511946e+03
1.436548715614163029e+03
1.436813898332513872e+03
1.437081465049077451e+03
1.437324129524676209e+03
1.437569409768512514e+03
1.437836130735322968e+03
1.438086429574480235e+03
1.438368228153158725e+03
1.438686760769262037e+03
1.438988226983552522e+03
1.439271754310514098e+03
1.439549951277127093e+03
1.439836512207753003e+03
1.440114135467944152e+03
1.440393530402533543e+03
1.440653857211040759e+03
1.440897975303511430e+03
1.441159754838892241e+03
1.441430949763635908e+03
1.441694227701440695e+03
1.441952341733633830e+03
1.442218545255721438e+03
1.442547749974918815e+03
1.442910388547351431e+03
1.443260457966056492e+03
1.443605833098221410e+03
1.443937183666953842e+03
1.444257021530959264e+03
1.444579671419980059e+03
1.444900203629303633e+03
1.445252412538387262e+03
1.445663290845802067e+03
1.446088110832306484e+03
1.446536439613248604e+03
1.447002791121339669e+03
1.447479687304620938e+03
1.448038429953241121e+03
1.448598720809532551e+03
1.449169171268437367e+03
1.449777341722462324e+03
1.450438694576097305e+03
1.451112503094194608e+03
1.451828161273109117e+03
1.452540227376191979e+03
1.453233350266239768e+03
1.453905823196936581e+03
1.454557762998071667e+03
1.455243690146520748e+03
1.455932707756099717e+03
1.456611828142039485e+03
1.457326956780154660e+03
1.458127969774318217e+03
1.458958028730288561e+03
1.459790948557195406e+03
1.460630292035133607e+03
1.461457351846685015e+03
1.462330705929426813e+03
1.463213281193142393e+03
1.464077987051355649e+03
1.464931854624090192e+03
1.465820943847968920e+03
1.466712034834031556e+03
1.467635617248540029e+03
1.468657463342112578e+03
1.469741251811457914e+03
1.470817234488460144e+03
1.471914222748749125e+03
1.473011374597951999e+03
1.474119089750099647e+03
1.475229905769228935e+03
1.476313175127948170e+03
1.477363834749708531e+03
1.478380696957930468e+03
1.479384292543672927e+03
1.480425034002395478e+03
1.481474293792985691e+03
1.482557136374329730e+03
1.483670667969126953e+03
1.484763141380542947e+03
1.485824928976447154e+03
1.486908178482917265e+03
1.488022636758492354e+03
1.489100310241813077e+03
1.490151179909885286e+03
1.491288360586758245e+03
1.492485826857224538e+03
1.493667056461632683e+03
1.494804931883821610e+03
1.495950021344409379e+03
1.497101068914215602e+03
1.498238237117705012e+03
1.499391427977274589e+03
1.500518378911065156e+03
1.501605971355047132e+03
1.502684534731762142e+03
1.503750619229163931e+03
1.504793250079575046e+03
1.505844850353019410e+03
1.506871848757300995e+03
1.507869822345562625e+03
1.508854389298177693e+03
1.509801046672309440e+03
1.510753754872842364e+03
1.511670676867361408e+03
1.512620919526717898e+03
1.513543462753642416e+03
1.514482625933791724e+03
1.515465378732993258e+03
1.516485344758035353e+03
1.517504925166908606e+03
1.518518765391862871e+03
1.519526909855934264e+03
1.520522582809230244e+03
1.521516410261566762e+03
1.522488641873548659e+03
1.523453181530704114e+03
1.524396048621832961e+03
1.525413751054227760e+03
1.526416170517341470e+03
1.527419884092108987e+03
1.528385167982265784e+03
1.529328993734371579e+03
1.530261562714201318e+03
1.531201499718328705e+03
1.532154617418555290e+03
1.533130735418422773e+03
1.534091497700642321e+03
1.535050391454599321e+03
1.536031271126575575e+03
1.537026368801838998e+03
1.538015519978721841e+03
1.538972206196991010e+03
1.539934507508803563e+03
1.540872854132906468e+03
1.541844283602279575e+03
1.542814175362845390e+03
1.543737463859990839e+03
1.544621150733958984e+03
1.545476055970043490e+03
1.546354392986159155e+03
1.547214489839335101e+03
1.548082848068445401e+03
1.548908957785121856e+03
1.549741287177692357e+03
1.550579539160157992e+03
1.551434619704370107e+03
1.552269714747212447e+03
1.553111892510593862e+03
1.553905056303625543e+03
1.554654714405497998e+03
1.555382497225759835e+03
1.556082892698944988e+03
1.556781928424531543e+03
1.557507352773674029e+03
1.558237774192012466e+03
1.558996542809669336e+03
1.559713534579638690e+03
1.560473882255811986e+03
1.561273451707901586e+03
1.562065994111531836e+03
1.562871360152760190e+03
1.563663133312962373e+03
1.564480801858415361e+03
1.565378361036522165e+03
1.566316423933521946e+03
1.567234511139209189e+03
1.568241875605460791e+03
1.569242192506740594e+03
1.570198566469064190e+03
1.571103418698863152e+03
1.572024475070408698e+03
1.573004183079860923e+03
1.573983908506709668e+03
1.574975312223208221e+03
1.575975349311394893e+03
1.577059513201688105e+03
1.578250088574607389e+03
1.579451382477070638e+03
1.580601227835653617e+03
1.581709262997679616e+03
1.582794001010084230e+03
1.583927888053884089e+03
1.585010488671980056e+03
1.586135885777417570e+03
1.587307943172694650e+03
1.588439893554974333e+03
1.589585062003096027e+03
1.590678747772901261e+03
1.591712729535549443e+03
1.592700084361489644e+03
1.593707239853576311e+03
1.594764295614278126e+03
1.595889057629060517e+03
1.597135188677343649e+03
1.598402037597302524e+03
1.599722653369407453e+03
1.601043647025944210e+03
1.602384493374157728e+03
1.603809734763840652e+03
1.605219823744557743e+03
1.606570870719331424e+03
1.607915900110260282e+03
1.609262409615804927e+03
1.610629735810317925e+03
1.611961025485338723e+03
1.613307199952830615e+03
1.614651261429692113e+03
1.615997594038797615e+03
1.617335050353443876e+03
1.618757631687913545e+03
1.620237931640367606e+03
1.621712548047424207e+03
1.623202669949427673e+03
1.624703137982008911e+03
1.626265575008216729e+03
1.627857360634084671e+03
1.629440242256378042e+03
1.631005985534344745e+03
1.632557193490017653e+03
1.634131303339448550e+03
1.635653231135989017e+03
1.637138346489615742e+03
1.638618722177582185e+03
1.640095899006369791e+03
1.641530037721762710e+03
1.642933031775053905e+03
1.644341301486113025e+03
1.645708330180929579e+03
1.647075019289249667e+03
1.648527219296741350e+03
1.650037407059490533e+03
1.651547477356606350e+03
1.653041371287614766e+03
1.654541797009921311e+03
1.656042156471097542e+03
1.657506176963227063e+03
1.658965508502967850e+03
1.660358088768395646e+03
1.661771176752534302e+03
1.663230349112283875e+03
1.664683284806862957e+03
1.666137570013626146e+03
1.667606656396089420e+03
1.669119705601454370e+03
1.670621149405542837e+03
1.672120778277665977e+03
1.673717150929244326e+03
1.675331719521374453e+03
1.676963976551237693e+03
1.678551354647486278e+03
1.680074923256656803e+03
1.681608563226360729e+03
1.683110949768119553e+03
1.684584813776569717e+03
1.685987736896238175e+03
1.687459135650070948e+03
1.688996358328391125e+03
1.690584163548223842e+03
1.692235084011543222e+03
1.693827343017090243e+03
1.695427501720126656e+03
1.696953952359785944e+03
1.698429441054458039e+03
1.699898631697788687e+03
1.701281239163124837e+03
1.702600914215106286e+03
1.703890592737878251e+03
1.705127729925179437e+03
1.706282937795671387e+03
1.707374869765732001e+03
1.708463365431940929e+03
1.709495765214667699e+03
1.710460351008977796e+03
1.711450132108467187e+03
1.712461665556961179e+03
1.713455301891832960e+03
1.714547421870037397e+03
1.715585574015307202e+03
1.716628495535250067e+03
1.717600305418992775e+03
1.718511330792048966e+03
1.719384174331222766e+03
1.720282188001962140e+03
1.721150086521360890e+03
1.722031550863009898e+03
1.722836010651632932e+03
1.723622660535019804e+03
1.724398269915585615e+03
1.725160836511416164e+03
1.725902381871360831e+03
1.726599193630022455e+03
1.727398247245465654e+03
1.728250960918468309e+03
1.729190726854500326e+03
1.730115599087154351e+03
1.731125358206828196e+03
1.732115036981552066e+03
1.733056020999960765e+03
1.733995108268672084e+03
1.734987383619457887e+03
1.736030891747956503e+03
1.736999505229881606e+03
1.737895763444157183e+03
1.738776191422632564e+03
1.739633284329388744e+03
1.740423152953881981e+03
1.741201339478161572e+03
1.741929064553659146e+03
1.742627459665721290e+03
1.743270743072843288e+03
1.743937414651287327e+03
1.744661217267097300e+03
1.745357306008789237e+03
1.746039195404085149e+03
1.746747487101521529e+03
1.747445328725295894e+03
1.748159598035057570e+03
1.748850612189242156e+03
1.749489371421382202e+03
1.750055031721726209e+03
1.750556736317156265e+03
1.751005327732705609e+03
1.751427971599035573e+03
1.751800497049135174e+03
1.752136458145975666e+03
1.752457246204376588e+03
1.752841409795049913e+03
1.753211850846896368e+03
1.753544767763413802e+03
1.753836881433165900e+03
1.754050656619738675e+03
1.754241659835861810e+03
1.754370141262612378e+03
1.754501779164676464e+03
1.754669177548692005e+03
1.754823931162167810e+03
1.754984203865611562e+03
1.755181887717928248e+03
1.755418032632379209e+03
1.755692377669438883e+03
1.755997342167454008e+03
1.756242531550089097e+03
1.756533217808924746e+03
1.756750251427474041e+03
1.756937971147140615e+03
1.757079831455516342e+03
1.757229710273635874e+03
1.757427073775358622e+03
1.757568606238153279e+03
1.757718283988430358e+03
1.757845166934580902e+03
1.757950764317478161e+03
1.758111870375283843e+03
1.758371179349373506e+03
1.758692259943468343e+03
1.758964100669839354e+03
1.759159568977302342e+03
1.759369437455248999e+03
1.759581218863171671e+03
1.759696840896144522e+03
1.759782317303052878e+03
1.759804389127509467e+03
1.759819847807793622e+03
1.759755087085639843e+03
1.759604117605633746e+03
1.759394469856288651e+03
1.759177611459825130e+03
1.758959899257499501e+03
1.758756934377155631e+03
1.758522032715522073e+03
1.758281176720009626e+03
1.758107196935922275e+03
1.757966850349104106e+03
1.757775182020470311e+03
1.757539868131843832e+03
1.757237538923575585e+03
1.756912303805099327e+03
1.756579696788989168e+03
1.756272483972597911e+03
1.755998783653274131e+03
1.755664796485496026e+03
1.755350326812266758e+03
1.755061952027796679e+03
1.754726202208529230e+03
1.754287671485289593e+03
1.753798060639841651e+03
1.753281017661669921e+03
1.752765815702361351e+03
1.752160190684699046e+03
1.751455850979231627e+03
1.750710755571047684e+03
1.749923590228897410e+03
1.749100977909800577e+03
1.748256174372937039e+03
1.747340501537175442e+03
1.746342821902113428e+03
1.745251420626345862e+03
1.744170094068472281e+03
1.743021269360710903e+03
1.741832060870491659e+03
1.740696434927453538e+03
1.739608982943560932e+03
1.738565607589172032e+03
1.737516223561070547e+03
1.736476429091893351e+03
1.735400023841911207e+03
1.734262304913052503e+03
1.733149792481449140e+03
1.732110763075638488e+03
1.731062399905335042e+03
1.729970265370223842e+03
1.728911701828032164e+03
1.727857161841660400e+03
1.726827229272483464e+03
1.725828796279583912e+03
1.724829384193667920e+03
1.723764350969529005e+03
1.722639506427309470e+03
1.721433007129184489e+03
1.720223182509318121e+03
1.719021123309590621e+03
1.717799257403159118e+03
1.716542525049253527e+03
1.715240283552866913e+03
1.713852789300207860e+03
1.712384240175426839e+03
1.710863771703614930e+03
1.709281848880179041e+03
1.707662739153521215e+03
1.706082931027317272e+03
1.704453220291547041e+03
1.702741411980318162e+03
1.701061344767575974e+03
1.699310889559224961e+03
1.697535004383699743e+03
1.695813272161062741e+03
1.694084390384281278e+03
1.692317567493206752e+03
1.690535899731154586e+03
1.688724381739297087e+03
1.686908974019211655e+03
1.685082834141361218e+03
1.683259598015024721e+03
1.681445807077893051e+03
1.679595667918466006e+03
1.677722353883167671e+03
1.675844662298986577e+03
1.674024366668006223e+03
1.672140139110310429e+03
1.670204606060059859e+03
1.668240835804855578e+03
1.666275436575675258e+03
1.664271875618898775e+03
1.662203917934248238e+03
1.660081673364098151e+03
1.657906921817554576e+03
1.655829413158242232e+03
1.653753714541102227e+03
1.651700548594807969e+03
1.649642045581439561e+03
1.647591968237274159e+03
1.645525722636599539e+03
1.643428925191746202e+03
1.641380181228014408e+03
1.639355245535045015e+03
1.637347786422106992e+03
1.635340298068527545e+03
1.633379323842199256e+03
1.631400946682060749e+03
1.629446932843581180e+03
1.627547335016324951e+03
1.625703880912775503e+03
1.623861330733552222e+03
1.621944330971533873e+03
1.620048587210138066e+03
1.618176626174244348e+03
1.616268549527850610e+03
1.614283111654882532e+03
1.612329271166584931e+03
1.610366140236235424e+03
1.608327519171259382e+03
1.606274070708061345e+03
1.604277394968031331e+03
1.602322980775407586e+03
1.600378395491366064e+03
1.598483939349419643e+03
1.596608059017493360e+03
1.594721498604920725e+03
1.592780528330360085e+03
1.590812156327969660e+03
1.588779852391596705e+03
1.586730340164107020e+03
1.584717581502468420e+03
1.582728521031430319e+03
1.580769250689257206e+03
1.578814805553059159e+03
1.576980895461160799e+03
1.575168091407501606e+03
1.573416265737103231e+03
1.571718490058364068e+03
1.570025727448896077e+03
1.568414229885879649e+03
1.566823822866396313e+03
1.565162683160234110e+03
1.563454640446302619e+03
1.561761995737889720e+03
1.560149814516009656e+03
1.558552488189853875e+03
1.556916243661654107e+03
1.555311951719291073e+03
1.553717232144902027e+03
1.552098883129231126e+03
1.550406443513991690e+03
1.548662764887363210e+03
1.546900483263199021e+03
1.545105137720136554e+03
1.543378142248991026e+03
1.541671753763726883e+03
1.539995122918044444e+03
1.538371869119516077e+03
1.536714183785520618e+03
1.534987056671129267e+03
1.533257132099465252e+03
1.531529736923584096e+03
1.529847452412379425e+03
1.528169593297262963e+03
1.526488866272003406e+03
1.524814363632057621e+03
1.523078237800558782e+03
1.521311844521547073e+03
1.519530702917716098e+03
1.517705207413680682e+03
1.515892210981869766e+03
1.514106502739870621e+03
1.512305708459871539e+03
1.510512230524493361e+03
1.508730232607647849e+03
1.506952282579639814e+03
1.505121653744451123e+03
1.503260348853548294e+03
1.501399930705553743e+03
1.499536625612503485e+03
1.497790084887841658e+03
1.496008080583157607e+03
1.494177033421956139e+03
1.492267231307067505e+03
1.490351101933908240e+03
1.488535768059070051e+03
1.486733475633390299e+03
1.484938640593922628e+03
1.483205233681686877e+03
1.481514377502010802e+03
1.479835613211902000e+03
1.478138000869737652e+03
1.476415224906746971e+03
1.474770802788549190e+03
1.473153252236023945e+03
1.471541241859118372e+03
1.469928299302150890e+03
1.468307665494295861e+03
1.466678734027821065e+03
1.464978159431477479e+03
1.463242090216244378e+03
1.461537530163136580e+03
1.459820352386657305e+03
1.458104581808077228e+03
1.456425272220637453e+03
1.454687228670947661e+03
1.452891212138554693e+03
1.451036046633246769e+03
1.449128209633386177e+03
1.447160706724175725e+03
1.445128051364216162e+03
1.443082681267085718e+03
1.440965507074663037e+03
1.438763465868274807e+03
1.436480620700154304e+03
1.434143386373248177e+03
1.431836362225923040e+03
1.429541361508864156e+03
1.427275493933649386e+03
1.424965268484286753e+03
1.422575684886344334e+03
1.420144124182978203e+03
1.417653944662395816e+03
1.415095637907987566e+03
1.412484095407568020e+03
1.409827704867578859e+03
1.407201482281858262e+03
1.404520531002208372e+03
1.401822204236644893e+03
1.399142012005886500e+03
1.396408366532042692e+03
1.393602246320871018e+03
1.390715146911835745e+03
1.387876456513858557e+03
1.385027576113316627e+03
1.382151801517223248e+03
1.379270142232391891e+03
1.376409041177248127e+03
1.373522147961160272e+03
1.370621177676227944e+03
1.367687323711977342e+03
1.364752866474876328e+03
1.361848835482215918e+03
1.359004388576429392e+03
1.356098553149610098e+03
1.353141992693638031e+03
1.350176869125749590e+03
1.347242061098133945e+03
1.344284106146591739e+03
1.341333591949150559e+03
1.338327569766183160e+03
1.335285502461077158e+03
1.332173870630008423e+03
1.329053416405424286e+03
1.325869745588915066e+03
1.322676547568149545e+03
1.319440210699309773e+03
1.316187445777281482e+03
1.312873594911521195e+03
1.309522675246596009e+03
1.306235511125121775e+03
1.302908016450963714e+03
1.299499545479945255e+03
1.296069169424218444e+03
1.292627685389428734e+03
1.289242849464188339e+03
1.285806740894074892e+03
1.282354129795462541e+03
1.278857570327140365e+03
1.275408485385117274e+03
1.272008424951498000e+03
1.268557683029476266e+03
1.265049430281992500e+03
1.261473291244388292e+03
1.257848623844966824e+03
1.254189654369995878e+03
1.250538781535884482e+03
1.246873695829990538e+03
1.243338677377027125e+03
1.239770174672772782e+03
1.236184482478946848e+03
1.232656572865699218e+03
1.229180811101318795e+03
1.225669788110237960e+03
1.222202024611777233e+03
1.218729029911689167e+03
1.215253168865545831e+03
1.211782784339486852e+03
1.208312915073320255e+03
1.204773200265108699e+03
1.201212122411265227e+03
1.197698593979148882e+03
1.194142523281548620e+03
1.190555408323984238e+03
1.186916925797709382e+03
1.183327568747140504e+03
1.179735738748776384e+03
1.176142604319989914e+03
1.172559485648347390e+03
1.168940486218138631e+03
1.165383044176283647e+03
1.161872507119622242e+03
1.158322131760393859e+03
1.154725969248106367e+03
1.151124016643928826e+03
1.147566955651238004e+03
1.144066641497482578e+03
1.140571994265381591e+03
1.137062359207006011e+03
1.133520250863959291e+03
1.129985263881467745e+03
1.126460732008733885e+03
1.122970372327976747e+03
1.119466017980556899e+03
1.115946842039211106e+03
1.112460420570121187e+03
1.108946984312537097e+03
1.105423070201075461e+03
1.101885250521931539e+03
1.098397948380716571e+03
1.094988358941370279e+03
1.091624274810972793e+03
1.088259158237075098e+03
1.084912183171572678e+03
1.081571074068966027e+03
1.078274115562557199e+03
1.074985861302595595e+03
1.071737399179781050e+03
1.068483985504364682e+03
1.065265657693652884e+03
1.062031639570199786e+03
1.058763808133711791e+03
1.055482480375564364e+03
1.052233226967611472e+03
1.049023408322097566e+03
1.045824884945752046e+03
1.042608049298282822e+03
1.039357506913338511e+03
1.036094858516945806e+03
1.032856226444406047e+03
1.029752355621850256e+03
1.026674993423260730e+03
1.023556974177041866e+03
1.020428990768676499e+03
1.017265157111804683e+03
1.014087250943503818e+03
1.010887706737534700e+03
1.007692986553476999e+03
1.004488905127626367e+03
1.001250269206060011e+03
9.979766576465716525e+02
9.946615345370995556e+02
9.913758627086233446e+02
9.880665267348439329e+02
9.848289327998199951e+02
9.816233544568849538e+02
9.785509537505847675e+02
9.754865633750617917e+02
9.723868807412770821e+02
9.693459836807614920e+02
9.664007756159846849e+02
9.635020878951538634e+02
9.606105813505222386e+02
9.576662391138036128e+02
9.546654667964064629e+02
9.516416655502659978e+02
9.485740258464177259e+02
9.455618877919212082e+02
9.425500282319200096e+02
9.395280489351027882e+02
9.365441733699998395e+02
9.335500516761578638e+02
9.305461612263693496e+02
9.275240275309462277e+02
9.244995055476063044e+02
9.214281896547041697e+02
9.183445272727794872e+02
9.152484632426803728e+02
9.122004819000044336e+02
9.091864161163488234e+02
9.061591291753928772e+02
9.031014732476417066e+02
9.000557552852430945e+02
8.970776400228561442e+02
8.941218783537217405e+02
8.911676364670461226e+02
8.882664187553444890e+02
8.854317914698007144e+02
8.825795283333222869e+02
8.797192340161792572e+02
8.768398486444414175e+02
8.739368078308373242e+02
8.710244945027968697e+02
8.681771023683076010e+02
8.654127284477973490e+02
8.626470120621659134e+02
8.598778933629038193e+02
8.571084237070608651e+02
8.543534900049727412e+02
8.515716467402382932e+02
8.488578496702245957e+02
8.461236959161117284e+02
8.433641572421461206e+02
8.406696360278754128e+02
8.380595230484784679e+02
8.354924087182832864e+02
8.330173955551105109e+02
8.305489259793382644e+02
8.280721439787521376e+02
8.255604862496546730e+02
8.230170560842129817e+02
8.204603017017930142e+02
8.179127352468744903e+02
8.154149301332281539e+02
8.129472644503443917e+02
8.104713712818531803e+02
8.079788137159098369e+02
8.055618629778460900e+02
8.031788560755196613e+02
8.007868167234144039e+02
7.984466283995145659e+02
7.961298939493774469e+02
7.938915746783659415e+02
7.916958245121443269e+02
7.895170923538241823e+02
7.873184970759618864e+02
7.851325063301227374e+02
7.830209645661640252e+02
7.809710552104595536e+02
7.789108040320413693e+02
7.769133760994398017e+02
7.749815533502536482e+02
7.731613912377788438e+02
7.713474602052733644e+02
7.695485571812015451e+02
7.677645107150849526e+02
7.660655819226874428e+02
7.644381070726690268e+02
7.628774419095855137e+02
7.613141806282609423e+02
7.598242320848175950e+02
7.583511459882355439e+02
7.568677302897724530e+02
7.553679389735216319e+02
7.538570653010336855e+02
7.524320005880819053e+02
7.510407941702145536e+02
7.496757139117969473e+02
7.483460232435727448e+02
7.470885888617647197e+02
7.458538504068276325e+02
7.446669917402601868e+02
7.434769726355320927e+02
7.422771141236867152e+02
7.411006637788378839e+02
7.399097990883891498e+02
7.387339030216010087e+02
7.375441262080408933e+02
7.363366436326732583e+02
7.351683693663951544e+02
7.340434822057382007e+02
7.329438579602993968e+02
7.318332919030934818e+02
7.308048743630035915e+02
7.298651016413609796e+02
7.289772110118194632e+02
7.281535372747053998e+02
7.273624160634393547e+02
7.265988671387656268e+02
7.258269117403906421e+02
7.250398963490283677e+02
7.242867169007570283e+02
7.235440264711016880e+02
7.228691621419695821e+02
7.221912722019219473e+02
7.215043282521198762e+02
7.208453834659617314e+02
7.201974425041487393e+02
7.195956232883113444e+02
7.190131210193470679e+02
7.184378992747110715e+02
7.179195612366893329e+02
7.174315301712470045e+02
7.169406929348259609e+02
7.164855520431258356e+02
7.160506991889184292e+02
7.156035348146838260e+02
7.151675903128372056e+02
7.148025383065651113e+02
7.145119315370086497e+02
7.142281273567862172e+02
7.139814970282766353e+02
7.137894953284452413e+02
7.136531228170522354e+02
7.135045517728677851e+02
7.133557955675527182e+02
7.132047584182339506e+02
7.131460298293645792e+02
7.130720840169663006e+02
7.129828883326538289e+02
7.128780273597084260e+02
7.127582979447172420e+02
7.126627633165254565e+02
7.125935873802427523e+02
7.125521099262023199e+02
7.125058386067823903e+02
7.124515147074309880e+02
7.123863974107355261e+02
7.123061258197224106e+02
7.122178665504295623e+02
7.121088549163046082e+02
7.120583209581551500e+02
7.119907991615039009e+02
7.119300520527259550e+02
7.118751202687853947e+02
7.118832934306016114e+02
7.119196470581998710e+02
7.119900491078699361e+02
7.120842609346022982e+02
7.122426102243007335e+02
7.123953599760634461e+02
7.125239617835604804e+02
7.126521891745733228e+02
7.127754048859806062e+02
7.129166763969222984e+02
7.130468684915401809e+02
7.132601292375295543e+02
7.135128490043005058e+02
7.137969480246786134e+02
7.140656851143889980e+02
7.143208795582855828e+02
7.145541968953979222e+02
7.148106383053160471e+02
7.150896303770185796e+02
7.153504047754122439e+02
7.156091050662893167e+02
7.158840221185698738e+02
7.161536692135673547e+02
7.164324102573625623e+02
7.167694844653433393e+02
7.170985546671508928e+02
7.174579726076092356e+02
7.178092172079605007e+02
7.181403530432047546e+02
7.184494375671322359e+02
7.187562855020354391e+02
7.190497001528428882e+02
7.193219732708867014e+02
7.195829155290778090e+02
7.198442435276469951e+02
7.201704929096526939e+02
7.205071679780236309e+02
7.208401839190726150e+02
7.211745264862917111e+02
7.215383033868220082e+02
7.218977099404122555e+02
7.222697589822864757e+02
7.226345406175212247e+02
7.229868365319489385e+02
7.233467557581955134e+02
7.237493317602003344e+02
7.241324790485684844e+02
7.244968460345072572e+02
7.248417081757077085e+02
7.252024604041835119e+02
7.255669819543001040e+02
7.259502332671024760e+02
7.263269271301057870e+02
7.266821250244554449e+02
7.270432234937879912e+02
7.274405568565073281e+02
7.278245551599097780e+02
7.282021041707569111e+02
7.286072114575936212e+02
7.290002288235607466e+02
7.293832266861527387e+02
7.297570588066053006e+02
7.301440438577042187e+02
7.305455324373112944e+02
7.309844847638592000e+02
7.314093439232086666e+02
7.318272571523555143e+02
7.322276021972045328e+02
7.326112856091533558e+02
7.329959414309117847e+02
7.333677963150423693e+02
7.337208731895464098e+02
7.340751638432366235e+02
7.344372516085738880e+02
7.347996996409690382e+02
7.351630743924756644e+02
7.355284061660510133e+02
7.358926103183483747e+02
7.362538934728502227e+02
7.366242347010582989e+02
7.370005222649593861e+02
7.373617837442532164e+02
7.377152815526135328e+02
7.380628378943541748e+02
