2.733302083408682302e+04
2.733572322164355865e+04
2.733817426750511368e+04
2.734045001308484279e+04
2.734250850690463631e+04
2.734431434417357013e+04
2.734590910978580359e+04
2.734723209325784774e+04
2.734832499964666567e+04
2.734915012543987177e+04
2.734976428720357580e+04
2.735016037962964765e+04
2.735046619171935163e+04
2.735053866231282882e+04
2.735038038135132956e+04
2.735001964318256432e+04
2.734945921971719144e+04
2.734870740919294985e+04
2.734776716284583381e+04
2.734663958139003807e+04
2.734530084746290231e+04
2.734381969671628758e+04
2.734210495791000358e+04
2.734018847640964304e+04
2.733811081347189975e+04
2.733587691814289428e+04
2.733354060492920689e+04
2.733104063906746160e+04
2.732847182270863414e+04
2.732568295999936890e+04
2.732276645451567674e+04
2.731979347024694289e+04
2.731665736143915638e+04
2.731345090102135146e+04
2.731013913712279827e+04
2.730675215948910409e+04
2.730324631007143762e+04
2.729965963082491362e+04
2.729592366102249798e+04
2.729215969787152426e+04
2.728836757149606274e+04
2.728451026081213422e+04
2.728061104354994677e+04
2.727665378563132617e+04
2.727264314796450708e+04
2.726861101921201771e+04
2.726450788145769911e+04
2.726047593444677113e+04
2.725649359375039421e+04
2.725243639953797538e+04
2.724848595835940068e+04
2.724466715866687809e+04
2.724086252011491524e+04
2.723713831161234702e+04
2.723341620449765833e+04
2.722969122042503295e+04
2.722588968956130338e+04
2.722207702926049387e+04
2.721832997844752026e+04
2.721450605536415605e+04
2.721062461731300209e+04
2.720676478572112319e+04
2.720291691730353341e+04
2.719920384549134906e+04
2.719553840303968173e+04
2.719177693932527472e+04
2.718809678732306929e+04
2.718449997569159314e+04
2.718088593615343780e+04
2.717721884185288945e+04
2.717352521685281681e+04
2.716978571943487259e+04
2.716607184703460371e+04
2.716250975871569244e+04
2.715892668138992303e+04
2.715540394769464183e+04
2.715193437746813652e+04
2.714840003650093058e+04
2.714499933622487151e+04
2.714176850307762288e+04
2.713869972462825535e+04
2.713573635142302373e+04
2.713278410470346353e+04
2.712985746459885559e+04
2.712705035479133221e+04
2.712427481770733721e+04
2.712160842499384307e+04
2.711893574159175478e+04
2.711628883199768461e+04
2.711362918338653981e+04
2.711106522567183856e+04
2.710855734139257765e+04
2.710604709123110661e+04
2.710353745508351858e+04
2.710115469044940619e+04
2.709870400059468375e+04
2.709615906849613748e+04
2.709361019321881395e+04
2.709109205589721387e+04
2.708863425063589602e+04
2.708622069477789410e+04
2.708382814558174869e+04
2.708142222278773625e+04
2.707907190278237977e+04
2.707680339126033505e+04
2.707463566638904013e+04
2.707241994350454479e+04
2.707013087757542235e+04
2.706794089593787794e+04
2.706582873453538195e+04
2.706379604114458562e+04
2.706184381054135883e+04
2.705983010207425468e+04
2.705787336726747890e+04
2.705597654020937262e+04
2.705405216382858271e+04
2.705248599712311625e+04
2.705080725489267206e+04
2.704919143425444781e+04
2.704755785971938894e+04
2.704587582447567547e+04
2.704437305240739079e+04
2.704296417819285489e+04
2.704146678849091040e+04
2.703991687845614797e+04
2.703817676178715556e+04
2.703652387059648026e+04
2.703489243948344665e+04
2.703326308967744262e+04
2.703169031829759115e+04
2.703003623568500188e+04
2.702821559263001473e+04
2.702639001713565085e+04
2.702456828251650586e+04
2.702270983881795109e+04
2.702095028772252044e+04
2.701917171211431196e+04
2.701747609268257293e+04
2.701572329779159190e+04
2.701392002580123153e+04
2.701210835558921099e+04
2.701037022939647431e+04
2.700863554953794664e+04
2.700696170597741730e+04
2.700528068834829901e+04
2.700367023306331248e+04
2.700213551929578171e+04
2.700052845346658796e+04
2.699867281974357684e+04
2.699675369015780598e+04
2.699494703676021891e+04
2.699305541567516775e+04
2.699125745713106517e+04
2.698941860557185282e+04
2.698755496981794931e+04
2.698575290325565948e+04
2.698397114263315962e+04
2.698219098781078355e+04
2.698031122026058802e+04
2.697848076337840757e+04
2.697663657786613840e+04
2.697472502137755146e+04
2.697292966727488238e+04
2.697104675551223772e+04
2.696920328471228277e+04
2.696742161005121307e+04
2.696572233904311724e+04
2.696399880078423303e+04
2.696202646759887284e+04
2.695968966109865141e+04
2.695732482496149532e+04
2.695492547115917478e+04
2.695226206300149715e+04
2.694962169756602816e+04
2.694706850094501351e+04
2.694432855600824769e+04
2.694147721098118200e+04
2.693843115903665239e+04
2.693517702006586478e+04
2.693168459119714316e+04
2.692797257356254704e+04
2.692424568880190418e+04
2.692019083989027786e+04
2.691591758234043300e+04
2.691146829833686570e+04
2.690687647450147051e+04
2.690221023418977347e+04
2.689745606452180073e+04
2.689254825988729499e+04
2.688729000660353631e+04
2.688204749203819301e+04
2.687675468336354606e+04
2.687132496321396684e+04
2.686579463869008396e+04
2.686023119219033833e+04
2.685468842961962582e+04
2.684894872079463676e+04
2.684296886363102021e+04
2.683683707254960609e+04
2.683060602276941790e+04
2.682420412252867391e+04
2.681763340543071536e+04
2.681075012555244757e+04
2.680359968881126770e+04
2.679622403871390634e+04
2.678870671641977606e+04
2.678092019517610970e+04
2.677291566580573271e+04
2.676462330008328718e+04
2.675613413339749604e+04
2.674725037871403038e+04
2.673798521566784621e+04
2.672829747890763247e+04
2.671827524719035137e+04
2.670819471905825048e+04
2.669814390110899694e+04
2.668787419305515141e+04
2.667737035026353988e+04
2.666667137704020206e+04
2.665558532164810094e+04
2.664420896202856238e+04
2.663253480688131458e+04
2.662049575726349212e+04
2.660815436365772621e+04
2.659560422278210171e+04
2.658308493933611317e+04
2.657037843815832821e+04
2.655739632134049316e+04
2.654414664411118792e+04
2.653088149592342597e+04
2.651741383379544641e+04
2.650349337189398648e+04
2.648934900144649509e+04
2.647505997328843659e+04
2.646045391315971574e+04
2.644565721177502928e+04
2.643057775941265936e+04
2.641516664049162500e+04
2.639978077147669683e+04
2.638418563964751229e+04
2.636855229748587590e+04
2.635262629607629788e+04
2.633665978961738074e+04
2.632038486982728500e+04
2.630381134698566530e+04
2.628691796121752486e+04
2.626992571649983802e+04
2.625282713667205826e+04
2.623566439226405419e+04
2.621834782569900926e+04
2.620088556360655639e+04
2.618344187055984366e+04
2.616602313244755351e+04
2.614853646290710094e+04
2.613068627710881628e+04
2.611239563586131408e+04
2.609395901542091815e+04
2.607557375844288617e+04
2.605717869230198994e+04
2.603849391585607009e+04
2.601948891774503863e+04
2.600040489132414950e+04
2.598137738483679277e+04
2.596213861322923549e+04
2.594245863906522209e+04
2.592235694414013778e+04
2.590196621292967393e+04
2.588149600101094620e+04
2.586102017658618570e+04
2.584031092283930775e+04
2.581943435098502232e+04
2.579862353671821256e+04
2.577749329743943963e+04
2.575615322701685000e+04
2.573469209126343048e+04
2.571290268391693826e+04
2.569097563049455130e+04
2.566904878316435133e+04
2.564691818293014876e+04
2.562466881586973250e+04
2.560209316967317136e+04
2.557929175180549282e+04
2.555646266454297802e+04
2.553356396801292794e+04
2.551053229254488906e+04
2.548740308581874342e+04
2.546414804066101351e+04
2.544068093132933063e+04
2.541743174291264950e+04
2.539415890299670718e+04
2.537066375710676948e+04
2.534698023547591220e+04
2.532337431364023723e+04
2.529977866575322696e+04
2.527627402937288571e+04
2.525264934564400755e+04
2.522889671369476855e+04
2.520488474254757239e+04
2.518076737534532731e+04
2.515646979923125764e+04
2.513215027779624143e+04
2.510748823651342900e+04
2.508270588789403337e+04
2.505789721630349959e+04
2.503285563308643759e+04
2.500795060309739347e+04
2.498282316338589953e+04
2.495733770342940261e+04
2.493156763471179147e+04
2.490548109104681862e+04
2.487944249803174898e+04
2.485323533434163619e+04
2.482694766347016775e+04
2.480029404251305095e+04
2.477350513105959544e+04
2.474654997954088321e+04
2.471941707508129548e+04
2.469217104166834542e+04
2.466476372946097399e+04
2.463721302116297011e+04
2.460961222996537981e+04
2.458223982457122111e+04
2.455515131487308099e+04
2.452799935402360279e+04
2.450070474226106307e+04
2.447331501975169522e+04
2.444594784748342499e+04
2.441859971203980967e+04
2.439115615682325370e+04
2.436364210006798385e+04
2.433606802744156812e+04
2.430827873918746991e+04
2.428047128932409396e+04
2.425252523860676956e+04
2.422455931885425525e+04
2.419622752958187630e+04
2.416772383016737876e+04
2.413911469546983790e+04
2.411034078082420456e+04
2.408138148554840518e+04
2.405207277358520150e+04
2.402297650755732320e+04
2.399366222486226616e+04
2.396405417825589393e+04
2.393422803496376218e+04
2.390430512493610149e+04
2.387403225971287975e+04
2.384339380556872493e+04
2.381256905965133774e+04
2.378156548841522817e+04
2.375019955850764381e+04
2.371845382393187901e+04
2.368645824282087779e+04
2.365442146294833583e+04
2.362223232881170770e+04
2.359004358617169055e+04
2.355751072591958655e+04
2.352471130460773566e+04
2.349174464748848550e+04
2.345848562368247804e+04
2.342495551554673511e+04
2.339130165969948212e+04
2.335737377819220274e+04
2.332324859964417556e+04
2.328870516154704819e+04
2.325426522681919960e+04
2.321956620086771363e+04
2.318480540811421088e+04
2.314980160355845510e+04
2.311446723313372786e+04
2.307876975199491790e+04
2.304271279986677473e+04
2.300639292106542780e+04
2.297001398485886966e+04
2.293366861037670969e+04
2.289701804350481689e+04
2.286015580355726343e+04
2.282298602267088063e+04
2.278539374292790308e+04
2.274752439131385472e+04
2.270955517824308481e+04
2.267130318630145484e+04
2.263280169412200848e+04
2.259407956524354086e+04
2.255506972446062355e+04
2.251579939143990487e+04
2.247641643664550065e+04
2.243686731396596952e+04
2.239690720091377807e+04
2.235662069867213359e+04
2.231595576559345500e+04
2.227516954005150546e+04
2.223436852403882949e+04
2.219355038205899109e+04
2.215267419413476091e+04
2.211156839952932933e+04
2.207024398494376510e+04
2.202878734745349720e+04
2.198703668537500198e+04
2.194504848798015155e+04
2.190310210514071150e+04
2.186088150852505714e+04
2.181838777669386036e+04
2.177563638469357466e+04
2.173256035049049024e+04
2.168913436417293997e+04
2.164544656061870774e+04
2.160134831531738018e+04
2.155695628828120243e+04
2.151245934290517471e+04
2.146783953616455983e+04
2.142300570350915586e+04
2.137804856976720839e+04
2.133322869812889985e+04
2.128818476259556337e+04
2.124302143650534344e+04
2.119775861198108760e+04
2.115215546747186818e+04
2.110623515326644338e+04
2.106009363496094375e+04
2.101395230338177862e+04
2.096748767386772670e+04
2.092070759202850968e+04
2.087354925678681320e+04
2.082606814531006603e+04
2.077828618098986408e+04
2.073046312004431820e+04
2.068253743504015438e+04
2.063435411055320219e+04
2.058614581574555268e+04
2.053798616598469380e+04
2.048964635835965964e+04
2.044110331723011041e+04
2.039233861428462842e+04
2.034345035815337906e+04
2.029430552988610725e+04
2.024478790915130594e+04
2.019520645059532035e+04
2.014542727682167606e+04
2.009555968171387576e+04
2.004541020892543020e+04
1.999497591419401579e+04
1.994436410837777294e+04
1.989354084619670175e+04
1.984248329339291377e+04
1.979131082411950410e+04
1.973977297827038637e+04
1.968817878168764946e+04
1.963636638359594508e+04
1.958428964869007541e+04
1.953189649473815734e+04
1.947933100277213453e+04
1.942655463157215854e+04
1.937352479002684413e+04
1.932036796019622125e+04
1.926715989981989333e+04
1.921407718929183829e+04
1.916104623718580115e+04
1.910768708174562562e+04
1.905407621768625177e+04
1.900030287295340531e+04
1.894626661980264907e+04
1.889244659777525885e+04
1.883838164006977604e+04
1.878434458525017180e+04
1.873041609610013620e+04
1.867640752261874150e+04
1.862240227104695805e+04
1.856826583405196652e+04
1.851393349032321930e+04
1.845916693120777200e+04
1.840416731079465535e+04
1.834909175845214486e+04
1.829374296559007416e+04
1.823818271064694636e+04
1.818234595310324949e+04
1.812653601800386241e+04
1.807036109953338746e+04
1.801376806250603477e+04
1.795666628395137377e+04
1.789907250576764272e+04
1.784133566077057185e+04
1.778335870797501411e+04
1.772497893375984859e+04
1.766660525559486996e+04
1.760806307761482458e+04
1.754913815478112883e+04
1.748984908395628372e+04
1.743046348566807865e+04
1.737088565214234768e+04
1.731124490765862720e+04
1.725148445666145199e+04
1.719174107094139617e+04
1.713185672290809089e+04
1.707198241344289272e+04
1.701186731686936764e+04
1.695156178635780452e+04
1.689109599625287228e+04
1.683054986288358850e+04
1.676981980909910999e+04
1.670897219828971356e+04
1.664784772569756751e+04
1.658651834767018227e+04
1.652516030625121857e+04
1.646399820385010753e+04
1.640311218559154077e+04
1.634185032745679200e+04
1.628029908950278696e+04
1.621868157996215268e+04
1.615704661390281944e+04
1.609540996827992240e+04
1.603373012417027348e+04
1.597188781207972897e+04
1.590976121526083443e+04
1.584733614924809444e+04
1.578455485105694606e+04
1.572156841126960353e+04
1.565830543564927939e+04
1.559483297913002934e+04
1.553118180727010440e+04
1.546738832264555458e+04
1.540337240696176741e+04
1.533928389357471860e+04
1.527487093272329366e+04
1.520987671274941204e+04
1.514485268828688095e+04
1.507972108424379621e+04
1.501458990924400678e+04
1.494933521524731805e+04
1.488367815157386030e+04
1.481791263583456384e+04
1.475208257820776998e+04
1.468603865971447885e+04
1.461976694345121723e+04
1.455318613136324529e+04
1.448649389310118022e+04
1.441938854195998829e+04
1.435196623483667645e+04
1.428456920591811104e+04
1.421699660925811077e+04
1.414944134123451840e+04
1.408161406938167238e+04
1.401385704876160526e+04
1.394607426541563109e+04
1.387802364118682272e+04
1.380974525309923592e+04
1.374133841496248169e+04
1.367291924789679251e+04
1.360422004615296828e+04
1.353531748046754183e+04
1.346639114942200104e+04
1.339732975179935056e+04
1.332809800662786984e+04
1.325861226589535909e+04
1.318916770864157297e+04
1.311963808631981192e+04
1.304996515624107815e+04
1.298015228438762279e+04
1.291000128227788082e+04
1.283979902225128171e+04
1.276960115585464519e+04
1.269914496284109555e+04
1.262849093554809951e+04
1.255768475376496099e+04
1.248646289434261053e+04
1.241519260158252291e+04
1.234408493130573515e+04
1.227288583487969663e+04
1.220155443244683374e+04
1.213009413518447036e+04
1.205860450925259647e+04
1.198683801458062771e+04
1.191473556143569294e+04
1.184244145564239625e+04
1.177015687170913588e+04
1.169788533102880501e+04
1.162537007911431283e+04
1.155284426559935855e+04
1.148025953742500496e+04
1.140779175802616919e+04
1.133516693207548815e+04
1.126230340854034876e+04
1.118922096292320566e+04
1.111613829207226809e+04
1.104298417123021682e+04
1.096983136200258559e+04
1.089644354775254396e+04
1.082267411328090020e+04
1.074867392691060013e+04
1.067497371836004640e+04
1.060110858225856100e+04
1.052714823213597083e+04
1.045335795014370524e+04
1.037990468226272060e+04
1.030656265470813196e+04
1.023308875114516195e+04
1.015975417738693250e+04
1.008619558740658067e+04
1.001256516634294167e+04
9.938920449960458427e+03
9.865341309991552407e+03
9.791699584173720723e+03
9.717991945202447823e+03
9.644341179785918939e+03
9.570756869369488413e+03
9.496959312579920152e+03
9.422945318008982213e+03
9.348881212862275788e+03
9.274809865814035220e+03
9.200557895531150280e+03
9.126359198625805220e+03
9.052135857854385904e+03
8.977863338847952036e+03
8.903732129525618802e+03
8.829526402794219393e+03
8.755564247526313920e+03
8.681672565465300067e+03
8.607607181410568955e+03
8.533438759573355128e+03
8.459010864820706047e+03
8.384493264987160728e+03
8.309747332514030859e+03
8.234911863132630970e+03
8.160202216183341989e+03
8.085520556394570121e+03
8.011029077907774990e+03
7.936918883657890547e+03
7.862685139216400785e+03
7.788432675041235598e+03
7.714495126513764262e+03
7.640673782275841404e+03
7.566948359654167689e+03
7.493281148805109297e+03
7.419714236177243947e+03
7.346091419585105541e+03
7.272344047963217236e+03
7.198627320762609088e+03
7.124980200108965619e+03
7.051305352348272208e+03
6.977410159321581887e+03
6.903553821163452994e+03
6.829918892701482037e+03
6.756318254273503044e+03
6.682966856918556914e+03
6.609692000662005739e+03
6.536721448170475924e+03
6.464018266770437549e+03
6.391349668990105783e+03
6.318620653145478173e+03
6.245996017799363472e+03
6.173225179900637158e+03
6.100487349336845909e+03
6.028084592181360676e+03
5.955633845394364471e+03
5.883043756387254689e+03
5.810638542641594540e+03
5.738290568077000898e+03
5.666047852947455794e+03
5.593679870312428648e+03
5.521287526322879785e+03
5.449041775460766075e+03
5.376919242192684578e+03
5.304835701633293866e+03
5.232917025255293993e+03
5.161012400210643136e+03
5.089204602082657402e+03
5.017437652758420882e+03
4.945329762445924644e+03
4.873440942669587457e+03
4.801707192047932040e+03
4.730147436035113060e+03
4.658682348731411366e+03
4.587172604933565708e+03
4.515939782950272274e+03
4.444661259003221858e+03
4.373277866777556483e+03
4.301914073769924471e+03
4.230495205780950528e+03
4.159106984229081718e+03
4.087653755062575328e+03
4.016419637778903507e+03
3.945325944597617308e+03
3.874329568112479137e+03
3.803364475144328480e+03
3.732668641066964938e+03
3.662345680648105372e+03
3.592094151304189381e+03
3.522074585744862816e+03
3.452084693376797077e+03
3.382238206140996226e+03
3.312474381186901155e+03
3.242982913890076816e+03
3.173365102598289013e+03
3.103956397036607996e+03
3.034614098672303044e+03
2.965260530262792599e+03
2.896098831673146378e+03
2.827142797505468025e+03
2.758353341648495189e+03
2.689546036772865591e+03
2.620636666160135974e+03
2.551746883969813553e+03
2.482858656511691606e+03
2.414090500873153360e+03
2.345567429063106829e+03
2.277039924829748543e+03
2.208594139855788853e+03
2.140113664222909392e+03
2.071455217161134897e+03
2.002614007416550976e+03
1.933813264168225260e+03
1.865195457186824115e+03
1.796574716974960438e+03
1.727777287618282571e+03
1.658986600470099802e+03
1.590140621954651351e+03
1.521385184187770847e+03
1.452501296738987094e+03
1.383543094914926769e+03
1.314662778577944209e+03
1.245961629402861718e+03
1.177327624994617508e+03
1.108757843889327887e+03
1.040160876259848692e+03
9.716483909454520926e+02
9.031317870724558361e+02
8.349398314881157148e+02
7.667527647759204683e+02
6.988430034369930581e+02
6.310190229473615773e+02
5.631530965683577961e+02
4.952625460109524056e+02
4.274769625917684834e+02
3.600339222001359190e+02
2.925385131089215065e+02
2.249475228189710379e+02
1.573518079616786451e+02
8.990922146997175446e+01
2.248340162587624036e+01
-4.500536431599078924e+01
-1.124248078094483105e+02
-1.799012386968617534e+02
-2.472703114621700706e+02
-3.146623108234545043e+02
-3.820820206132970043e+02
-4.494916222145382108e+02
-5.167738590829706027e+02
-5.838920273938422270e+02
-6.506920066071609199e+02
-7.173496991732590686e+02
-7.838398716052051896e+02
-8.500193129677654724e+02
-9.159519325275490473e+02
-9.819425097087510039e+02
-1.047869853548545962e+03
-1.113610478825128439e+03
-1.179164511110377589e+03
-1.244731293012725246e+03
-1.310285107229623236e+03
-1.375830047556107047e+03
-1.441359910891547543e+03
-1.506824088237380693e+03
-1.571934013679185227e+03
-1.636801449704610150e+03
-1.701696797129984361e+03
-1.766462263227962922e+03
-1.831034173940896608e+03
-1.895729722853793874e+03
-1.960435306399986985e+03
-2.025170766066590204e+03
-2.089806767779539769e+03
-2.154250606673675065e+03
-2.218530822214568161e+03
-2.282622902283691928e+03
-2.346342886107832328e+03
-2.409960133889266672e+03
-2.473346118617445882e+03
-2.536198638263950215e+03
-2.599044497706155198e+03
-2.661717732634833737e+03
-2.724459065819852185e+03
-2.787109433516446188e+03
-2.849708566126956612e+03
-2.912421309337334606e+03
-2.975027197436294500e+03
-3.037567400128342342e+03
-3.099975538159634198e+03
-3.162213934284621246e+03
-3.224141907151633404e+03
-3.285805230742249478e+03
-3.347506955352504519e+03
-3.409045835163688480e+03
-3.470597653091380835e+03
-3.532082668007913981e+03
-3.593395210053481605e+03
-3.654578658555141828e+03
-3.715588930336184603e+03
-3.776536604499586247e+03
-3.837168559869729961e+03
-3.897386126653961583e+03
-3.957440991059437692e+03
-4.017413762997354297e+03
-4.077232600859232662e+03
-4.136800000470170744e+03
-4.196186953981563420e+03
-4.255474362460373413e+03
-4.314299620836348367e+03
-4.372902804939376438e+03
-4.431037234840230667e+03
-4.488922978659776163e+03
-4.546669973631656831e+03
-4.604154879456737945e+03
-4.661246666957069465e+03
-4.717923099133768119e+03
-4.774325032501074020e+03
-4.830535606022968750e+03
-4.886523490863377447e+03
-4.942170609674764819e+03
-4.997608392731099229e+03
-5.052759674988591541e+03
-5.107596144685960098e+03
-5.162292607297714312e+03
-5.216856065117693106e+03
-5.271426330605977455e+03
-5.325703908162026892e+03
-5.379757294519148672e+03
-5.433712047160907787e+03
-5.487417958401975739e+03
-5.540577000672279610e+03
-5.593400705106819260e+03
-5.646176234066118013e+03
-5.698651669440693695e+03
-5.750952316989844803e+03
-5.802971479745363467e+03
-5.854627455749591718e+03
-5.905702353098777166e+03
-5.956384480719373641e+03
-6.006771156074528335e+03
-6.057023366007734694e+03
-6.107122732389640987e+03
-6.156944080309072888e+03
-6.206525116357181105e+03
-6.255703744406318947e+03
-6.304653106830499382e+03
-6.353297361341939904e+03
-6.401689705706470704e+03
-6.449800965230348083e+03
-6.497768217522895611e+03
-6.545579398748302992e+03
-6.593192030495193649e+03
-6.640548228644884148e+03
-6.687397842047566883e+03
-6.733881315513292975e+03
-6.780017242122494281e+03
-6.825902141796921569e+03
-6.871414840075492066e+03
-6.916539026709455356e+03
-6.961262610446875442e+03
-7.005580230740618390e+03
-7.049657348611981433e+03
-7.093323388553001678e+03
-7.136672826154406721e+03
-7.179771007371019550e+03
-7.222588105649161662e+03
-7.264987137282180811e+03
-7.307004668530678828e+03
-7.348598249169418523e+03
-7.389745315179184217e+03
-7.430670177348162724e+03
-7.471335322111474852e+03
-7.511550734123344228e+03
-7.551502404340975772e+03
-7.591276813821494216e+03
-7.630820265877602651e+03
-7.670144894098676559e+03
-7.709058037206404151e+03
-7.747612725498227519e+03
-7.785810693975871800e+03
-7.823617377257733096e+03
-7.860962608907720096e+03
-7.897824035035841916e+03
-7.934190910707920921e+03
-7.970301935558039077e+03
-8.006109387142300875e+03
-8.041568791167048403e+03
-8.076659326383429288e+03
-8.111240396612046425e+03
-8.145419988487746195e+03
-8.179248645556248448e+03
-8.212498936721507562e+03
-8.245297030923375132e+03
-8.277672535549818349e+03
-8.309620018557263393e+03
-8.341274980991343909e+03
-8.372571952275442527e+03
-8.403397520897287905e+03
-8.433922736016878844e+03
-8.464218008462710714e+03
-8.494243713877624032e+03
-8.523782715638015361e+03
-8.552863685847323723e+03
-8.581305356992525049e+03
-8.609320382142484959e+03
-8.636892906203222083e+03
-8.664013424201157250e+03
-8.690532091767308884e+03
-8.716462299380420518e+03
-8.741874211466574707e+03
-8.766655601772803493e+03
-8.790830942359507389e+03
-8.814346093549815123e+03
-8.837323894646740882e+03
-8.859870308828689303e+03
-8.882047615507406590e+03
-8.903769813648408672e+03
-8.925120172047874803e+03
-8.946146378274177550e+03
-8.966794507439379231e+03
-8.986982500366060776e+03
-9.006568444891978288e+03
-9.025626133466434112e+03
-9.044201290735269140e+03
-9.062416490602166959e+03
-9.080211262790828187e+03
-9.097649275368823510e+03
-9.114414490981789641e+03
-9.130607037343599586e+03
-9.146375765024109569e+03
-9.161780793159285167e+03
-9.176800324386760622e+03
-9.191355654750310350e+03
-9.205307270001125289e+03
-9.218741821136878571e+03
-9.231660185498749343e+03
-9.244083396991722111e+03
-9.256157706227191738e+03
-9.267853354654394934e+03
-9.279159667350844757e+03
-9.290032015663446145e+03
-9.300543931993659498e+03
-9.310663246253088801e+03
-9.320331708125435398e+03
-9.329528217604443853e+03
-9.338304279353522361e+03
-9.346748864934732410e+03
-9.354858799969746542e+03
-9.362528897887015773e+03
-9.369830552863404591e+03
-9.376729543800103784e+03
-9.383202183241459352e+03
-9.389301754274018094e+03
-9.395059297421059455e+03
-9.400568775761248617e+03
-9.405782220132510702e+03
-9.410607632676654248e+03
-9.414976574599219020e+03
-9.419019178454245775e+03
-9.422716511507343967e+03
-9.426080896310382741e+03
-9.429048787310122862e+03
-9.431708450681084287e+03
-9.434010117073155925e+03
-9.436010582122298729e+03
-9.437634131033966696e+03
-9.438988012982053988e+03
-9.440085738737527208e+03
-9.440922641429391660e+03
-9.441435742876139557e+03
-9.441723861033033245e+03
-9.441791466750200925e+03
-9.441660433386910881e+03
-9.441356824376816803e+03
-9.440862883780009724e+03
-9.440151009137167421e+03
-9.439193387759560210e+03
-9.437992728835248272e+03
-9.436581680831604899e+03
-9.434984017594815668e+03
-9.433272926277948500e+03
-9.431433174786367090e+03
-9.429396437004144900e+03
-9.427233005384323405e+03
-9.424919597355155929e+03
-9.422403932131885085e+03
-9.419728616210142718e+03
-9.416879859258022407e+03
-9.413801674359841854e+03
-9.410492222149776353e+03
-9.407055271148654356e+03
-9.403489303990145345e+03
-9.399847371212606959e+03
-9.396085606384012863e+03
-9.392210380880611410e+03
-9.388214071392787446e+03
-9.384062414157318926e+03
-9.379790001465877140e+03
-9.375447358104200248e+03
-9.371037436703256390e+03
-9.366516229374912655e+03
-9.361833930378197692e+03
