1.355980904862428815e+03
1.354245395044378711e+03
1.352521851055827483e+03
1.350806405024897231e+03
1.349115446790446640e+03
1.347411731925065396e+03
1.345692300742804719e+03
1.343957469780550809e+03
1.342217272425573356e+03
1.340502376958089826e+03
1.338775119813160245e+03
1.337037505444423005e+03
1.335312736733701058e+03
1.333624546378738160e+03
1.331927011351825968e+03
1.330231218523948883e+03
1.328541074704311541e+03
1.326842949317161128e+03
1.325122344096165534e+03
1.323405101465905318e+03
1.321697026876499422e+03
1.319996886250514308e+03
1.318285115346104703e+03
1.316547412718510486e+03
1.314791190879697297e+03
1.313068524798506587e+03
1.311983780655828923e+03
1.314245928491349559e+03
1.316487800835694088e+03
1.318712937667936785e+03
1.320917573143032996e+03
1.323134773325436527e+03
1.325344845873346458e+03
1.327533782107201660e+03
1.329713209340334970e+03
1.331886274976637651e+03
1.334029994215637089e+03
1.336150368281821557e+03
1.338287714895915542e+03
1.340401471211943999e+03
1.342497981323903787e+03
1.344578757257286270e+03
1.346678190208649085e+03
1.348766954409311893e+03
1.350835283647322740e+03
1.352918958080612583e+03
1.355062710284371633e+03
1.357237326595016839e+03
1.359440280290284818e+03
1.361658880143015494e+03
1.363900512349203609e+03
1.366143030900274425e+03
1.368382843126004673e+03
1.370630804915404042e+03
1.372916918024845472e+03
1.375242638963619811e+03
1.377634091384408521e+03
1.380075536396532698e+03
1.382549240609947447e+03
1.385096622699264572e+03
1.387665108497435085e+03
1.390276202932948308e+03
1.392941285365969634e+03
1.395640834239230571e+03
1.398424727180435639e+03
1.401246496428241244e+03
1.404175319787052786e+03
1.407189936088161403e+03
1.410307536607208704e+03
1.413545296538884031e+03
1.416801283873684497e+03
1.420121312263179789e+03
1.423480429792606628e+03
1.426849050066442942e+03
1.430231305836827687e+03
1.433651263086715517e+03
1.437094777720615411e+03
1.440553788385820098e+03
1.444018546338806345e+03
1.447518242682015170e+03
1.451028292867783421e+03
1.454532913949240083e+03
1.458092631224589468e+03
1.461658461379216533e+03
1.465208815101128039e+03
1.468746402722883431e+03
1.472293251248726847e+03
1.475821370478450262e+03
1.479347924123918347e+03
1.482891246115111471e+03
1.486410422261393023e+03
1.489900120540724402e+03
1.493420278284725327e+03
1.496933340681910067e+03
1.500406669557406531e+03
1.503876869042278713e+03
1.507379253175947269e+03
1.510873449104225529e+03
1.514308409323097294e+03
1.517676103627501334e+03
1.520990594629756288e+03
1.524282774062995031e+03
1.527517875413112733e+03
1.530726947413107609e+03
1.533933116130996950e+03
1.537151348901913479e+03
1.540307904367651645e+03
1.543470617444109394e+03
1.546596869145069832e+03
1.549653711484585529e+03
1.552649166882955569e+03
1.555617192816972647e+03
1.558507827147216631e+03
1.561366630054844336e+03
1.564142056747599327e+03
1.566830380182617773e+03
1.569446110012169811e+03
1.572035450695082091e+03
1.574623013564480971e+03
1.577122947579969150e+03
1.579571827470563221e+03
1.582006263135130894e+03
1.584353260678627066e+03
1.586620532271669845e+03
1.588838394427394178e+03
1.590977139077820993e+03
1.593024885012270488e+03
1.594983159276742754e+03
1.596900170046185622e+03
1.598735703428657644e+03
1.600558208279225255e+03
1.602340489424871976e+03
1.604055128702888396e+03
1.605697838853969643e+03
1.607259093295285766e+03
1.608739794391434998e+03
1.610190366745317760e+03
1.611612776415658800e+03
1.612977437758333508e+03
1.614298944733350481e+03
1.615599805177998178e+03
1.616892701955427583e+03
1.618156192072153772e+03
1.619411908708682404e+03
1.620705546544326353e+03
1.621956847242957110e+03
1.623234796241225013e+03
1.624477316782062871e+03
1.625669796454469179e+03
1.626816953519744402e+03
1.627910625096158128e+03
1.628973236001685791e+03
1.630014189127644613e+03
1.631029677890784114e+03
1.632009098882377884e+03
1.632944766546871051e+03
1.633818569505305277e+03
1.634671261093926887e+03
1.635550821030540192e+03
1.636376621183955194e+03
1.637178975214332240e+03
1.637994576344707411e+03
1.638816749517663538e+03
1.639639116646964112e+03
1.640459335872387328e+03
1.641235220771819058e+03
1.641949786482045511e+03
1.642690780769590447e+03
1.643483314801121651e+03
1.644283724220611248e+03
1.645183523859257093e+03
1.646127891794827519e+03
1.647015867596762291e+03
1.647918220698763662e+03
1.648842548499122586e+03
1.649788285094953608e+03
1.650777492611893194e+03
1.651828318927969121e+03
1.652903082318626275e+03
1.654001325228498217e+03
1.655145403824044479e+03
1.656401713676309100e+03
1.657664886966281301e+03
1.659019229466530533e+03
1.660379114207656585e+03
1.661683734572700814e+03
1.662946290700579084e+03
1.664193583987267175e+03
1.665424324092703046e+03
1.666621385543377983e+03
1.667868572241549828e+03
1.669183943959211774e+03
1.670517249254100307e+03
1.671875187397505215e+03
1.673252380680484976e+03
1.674659399803235829e+03
1.676070189135118426e+03
1.677435185008290091e+03
1.678786687544002007e+03
1.680158950263023598e+03
1.681590550161105057e+03
1.683127124743058403e+03
1.684681497013364151e+03
1.686229469518006454e+03
1.687862407464197076e+03
1.689475069758954987e+03
1.691100749471432664e+03
1.692741281611944260e+03
1.694363311806596130e+03
1.695975444029321352e+03
1.697574368883162151e+03
1.699188474182148184e+03
1.700880779733209692e+03
1.702531229122085279e+03
1.704159666714071591e+03
1.705789143221050836e+03
1.707520785146888102e+03
1.709236373736459882e+03
1.710927668611345780e+03
1.712582102831666816e+03
1.714204703000880727e+03
1.715837922804714253e+03
1.717431998304732815e+03
1.719033737227624442e+03
1.720693973089794326e+03
1.722398777193026035e+03
1.724080572791535815e+03
1.725879395441095312e+03
1.727702235638079401e+03
1.729512054740227086e+03
1.731315698529640258e+03
1.733117185506642045e+03
1.734864779480644302e+03
1.736590710288967784e+03
1.738311736011473840e+03
1.740063377198179523e+03
1.741783748382558315e+03
1.743568678758558690e+03
1.745446953853160494e+03
1.747341067431503916e+03
1.749185472398395177e+03
1.750975588941983915e+03
1.752714581131052455e+03
1.754577467042542139e+03
1.756413866102414659e+03
1.758297483619916420e+03
1.760140567932748127e+03
1.761917749129831464e+03
1.763626797395696030e+03
1.765356994830318854e+03
1.767080992088918492e+03
1.768770231766765846e+03
1.770428078556152286e+03
1.772020472109530829e+03
1.773545817743290172e+03
1.775071417992968918e+03
1.776608952338829113e+03
1.778108407675292938e+03
1.779562350590849292e+03
1.780986646095806918e+03
1.782340883194867274e+03
1.783658500859671676e+03
1.784944145752135455e+03
1.786173650839306674e+03
1.787324239342781311e+03
1.788394253443437265e+03
1.789394661811214519e+03
1.790389349839637816e+03
1.791334904011794606e+03
1.792235013141998479e+03
1.793124668657047096e+03
1.794007090201507708e+03
1.794906468781977310e+03
1.795821454578793691e+03
1.796766856616995483e+03
1.797702502482189630e+03
1.798576260513264515e+03
1.799411951014418264e+03
1.800163497691382418e+03
1.800866048493217932e+03
1.801597455166440341e+03
1.802285254535968306e+03
1.802998287394904764e+03
1.803633774229177561e+03
1.804194937137212946e+03
1.804692476444424983e+03
1.805212790667113723e+03
1.805774256201752451e+03
1.806326926891903895e+03
1.806871065478381524e+03
1.807478527923018646e+03
1.808075309762804409e+03
1.808570653781696365e+03
1.808988241112954938e+03
1.809311457683658318e+03
1.809531319724756941e+03
1.809675229605118147e+03
1.809720033456194415e+03
1.809666373563487923e+03
1.809602860578178024e+03
1.809614001609743582e+03
1.809666839918411824e+03
1.809723461514603969e+03
1.809789749211450498e+03
1.809866409345892407e+03
1.809967214857069848e+03
1.810052025262586085e+03
1.810113860904861440e+03
1.810214594733780132e+03
1.810332479551924507e+03
1.810380136377872986e+03
1.810373856131454659e+03
1.810337710046752818e+03
1.810264113393217940e+03
1.810182138569583913e+03
1.810048580132062398e+03
1.809876431642652506e+03
1.809718448241815167e+03
1.809607798640082365e+03
1.809588609393204251e+03
1.809553547929581327e+03
1.809527022740223856e+03
1.809429366029934954e+03
1.809314905204717888e+03
1.809236090594615689e+03
1.809141887818195755e+03
1.809009446833923903e+03
1.808829069465612974e+03
1.808626647070291028e+03
1.808421893856896077e+03
1.808204387320261048e+03
1.807982299076846630e+03
1.807761111755963611e+03
1.807531737929529754e+03
1.807318473193368845e+03
1.807081342077722411e+03
1.806806938307913242e+03
1.806480557552657956e+03
1.806080399313548696e+03
1.805690725564046488e+03
1.805355865842436515e+03
1.805096814920530733e+03
1.804965327198118530e+03
1.804803602620886522e+03
1.804591160219682479e+03
1.804331361905947688e+03
1.804053012083265457e+03
1.803777314121067775e+03
1.803426083497511399e+03
1.802996508563214547e+03
1.802539203289667967e+03
1.802144389347914512e+03
1.801756803914446664e+03
1.801372890456912955e+03
1.801032718176321850e+03
1.800659729910041506e+03
1.800341163719254155e+03
1.800044152123294225e+03
1.799747813008665162e+03
1.799515948138770227e+03
1.799377852407799537e+03
1.799236958548578059e+03
1.799176694875600106e+03
1.799082999194700278e+03
1.798986921906823227e+03
1.798860953800495281e+03
1.798754490709474794e+03
1.798633625614108496e+03
1.798448353866408070e+03
1.798231888310767772e+03
1.798006383597435615e+03
1.797742441787718235e+03
1.797495772674129057e+03
1.797273120946198560e+03
1.797131066979309026e+03
1.797023689690679475e+03
1.796946524163579170e+03
1.796944765899098684e+03
1.796908870273667389e+03
1.796824738340637396e+03
1.796756079757009047e+03
1.796666554250015679e+03
1.796544470207993982e+03
1.796510236938372600e+03
1.796502277817154663e+03
1.796413875403412021e+03
1.796257969440116085e+03
1.796078799525546174e+03
1.795952181645021483e+03
1.795883070457723534e+03
1.795798185768999247e+03
1.795666715933000205e+03
1.795493995399358027e+03
1.795296057759442647e+03
1.795116466226905914e+03
1.794978629973835950e+03
1.794955896854376533e+03
1.794906276407470159e+03
1.794826370614219286e+03
1.794753740679785096e+03
1.794639934536090095e+03
1.794520894851866615e+03
1.794427728131870936e+03
1.794323425893547665e+03
1.794253739144237215e+03
1.794203726566369824e+03
1.794199547732628389e+03
1.794189330783698097e+03
1.794145630033920497e+03
1.794056506208594328e+03
1.793970842771853313e+03
1.793934001677591368e+03
1.793993420080699707e+03
1.794064569732102882e+03
1.794163080623754468e+03
1.794240484492837368e+03
1.794349893321891614e+03
1.794391666583588858e+03
1.794387554147364654e+03
1.794364886034416713e+03
1.794292889725535588e+03
1.794210778821046233e+03
1.794124163213647535e+03
1.794079274492275317e+03
1.794060287322584600e+03
1.794059065751666367e+03
1.794088953049199063e+03
1.794041597320380788e+03
1.793916066201957619e+03
1.793800707701043166e+03
1.793785565158653299e+03
1.793735372275493319e+03
1.793738962789430843e+03
1.793745601726858695e+03
1.793746658087613696e+03
1.793791911807777069e+03
1.793840079745662251e+03
1.793885049809522116e+03
1.793927287212642341e+03
1.793945567103757639e+03
1.793942174242432429e+03
1.793938731919720112e+03
1.793927345351454278e+03
1.793896359397449487e+03
1.793930574211861995e+03
1.793939431597524617e+03
1.793870410777753932e+03
1.793752916501999607e+03
1.793574755665208613e+03
1.793320364861342114e+03
1.793048985320971042e+03
1.792786591571896679e+03
1.792545670778352132e+03
1.792426594241293515e+03
1.792398796266992122e+03
1.792442469820117140e+03
1.792441477373944281e+03
1.792378607328515727e+03
1.792314138157923480e+03
1.792281301164388879e+03
1.792228360666235858e+03
1.792219091326999887e+03
1.792156876693355571e+03
1.792146240713621864e+03
1.792123886975216010e+03
1.792133871730605733e+03
1.792132735777427570e+03
1.792142962929817259e+03
1.792159308188504610e+03
1.792231400589516397e+03
1.792292798602246876e+03
1.792300168236951322e+03
1.792248430871107303e+03
1.792125033459871929e+03
1.791935144836656036e+03
1.791767733143425403e+03
1.791686429692193542e+03
1.791517825847773565e+03
1.791288379735912713e+03
1.791028641634951782e+03
1.790719803103729419e+03
1.790464288870232622e+03
1.790200932616119644e+03
1.789970995474027859e+03
1.789779790624405450e+03
1.789628749910693159e+03
1.789521243934527320e+03
1.789416011592265477e+03
1.789335025927368861e+03
1.789238464460942851e+03
1.789161149226595171e+03
1.789070143333821989e+03
1.788950148473549234e+03
1.788817927709447986e+03
1.788603769484529721e+03
1.788323852987697592e+03
1.788020534373941246e+03
1.787686377022880151e+03
1.787383874487929916e+03
1.787084315741145929e+03
1.786744065613295106e+03
1.786417583306052620e+03
1.786096946509176632e+03
1.785779417140428677e+03
1.785374122422880191e+03
1.784879788336335423e+03
1.784305545749125940e+03
1.783719307026093929e+03
1.783120730869740328e+03
1.782463742008486179e+03
1.781810406520095057e+03
1.781133926150253956e+03
1.780428551760697701e+03
1.779690622756989342e+03
1.779024928460913998e+03
1.778381097409145241e+03
1.777805525032875266e+03
1.777217362021968256e+03
1.776591370585381810e+03
1.775999774049764028e+03
1.775542170349441676e+03
1.775105071594982746e+03
1.774601820918788235e+03
1.774047445284631294e+03
1.773474033592148089e+03
1.772841949084378030e+03
1.772519610172158536e+03
1.772344693559580037e+03
1.772139267964193095e+03
1.771928119982700764e+03
1.771650158979051639e+03
1.771351231461059797e+03
1.771098202486447917e+03
1.770807646943355394e+03
1.770484421927174481e+03
1.770103887833280623e+03
1.769684506513724955e+03
1.769291621962743875e+03
1.768881448772814792e+03
1.768456385551135099e+03
1.768077809253125452e+03
1.767756352293254167e+03
1.767464280970662685e+03
1.767157182505475930e+03
1.766851658660956673e+03
1.766547865286083834e+03
1.766312437834235880e+03
1.766076535493035408e+03
1.765819722587406432e+03
1.765555255571278394e+03
1.765257813068991709e+03
1.764933917787796872e+03
1.764566507417110188e+03
1.764210475976273301e+03
1.763882072440744878e+03
1.763623690269836970e+03
1.763372501820505022e+03
1.763110849528415883e+03
1.762845215897598564e+03
1.762576964437880406e+03
1.762302006832861252e+03
1.761955918211849166e+03
1.761538395688144647e+03
1.761091006359418088e+03
1.760601331288234178e+03
1.760110137865283605e+03
1.759610221509879693e+03
1.759040874149780393e+03
1.758487366263540480e+03
1.757918800444534781e+03
1.757294578726337022e+03
1.756600687290286942e+03
1.755837313681721298e+03
1.755051967870909948e+03
1.754238764821593577e+03
1.753358153190329858e+03
1.752430867937300945e+03
1.751491696695783503e+03
1.750473271688975501e+03
1.749399043914997492e+03
1.748299952350003196e+03
1.747211009660742093e+03
1.746122889898640551e+03
1.745091083079925056e+03
1.744048011819972089e+03
1.743004910561225643e+03
1.741899438417795864e+03
1.740742579146054595e+03
1.739625070746080382e+03
1.738543298128386596e+03
1.737518602772903250e+03
1.736487728038402793e+03
1.735421768325780704e+03
1.734276546009552021e+03
1.733119351726197237e+03
1.732127532469979087e+03
1.731147190353946826e+03
1.730165223011914577e+03
1.729129034183801195e+03
1.728060312498054827e+03
1.727033558684117907e+03
1.725982675134943520e+03
1.724907017356360484e+03
1.723801037360513192e+03
1.722741411317273560e+03
1.721728398683428622e+03
1.720768694176399549e+03
1.719892009701230108e+03
1.719046714264857201e+03
1.718133157882573869e+03
1.717146431219877286e+03
1.716157654123323709e+03
1.715125381861833830e+03
1.714038572816531541e+03
1.712929438305077156e+03
1.711781004359517055e+03
1.710625703933234718e+03
1.709401014390256478e+03
1.708169120294797267e+03
1.706894123307800328e+03
1.705572816767986751e+03
1.704182666585394827e+03
1.702749990017693563e+03
1.701311099801236196e+03
1.699926363474805157e+03
1.698476908167915553e+03
1.696984469488398190e+03
1.695467988873442891e+03
1.693943247239423272e+03
1.692351490538827647e+03
1.690705994429422390e+03
1.689020720736717067e+03
1.687353668439277271e+03
1.685712650464628950e+03
1.684102793886982454e+03
1.682478378199682993e+03
1.680860296544111179e+03
1.679269754720161018e+03
1.677636236946441841e+03
1.675942252471908887e+03
1.674192929499700767e+03
1.672442468895080992e+03
1.670679813421946619e+03
1.668926321832120266e+03
1.667154560421302449e+03
1.665355837467161564e+03
1.663556093912948199e+03
1.661784324210019804e+03
1.659958411626780617e+03
1.658074631478746596e+03
1.656266451788232189e+03
1.654550611824403859e+03
1.652904875834437689e+03
1.651234533306796493e+03
1.649641412945060893e+03
1.648026288730966598e+03
1.646383045108321312e+03
1.644824161276111226e+03
1.643242156618659465e+03
1.641625026402198955e+03
1.639959777183326878e+03
1.638300737547897597e+03
1.636688209285985522e+03
1.635079807473337496e+03
1.633448577752697474e+03
1.631779461166082456e+03
1.630095437119046665e+03
1.628421230266887960e+03
1.626702500196631718e+03
1.624934724454728894e+03
1.623128228350029985e+03
1.621293276973918637e+03
1.619427444668635644e+03
1.617668647487267435e+03
1.615930947195096905e+03
1.614282544141789003e+03
1.612619184267127821e+03
1.610945847123477506e+03
1.609268589203097690e+03
1.607575297913653685e+03
1.605877049701320630e+03
1.604142603976339615e+03
1.602402118536054331e+03
1.600677033443024811e+03
1.598908236732842852e+03
1.597104291592525897e+03
1.595338291215051868e+03
1.593580471650487198e+03
1.591788900769639440e+03
1.590019355153117431e+03
1.588252592009763703e+03
1.586480453163052061e+03
1.584768122506830878e+03
1.583038451041546523e+03
1.581267260450255435e+03
1.579474143281799570e+03
1.577640913860124783e+03
1.575766385232181619e+03
1.573889296458542503e+03
1.572059584046851796e+03
1.570330900188577289e+03
1.568663079535286670e+03
1.567020659365047322e+03
1.565400480363156476e+03
1.563831451351256192e+03
1.562253845564614494e+03
1.560769984857890222e+03
1.559269164945469811e+03
1.557718346086092652e+03
1.556188050606125216e+03
1.554686770138006068e+03
1.553180591623678765e+03
1.551715795604566893e+03
1.550232165676193517e+03
1.548763375317434566e+03
1.547305663409372983e+03
1.545824016753511387e+03
1.544325268703446909e+03
1.542803008685819123e+03
1.541254773884302267e+03
1.539734399844973723e+03
1.538223493025543121e+03
1.536685749764408456e+03
1.535132781859370880e+03
1.533587771887480812e+03
1.532112992701861685e+03
1.530617439244569368e+03
1.529149881129155347e+03
1.527669009117132191e+03
1.526265617507566276e+03
1.524886636662845376e+03
1.523531693720032081e+03
1.522208913491321255e+03
1.520906911939234988e+03
1.519600025861601807e+03
1.518336606684777507e+03
1.517097289777590504e+03
1.515833604107372139e+03
1.514585264790252040e+03
1.513401021628522358e+03
1.512206940480643425e+03
1.511065001803424138e+03
1.509956767080284862e+03
1.508827297571188410e+03
1.507671161972260052e+03
1.506549386971205422e+03
1.505443496295544264e+03
1.504295030144249722e+03
1.503121964645734806e+03
1.501978473059831231e+03
1.500909739753220947e+03
1.499859566070940446e+03
1.498811611961145672e+03
1.497749694217514389e+03
1.496760494465692773e+03
1.495777691497906744e+03
1.494834073926449037e+03
1.493866274713920347e+03
1.492859601849995443e+03
1.491850685247169622e+03
1.490871093989230303e+03
1.489857250973243936e+03
1.488804424491204827e+03
1.487731569910453800e+03
1.486641493272597472e+03
1.485539597450511792e+03
1.484409043168764356e+03
1.483315472310933728e+03
1.482248563767516316e+03
1.481142566123257438e+03
1.480038256965656728e+03
1.478910061543436768e+03
1.477801194622301182e+03
1.476700100321585523e+03
1.475615047802810750e+03
1.474599763755567665e+03
1.473662574596116428e+03
1.472801460429840517e+03
1.471978799883521788e+03
1.471153082289505619e+03
1.470299914661058665e+03
1.469421941393803081e+03
1.468634460742673582e+03
1.467875915745569273e+03
1.467125298409751849e+03
1.466404201570051782e+03
1.465706241137251709e+03
1.464980795045754348e+03
1.464280451338082457e+03
1.463644315373747759e+03
1.463016641924785745e+03
1.462363487323146501e+03
1.461671370680132895e+03
1.460941895369559006e+03
1.460173395108409295e+03
1.459402056854909006e+03
1.458620838143116089e+03
1.457820987532520576e+03
1.457005367462030108e+03
1.456190925664328461e+03
1.455352336594765575e+03
1.454511178475203451e+03
1.453693098449052513e+03
1.452879490706213574e+03
1.452147193980397560e+03
1.451457869745743210e+03
1.450793734732845223e+03
1.450142004521198260e+03
1.449562855693361598e+03
1.449031530619048681e+03
1.448543473952374825e+03
1.448073503355958564e+03
1.447642431667733263e+03
1.447187620200548963e+03
1.446719524924564212e+03
1.446290983768920341e+03
1.445905211687943392e+03
1.445552464857934865e+03
1.445216145245856524e+03
1.444863653165599089e+03
1.444583944438531944e+03
1.444316576046886667e+03
1.444060354524331387e+03
1.443786602640509045e+03
1.443534727498118173e+03
1.443273643644364029e+03
1.443010921198350616e+03
1.442748587423906429e+03
1.442507020831892760e+03
1.442292015000429501e+03
1.442123434914150948e+03
1.441953985849361288e+03
1.441848620520342820e+03
1.441810383914178601e+03
1.441790959834152545e+03
1.441746134331822304e+03
1.441694330042802676e+03
1.441634537976222191e+03
1.441613863452020723e+03
1.441637076155590876e+03
1.441679027792641818e+03
1.441789264522228450e+03
1.441959248303746335e+03
1.442137928931631222e+03
1.442302837568612176e+03
1.442469437644394930e+03
1.442650254421262844e+03
1.442894602859664474e+03
1.443116274360109173e+03
1.443337951271508700e+03
1.443587645553492848e+03
1.443866663401754749e+03
1.444244280344088338e+03
1.444632880090475282e+03
1.445053160821454640e+03
1.445468756485087852e+03
1.445910614804702163e+03
1.446412683077609699e+03
1.446935442369201610e+03
1.447532741484792041e+03
1.448217547179757730e+03
1.448931719500818872e+03
1.449648381248550322e+03
1.450453064874332995e+03
1.451271174042902658e+03
1.452075146405862142e+03
1.452865190239229378e+03
1.453669205794634308e+03
1.454449443453918775e+03
1.455221652849828843e+03
1.456029340290696382e+03
1.456842587541150806e+03
1.457675152719320295e+03
1.458555641251969064e+03
1.459503383338755157e+03
1.460483608616382980e+03
1.461459840029917359e+03
1.462438037838413038e+03
1.463400528307510740e+03
1.464356589264314607e+03
1.465432333378421845e+03
1.466500436953005192e+03
1.467580333251365573e+03
1.468662476903791685e+03
1.469779201955388089e+03
1.470880054847093106e+03
1.471981516547094543e+03
1.473071357626732151e+03
1.474142474461747042e+03
1.475188692256328977e+03
1.476198211072991626e+03
1.477170904922402997e+03
1.478107341526143500e+03
1.479007740418836420e+03
1.479875717083772543e+03
1.480754255901707893e+03
1.481633876159310148e+03
1.482500029368420201e+03
1.483324405222750556e+03
1.484113892177314938e+03
1.484883263254384929e+03
1.485638238389889921e+03
1.486427003809416419e+03
1.487207124377453511e+03
1.487942482605128589e+03
1.488632228714398479e+03
1.489266754539713929e+03
1.489850440971425769e+03
1.490403319339002337e+03
1.490922869012827505e+03
1.491434440220957640e+03
1.491898471910137232e+03
1.492301258786826565e+03
1.492681974363551944e+03
1.493069950433211943e+03
1.493393105208061570e+03
1.493672998984918650e+03
1.493900660857881803e+03
1.494115883064047011e+03
1.494258535723285604e+03
1.494318103508721379e+03
1.494316163557135951e+03
1.494302577277744149e+03
1.494251001463521789e+03
1.494121630274200243e+03
1.493920381764806052e+03
1.493653147893819096e+03
1.493290738465256027e+03
1.492834320698011652e+03
1.492295778104753254e+03
1.491690344035159114e+03
1.491016209611900649e+03
1.490288307002656438e+03
1.489482241691171112e+03
1.488596978168939813e+03
1.487622783150571877e+03
1.486560441232777976e+03
1.485433906422345217e+03
1.484236791946083031e+03
1.483021036925987573e+03
1.481712326740549997e+03
1.480318572566065086e+03
1.478833806514183834e+03
1.477277573007486353e+03
1.475687138860455434e+03
1.474044768119379569e+03
1.472338014986081362e+03
1.470546776357517501e+03
1.468671489168241351e+03
1.466718875847927166e+03
1.464701764655361103e+03
1.462621246077002070e+03
1.460533537412334226e+03
1.458420822743135432e+03
1.456260077123676183e+03
1.454039177590029567e+03
1.451769278303381725e+03
1.449470198249420037e+03
1.447124298036783784e+03
1.444739871866637714e+03
1.442322110458737598e+03
1.439866724066220740e+03
1.437379452260892776e+03
1.434887389960103519e+03
1.432390986257473969e+03
1.429877574628658294e+03
1.427352374418581121e+03
1.424824107070412538e+03
1.422319988381287203e+03
1.419890383911515528e+03
1.417450575063235192e+03
1.415037944310086459e+03
1.412625308939095930e+03
1.410210589581429758e+03
1.407800399779176132e+03
1.405420550112248065e+03
1.403054991890966903e+03
1.400698418740284751e+03
1.398361898411907532e+03
1.396045280652492238e+03
1.393757850563387365e+03
1.391499181255652047e+03
1.389266305732451201e+03
1.387062456656421773e+03
1.384903311724271134e+03
1.382772518846802996e+03
1.380676286945987613e+03
1.378614138970920067e+03
1.376579242751665333e+03
1.374570968070865092e+03
1.372589178357535729e+03
1.370629340479128587e+03
1.368694842607910687e+03
1.366778455955516847e+03
1.364891741532385822e+03
1.363049553698460386e+03
1.361238209140155050e+03
1.359473280900015652e+03
1.357724471824359398e+03
1.355980904862428815e+03
