1.327508989245516132e+05
1.328036432337331353e+05
1.328529447579662956e+05
1.328974145262635429e+05
1.329376603267247556e+05
1.329741013464172720e+05
1.330075364763797843e+05
1.330376724096257240e+05
1.330627132560179452e+05
1.330825257023625018e+05
1.330988636083790043e+05
1.331111246298620827e+05
1.331194154603902425e+05
1.331243248510643316e+05
1.331267533260486380e+05
1.331255979458027577e+05
1.331210554476638499e+05
1.331130471715932945e+05
1.331013173525971361e+05
1.330859337776991306e+05
1.330686871473881183e+05
1.330486835531023971e+05
1.330255811248624814e+05
1.329989189098208735e+05
1.329687584837345057e+05
1.329349198250434420e+05
1.328987097419681668e+05
1.328599631876398344e+05
1.328172453236025758e+05
1.327716305504942138e+05
1.327231529210027074e+05
1.326713619668959291e+05
1.326164551099920645e+05
1.325592632229005685e+05
1.324984646067007270e+05
1.324341669908469194e+05
1.323660974994692951e+05
1.322957426733648754e+05
1.322236516823141428e+05
1.321498780020193662e+05
1.320757191870803654e+05
1.319993483308906143e+05
1.319227086934516847e+05
1.318447757448221673e+05
1.317659355593328364e+05
1.316869827281773032e+05
1.316074449515820597e+05
1.315269439997483860e+05
1.314454644765571866e+05
1.313636520070513361e+05
1.312821461318147194e+05
1.312011235511520354e+05
1.311213742620881530e+05
1.310422216750720982e+05
1.309635179680514557e+05
1.308843719918661227e+05
1.308051219581102341e+05
1.307266720457609772e+05
1.306501458546682552e+05
1.305763291889677348e+05
1.305047931757958140e+05
1.304351965597640228e+05
1.303678531587210018e+05
1.303020294421067811e+05
1.302380056430599652e+05
1.301771726769646339e+05
1.301199273507568432e+05
1.300655604661958932e+05
1.300140040495793946e+05
1.299648770997677930e+05
1.299191982524101622e+05
1.298765907982886856e+05
1.298361308063603356e+05
1.297991866989197879e+05
1.297670940025406890e+05
1.297388051350247988e+05
1.297156484046684636e+05
1.296973970278423512e+05
1.296842976432659489e+05
1.296767299376809970e+05
1.296741802063773066e+05
1.296768581710896979e+05
1.296864025745746039e+05
1.297031435429237317e+05
1.297260743722071493e+05
1.297561733767838159e+05
1.297937510877345921e+05
1.298383845386615285e+05
1.298891629537322588e+05
1.299462814891361340e+05
1.300104366616024490e+05
1.300821691959624004e+05
1.301625669154018251e+05
1.302515159647806722e+05
1.303489834648560791e+05
1.304552824793194304e+05
1.305706224190253852e+05
1.306948380635293724e+05
1.308274478270005202e+05
1.309680751459891762e+05
1.311160413047159091e+05
1.312738970061962609e+05
1.314415834474104922e+05
1.316184183931340231e+05
1.318043620615751424e+05
1.320020411698299285e+05
1.322114612928876304e+05
1.324307252460811869e+05
1.326590949093174422e+05
1.328963048331298633e+05
1.331441705451821035e+05
1.334029625203340256e+05
1.336745593784305674e+05
1.339568898137830256e+05
1.342491723156095832e+05
1.345527856608620496e+05
1.348687963659271772e+05
1.351967905376506969e+05
1.355368079982395575e+05
1.358879266029687715e+05
1.362510470385814551e+05
1.366268518412440899e+05
1.370144109010074171e+05
1.374137123139781179e+05
1.378246293099323520e+05
1.382494802264717000e+05
1.386848973298275960e+05
1.391322543332564819e+05
1.395926548414446297e+05
1.400643119442120369e+05
1.405476183020379103e+05
1.410410195591750089e+05
1.415461498263973626e+05
1.420631182090395596e+05
1.425932276324373670e+05
1.431343032075020019e+05
1.436879143106295087e+05
1.442536165973899479e+05
1.448325722194362897e+05
1.454226943144499382e+05
1.460253623612556548e+05
1.466382701632992830e+05
1.472601855975823710e+05
1.478927875012375880e+05
1.485359069292059576e+05
1.491891371251175005e+05
1.498533547768651915e+05
1.505284880665095407e+05
1.512121884790285840e+05
1.519065697780984920e+05
1.526106313482613768e+05
1.533225459356293140e+05
1.540430757092005224e+05
1.547728898972125317e+05
1.555132042683824839e+05
1.562631975816269987e+05
1.570209888488135475e+05
1.577853799941973411e+05
1.585575932723735459e+05
1.593368828733276459e+05
1.601236285462751403e+05
1.609181468006981886e+05
1.617191979817599058e+05
1.625284748838596570e+05
1.633441798737648060e+05
1.641650774451801844e+05
1.649920648817525362e+05
1.658249325808438880e+05
1.666633338358208130e+05
1.675057666720722627e+05
1.683527398990819347e+05
1.692050366441162478e+05
1.700609077251699055e+05
1.709212326379220758e+05
1.717843522800313076e+05
1.726489927193117619e+05
1.735150603661528439e+05
1.743830883481419878e+05
1.752520961573990644e+05
1.761239932803424017e+05
1.769995321510016511e+05
1.778762707605833421e+05
1.787540380521993211e+05
1.796317595311473706e+05
1.805095079948952771e+05
1.813860606904338347e+05
1.822604765724055469e+05
1.831327786628688045e+05
1.840026551001542248e+05
1.848701880926163867e+05
1.857343146300936351e+05
1.865950810491767479e+05
1.874513806635420769e+05
1.883028932753814734e+05
1.891484293209713651e+05
1.899887791626822145e+05
1.908228607736689446e+05
1.916495429339877446e+05
1.924678538227203826e+05
1.932784993658407766e+05
1.940806750166068960e+05
1.948741163128710759e+05
1.956592967299845768e+05
1.964357778703597141e+05
1.972025997747381625e+05
1.979585386143614014e+05
1.987032160683014081e+05
1.994371582099888474e+05
2.001607211810005247e+05
2.008733095101082290e+05
2.015746499034389271e+05
2.022645461564953730e+05
2.029422962495700049e+05
2.036071864009867131e+05
2.042586282592866919e+05
2.048964260989120230e+05
2.055201855565751903e+05
2.061300925893642707e+05
2.067261580589070800e+05
2.073080343055731209e+05
2.078748362889381533e+05
2.084270774556558463e+05
2.089644026587828121e+05
2.094860650417841680e+05
2.099917146893366589e+05
2.104821042337121326e+05
2.109565037985815725e+05
2.114142982484828681e+05
2.118555022936219175e+05
2.122791620717414189e+05
2.126851114902409026e+05
2.130729462003395311e+05
2.134424708285948145e+05
2.137933341572959325e+05
2.141264248005287373e+05
2.144409732426424162e+05
2.147363550219620229e+05
2.150124498019029270e+05
2.152689866302051523e+05
2.155058994025538559e+05
2.157227638461781607e+05
2.159195542493487010e+05
2.160959891449142306e+05
2.162522294468563632e+05
2.163879863751457597e+05
2.165029455029155943e+05
2.165972950078043796e+05
2.166705138694743509e+05
2.167222939870030677e+05
2.167526060961313779e+05
2.167617849420419661e+05
2.167505481741430704e+05
2.167177658595857793e+05
2.166634318006787216e+05
2.165875483882438275e+05
2.164912516122089582e+05
2.163738172302588937e+05
2.162357473508586409e+05
2.160770766762476997e+05
2.158980822060303180e+05
2.156986220906437084e+05
2.154791210435294197e+05
2.152393709228959342e+05
2.149792287489426089e+05
2.146994474553207401e+05
2.143998549347732333e+05
2.140808653414089931e+05
2.137432261567655951e+05
2.133864062812671764e+05
2.130106688325492432e+05
2.126169911491207313e+05
2.122054016452606011e+05
2.117756997094422404e+05
2.113277533775563934e+05
2.108625321052778745e+05
2.103801102799634391e+05
2.098805859078616777e+05
2.093644010053626844e+05
2.088315438750677858e+05
2.082824543479300046e+05
2.077185360375321179e+05
2.071399325963838783e+05
2.065463558880321507e+05
2.059381327747335890e+05
2.053157558274842449e+05
2.046795223058508127e+05
2.040298702178807580e+05
2.033662805537086679e+05
2.026898298351246922e+05
2.020007505318332114e+05
2.012988290833150968e+05
2.005848915313173202e+05
1.998598501268133696e+05
1.991227673843763478e+05
1.983743444732183416e+05
1.976151911618167651e+05
1.968454822469255014e+05
1.960662677042631258e+05
1.952780973577121331e+05
1.944816015003579669e+05
1.936779363927895029e+05
1.928658318048774672e+05
1.920458107212698087e+05
1.912185137402950204e+05
1.903839912970266887e+05
1.895428466021450586e+05
1.886952399277522927e+05
1.878418630292434536e+05
1.869838437600463512e+05
1.861211241891481914e+05
1.852540305100283003e+05
1.843825044734746043e+05
1.835075007274623495e+05
1.826283176331115537e+05
1.817476626889382896e+05
1.808642568716576789e+05
1.799784269542018883e+05
1.790919457425012079e+05
1.782052454754136270e+05
1.773176811846108467e+05
1.764308721032691828e+05
1.755441919164663996e+05
1.746569982461368199e+05
1.737703509404812066e+05
1.728837970351394906e+05
1.719987634127090860e+05
1.711155865942220553e+05
1.702365282750307524e+05
1.693605953235839261e+05
1.684882997329445207e+05
1.676208205996556499e+05
1.667569116872579325e+05
1.658973138662025158e+05
1.650422623117888288e+05
1.641930722294771113e+05
1.633489763092748763e+05
1.625114014634736814e+05
1.616801385213869798e+05
1.608567607888236234e+05
1.600416291318765434e+05
1.592356363029691274e+05
1.584380536339174141e+05
1.576486771386446198e+05
1.568672038729892520e+05
1.560938882651388412e+05
1.553290578571344959e+05
1.545721777743053099e+05
1.538245788351779629e+05
1.530859109369945945e+05
1.523559730844616715e+05
1.516353728124015615e+05
1.509251345497572329e+05
1.502257957136507612e+05
1.495374569826051011e+05
1.488594719814458222e+05
1.481911326840856636e+05
1.475338845862204907e+05
1.468854413309074589e+05
1.462492284600106941e+05
1.456247346934411034e+05
1.450124804272339970e+05
1.444120579125260701e+05
1.438235952362866956e+05
1.432472904680647189e+05
1.426834782852350909e+05
1.421322467308915511e+05
1.415944070987473242e+05
1.410673537169045885e+05
1.405530348565929453e+05
1.400502219607555016e+05
1.395585967821760278e+05
1.390805124554992653e+05
1.386137962675039307e+05
1.381585280313550902e+05
1.377155078051302116e+05
1.372853695784625015e+05
1.368684072496421286e+05
1.364651676806318574e+05
1.360746560548123089e+05
1.356960887446888955e+05
1.353289920026119216e+05
1.349745514674774313e+05
1.346311031673991238e+05
1.342993511858604907e+05
1.339782286232429324e+05
1.336686372007243044e+05
1.333707030652609537e+05
1.330830067478479468e+05
1.328064199601665023e+05
1.325411225415430381e+05
1.322867145928661630e+05
1.320426110798509617e+05
1.318101778909335262e+05
1.315875586686906172e+05
1.313761169113654469e+05
1.311755839955480478e+05
1.309840519933643664e+05
1.308026581373287190e+05
1.306303708737870329e+05
1.304693366756869364e+05
1.303183073354643129e+05
1.301767639784132916e+05
1.300449039528122230e+05
1.299223935524502594e+05
1.298094552750508592e+05
1.297075293435092899e+05
1.296149123084212624e+05
1.295323445419510826e+05
1.294586547296008066e+05
1.293924942339253030e+05
1.293348251042333141e+05
1.292858354163398035e+05
1.292451385140307684e+05
1.292123551027099456e+05
1.291891075675400789e+05
1.291733726583459065e+05
1.291628105976795196e+05
1.291566321463956701e+05
1.291560190060620371e+05
1.291618952711833408e+05
1.291743282874694269e+05
1.291936717219644343e+05
1.292176258160517318e+05
1.292466630187960982e+05
1.292825637451191433e+05
1.293224124201372906e+05
1.293681717926893471e+05
1.294184729815969768e+05
1.294735989206527011e+05
1.295336751043786790e+05
1.295982341335217352e+05
1.296665136862908548e+05
1.297382046411409974e+05
1.298132971459095133e+05
1.298921174811024975e+05
1.299731980635660148e+05
1.300552741053654172e+05
1.301398427785882086e+05
1.302264658006251266e+05
1.303149564573759271e+05
1.304039093411177164e+05
1.304932824524638418e+05
1.305830672390286782e+05
1.306731272725020535e+05
1.307647742435887340e+05
1.308570082399127714e+05
1.309495978631366597e+05
1.310425031162186206e+05
1.311348126795449643e+05
1.312266022566234751e+05
1.313186182473129593e+05
1.314100837749074271e+05
1.315022906677330611e+05
1.315936089712282992e+05
1.316840138863883913e+05
1.317731395366167417e+05
1.318632601569269609e+05
1.319521149453642429e+05
1.320394988302027632e+05
1.321254076894848840e+05
1.322085727485544630e+05
1.322894890960408957e+05
1.323679091814658605e+05
1.324452627155477530e+05
1.325212661589719937e+05
1.325946899626161030e+05
1.326645467149340839e+05
1.327316177614192420e+05
1.327952306975878600e+05
1.328568211702779518e+05
1.329152578765505750e+05
1.329708866254677414e+05
1.330247539364855620e+05
1.330770385220804019e+05
1.331260367579342856e+05
1.331727303635881108e+05
1.332160160498484038e+05
1.332560916724886920e+05
1.332923045222994988e+05
1.333243929996241350e+05
1.333529809304344526e+05
1.333788316546494898e+05
1.334020655791640456e+05
1.334221857615179615e+05
1.334385193261745735e+05
1.334513959506294632e+05
1.334610772812918294e+05
1.334659143044636003e+05
1.334654959195282427e+05
1.334623255373427528e+05
1.334547039716458239e+05
1.334422549030905066e+05
1.334257058184438501e+05
1.334051461085147166e+05
1.333792546742962440e+05
1.333494930492446583e+05
1.333151274811400217e+05
1.332758887473506620e+05
1.332319686913200130e+05
1.331845022707178723e+05
1.331330404581418843e+05
1.330776346468648990e+05
1.330187637998578139e+05
1.329554965715026192e+05
1.328876277679585037e+05
1.328153347344291396e+05
1.327389960310794995e+05
1.326578572701927915e+05
1.325720600495806430e+05
1.324822631831403414e+05
1.323885748053223360e+05
1.322904006141826103e+05
1.321882864709437999e+05
1.320819420169770892e+05
1.319703965810491354e+05
1.318547978293728665e+05
1.317342845677004370e+05
1.316099145252626040e+05
1.314811405966799357e+05
1.313488067818033160e+05
1.312125283277190174e+05
1.310724955715645337e+05
1.309284975123904442e+05
1.307815765088829503e+05
1.306306415658449405e+05
1.304755795890416339e+05
1.303176998739741393e+05
1.301559378737504449e+05
1.299915179302558681e+05
1.298236525628392701e+05
1.296519446358483110e+05
1.294767151186592528e+05
1.292991234800329257e+05
1.291187908612629253e+05
1.289355314283885964e+05
1.287492834487788932e+05
1.285600367329208966e+05
1.283683601226190658e+05
1.281731703853902582e+05
1.279754396538708534e+05
1.277737989739661425e+05
1.275688616759346914e+05
1.273606044148112123e+05
1.271486427913621883e+05
1.269338973083698947e+05
1.267159347577722656e+05
1.264947057197247632e+05
1.262704700933836866e+05
1.260433993274832319e+05
1.258131182121566962e+05
1.255798447583886154e+05
1.253436751944953430e+05
1.251047445992604626e+05
1.248642290743745107e+05
1.246209820877232414e+05
1.243749943590809125e+05
1.241265414819151338e+05
1.238757406893273001e+05
1.236233956815104175e+05
1.233695872732084827e+05
1.231143386740751594e+05
1.228574601970177609e+05
1.225995125436882954e+05
1.223402609395401378e+05
1.220798558500094223e+05
1.218187962367317523e+05
1.215565516581598786e+05
1.212933127475229121e+05
1.210287335377480777e+05
1.207632730786278698e+05
1.204959651279630052e+05
1.202261166377071786e+05
1.199550895134068851e+05
1.196829820947559783e+05
1.194096746991429682e+05
1.191350299406366539e+05
1.188591521158234100e+05
1.185816970457190182e+05
1.183029000334028096e+05
1.180237419824460812e+05
1.177443713814086950e+05
1.174643478192026960e+05
1.171842169643121451e+05
1.169036123667750508e+05
1.166219176630903385e+05
1.163392074742563709e+05
1.160564141704782669e+05
1.157734138861233660e+05
1.154898995241093799e+05
1.152057781379771768e+05
1.149208775951324351e+05
1.146361421348303265e+05
1.143513808164659422e+05
1.140662155366127845e+05
1.137806196214664669e+05
1.134948545585832762e+05
1.132104131485963298e+05
1.129264480019045004e+05
1.126425800742319552e+05
1.123586669823673437e+05
1.120749267951150250e+05
1.117912915767040831e+05
1.115078247720866057e+05
1.112246894016044971e+05
1.109424530209888762e+05
1.106621427887598111e+05
1.103823511212826415e+05
1.101031914793639444e+05
1.098241821479761129e+05
1.095463711738574784e+05
1.092698612928784278e+05
1.089942975107076927e+05
1.087192087513294537e+05
1.084454291227505892e+05
1.081727468131016794e+05
1.079018133361271466e+05
1.076330121473156323e+05
1.073657965273679292e+05
1.071001714699251897e+05
1.068357778652043489e+05
1.065728151059488737e+05
1.063114449966193642e+05
1.060519756565566640e+05
1.057940063415837649e+05
1.055371353140957362e+05
1.052818795313695446e+05
1.050284573890417523e+05
1.047770000492876716e+05
1.045273951145663596e+05
1.042799196040052921e+05
1.040339855974589300e+05
1.037896790914770099e+05
1.035471732902050717e+05
1.033071681530285132e+05
1.030692788010894728e+05
1.028338308694023435e+05
1.026008603003160097e+05
1.023697717622978671e+05
1.021410759017751116e+05
1.019146862780573574e+05
1.016906765304573782e+05
1.014687547187429445e+05
1.012487292421469901e+05
1.010308038303966168e+05
1.008149735278375447e+05
1.006015430396802840e+05
1.003903157596854726e+05
1.001810078646086913e+05
9.997405236673817853e+04
9.977036268555755669e+04
9.956917331114780973e+04
9.937068982869188767e+04
9.917454243199652410e+04
9.898095964544381422e+04
9.878984240098853479e+04
9.860196536605156143e+04
9.841658254064618086e+04
9.823363496449741069e+04
9.805367072604039276e+04
9.787668514212884475e+04
9.770218973513794481e+04
9.753030056586377032e+04
9.736125619322501007e+04
9.719481033282843418e+04
9.703100753738166532e+04
9.686979447249177611e+04
9.671112544815953879e+04
9.655519643582066055e+04
9.640198475936792966e+04
9.625135375203313015e+04
9.610333407977814204e+04
9.595801179637757014e+04
9.581566549779294292e+04
9.567643642521907168e+04
9.553977010863969917e+04
9.540562665199683397e+04
9.527409221690372215e+04
9.514500181244018313e+04
9.501822388803577633e+04
9.489438945877608785e+04
9.477359307855961379e+04
9.465541229642974213e+04
9.454013019982825790e+04
9.442808039800079132e+04
9.431890139298215217e+04
9.421182297036406817e+04
9.410692151119158370e+04
9.400433115105268371e+04
9.390445304248071625e+04
9.380714800893595384e+04
9.371221501608620747e+04
9.361994298006001918e+04
9.353039869975022157e+04
9.344307908247045998e+04
9.335822926376303076e+04
9.327576506540691480e+04
9.319589176335588854e+04
9.311784757827629801e+04
9.304159550772719376e+04
9.296725014306606317e+04
9.289462844933733868e+04
9.282388195822489797e+04
9.275508195147266088e+04
9.268820934010375640e+04
9.262309662259467586e+04
9.255997063163142593e+04
9.249865642308996757e+04
9.243912492113502230e+04
9.238133361339240219e+04
9.232550678523964598e+04
9.227184794309582503e+04
9.221991461720215739e+04
9.216991633421681763e+04
9.212146742783335503e+04
9.207447375435028516e+04
9.202891313419998914e+04
9.198517816892225528e+04
9.194314662934729131e+04
9.190297061693854630e+04
9.186457918172588688e+04
9.182795973101834534e+04
9.179318762647110270e+04
9.175989883755668416e+04
9.172808440510278160e+04
9.169809635675320169e+04
9.166963352565770037e+04
9.164277770009938104e+04
9.161763477037553093e+04
9.159384727746703720e+04
9.157140018254620372e+04
9.155059301866684109e+04
9.153109786875391728e+04
9.151293838690924167e+04
9.149601206684783392e+04
9.148036710400169250e+04
9.146594188325996220e+04
9.145286030867301452e+04
9.144098054543575563e+04
9.143056740019519930e+04
9.142142255583227961e+04
9.141349671897731605e+04
9.140657120160177874e+04
9.140073591810556536e+04
9.139597550269254134e+04
9.139230191614855721e+04
9.138970337358025427e+04
9.138824573482522101e+04
9.138772904271504376e+04
9.138812506936781574e+04
9.138948518756245903e+04
9.139186290445172926e+04
9.139516370312558138e+04
9.139933847314525337e+04
9.140438350189386983e+04
9.141034095370750583e+04
9.141740025861158210e+04
9.142547208983168821e+04
9.143451128966659599e+04
9.144474791207219823e+04
9.145601976816749084e+04
9.146837677368053119e+04
9.148183791589293105e+04
9.149648727502344991e+04
9.151211168182153779e+04
9.152872271974108298e+04
9.154647376159363193e+04
9.156542728527447616e+04
9.158544385943340603e+04
9.160667228240051190e+04
9.162927695858512016e+04
9.165327457713299373e+04
9.167839930970466230e+04
9.170477599568024743e+04
9.173239105946964992e+04
9.176118853244866477e+04
9.179106500653634430e+04
9.182213240958878305e+04
9.185447351737339341e+04
9.188841385021663154e+04
9.192391651209315751e+04
9.196087293159181718e+04
9.199931159987411229e+04
9.203915673780311772e+04
9.208038945608022914e+04
9.212317101779251243e+04
9.216769178194625420e+04
9.221368107005460479e+04
9.226110476256527181e+04
9.231051638448660378e+04
9.236156050041744311e+04
9.241420883435670112e+04
9.246855204907211009e+04
9.252476340238316334e+04
9.258234034365174011e+04
9.264149994641024387e+04
9.270237060641997959e+04
9.276508723110999563e+04
9.282996358923177468e+04
9.289671236235354445e+04
9.296507530077341653e+04
9.303535987962520448e+04
9.310750536765350262e+04
9.318138090891804313e+04
9.325722268514396274e+04
9.333490611233892560e+04
9.341449519822082948e+04
9.349607099957877654e+04
9.357983789631121908e+04
9.366592548321864160e+04
9.375422258606253308e+04
9.384474122329494276e+04
9.393727890468835540e+04
9.403210798398459156e+04
9.412881583747886179e+04
9.422799813432646624e+04
9.432938375394279137e+04
9.443348511911131209e+04
9.453986264341327478e+04
9.464832809922682645e+04
9.475917416653425607e+04
9.487209541156368505e+04
9.498713764400930086e+04
9.510449145138825406e+04
9.522385667688725516e+04
9.534539471952093299e+04
9.546911010125406028e+04
9.559513603613706073e+04
9.572372009033274662e+04
9.585479556864865299e+04
9.598867451558864559e+04
9.612543412355684268e+04
9.626484929482653388e+04
9.640698541419132380e+04
9.655187868937633175e+04
9.669900108692834328e+04
9.684909426991191867e+04
9.700190839596740261e+04
9.715759645892774279e+04
9.731653881560244190e+04
9.747891871075521340e+04
9.764454269813452265e+04
9.781278947483799129e+04
9.798333501374220941e+04
9.815621156117842474e+04
9.833110389205779938e+04
9.850834438486702857e+04
9.868802017332654214e+04
9.887016906174790347e+04
9.905480749812546128e+04
9.924189981940451253e+04
9.943141292526150937e+04
9.962346296267611615e+04
9.981791839527784032e+04
1.000153500524985138e+05
1.002155494197754888e+05
1.004182172341004480e+05
1.006231566231541219e+05
1.008304267999305594e+05
1.010399085273597593e+05
1.012516307125026215e+05
1.014657871697899245e+05
1.016822503140305780e+05
1.019006984437292122e+05
1.021217478976955463e+05
1.023456525795218913e+05
1.025720417323255824e+05
1.028012761833287077e+05
1.030328531252644170e+05
1.032668088906236517e+05
1.035029312610191701e+05
1.037411799836594728e+05
1.039810719511772331e+05
1.042233454986199649e+05
1.044680594562459737e+05
1.047149845981919352e+05
1.049643040092628216e+05
1.052153474725581618e+05
1.054690254984413041e+05
1.057247116752807051e+05
1.059818826952532254e+05
1.062411086101414985e+05
1.065021849017803470e+05
1.067648920231102093e+05
1.070290156290567538e+05
1.072940989537685819e+05
1.075608666248241934e+05
1.078288215841008641e+05
1.080983232527154614e+05
1.083693685854152136e+05
1.086425269602265180e+05
1.089170554322296084e+05
1.091930093587297597e+05
1.094700942750162940e+05
1.097480637453694362e+05
1.100268422341380210e+05
1.103066999159301340e+05
1.105866476492390648e+05
1.108671515282867476e+05
1.111481200936937821e+05
1.114299115279965336e+05
1.117120086197274795e+05
1.119947845055759535e+05
1.122777564459849527e+05
1.125609300378850603e+05
1.128444096044133767e+05
1.131281614542842144e+05
1.134122929218917852e+05
1.136960318294935132e+05
1.139794146518793568e+05
1.142636037825428939e+05
1.145484524799237261e+05
1.148335567505854706e+05
1.151183823409382167e+05
1.154028991683069762e+05
1.156868067521815829e+05
1.159702758060897177e+05
1.162532729836791550e+05
1.165358530482869537e+05
1.168182703399466700e+05
1.171003335813575832e+05
1.173831617990402447e+05
1.176660895164631365e+05
1.179481799885778455e+05
1.182297066648199398e+05
1.185101820579351916e+05
1.187893669522982382e+05
1.190686628694915562e+05
1.193473506442725920e+05
1.196250886397248833e+05
1.199016948507444613e+05
1.201771885672973876e+05
1.204519452991945873e+05
1.207260558021825418e+05
1.209983154601121641e+05
1.212687833363253449e+05
1.215375464695285773e+05
1.218044040267257660e+05
1.220696092636703252e+05
1.223329762004689837e+05
1.225943289486987342e+05
1.228539127337920072e+05
1.231115673322000075e+05
1.233672714468189806e+05
1.236205546536604961e+05
1.238711878592075518e+05
1.241187515107475338e+05
1.243634599129351554e+05
1.246058312053088448e+05
1.248454451047494804e+05
1.250823258855105960e+05
1.253164566217021784e+05
1.255476779692037671e+05
1.257758494408582483e+05
1.260010256336396269e+05
1.262230533149683906e+05
1.264417164649391925e+05
1.266578053901540115e+05
1.268712358053848584e+05
1.270840599386095273e+05
1.272953867678445240e+05
1.275041518657986016e+05
1.277103257724415889e+05
1.279135885450279893e+05
1.281142609644652402e+05
1.283115012472046074e+05
1.285052841240777343e+05
1.286958954669398663e+05
1.288826835917590070e+05
1.290644659107907792e+05
1.292426381266167155e+05
1.294180190998198814e+05
1.295897711970506643e+05
1.297585405469001998e+05
1.299232981663749961e+05
1.300833348729440768e+05
1.302389956811155862e+05
1.303908268950711354e+05
1.305394453757914598e+05
1.306840381749360822e+05
1.308249142249492870e+05
1.309615654014260363e+05
1.310925894472305081e+05
1.312190536456846166e+05
1.313413399877675693e+05
1.314595975505791139e+05
1.315745476239301497e+05
1.316851201559622714e+05
1.317910867386536847e+05
1.318927813659583044e+05
1.319905362702660495e+05
1.320851067465781525e+05
1.321761473131506064e+05
1.322632750698567252e+05
1.323460211887321784e+05
1.324233924793015758e+05
1.324968259212762932e+05
1.325663983072563424e+05
1.326324279738056939e+05
1.326938745203346189e+05
1.327508989245516132e+05
