2.208525624619156006e+05
2.221970892524966912e+05
2.235471754465340346e+05
2.248980051562735462e+05
2.262517476004105411e+05
2.276116315101412474e+05
2.289752651586604479e+05
2.303432263116186368e+05
2.317151984586383332e+05
2.330906158741289692e+05
2.344691848530812422e+05
2.358501864045985858e+05
2.372345529936910316e+05
2.386241494257677987e+05
2.400164944067867473e+05
2.414118178185819415e+05
2.428119802150694595e+05
2.442150378057409544e+05
2.456248290848766919e+05
2.470410415251047816e+05
2.484622767169424042e+05
2.498849032019824372e+05
2.513087731883037486e+05
2.527402027578439447e+05
2.541742750888943556e+05
2.556091464797307854e+05
2.570461488396936911e+05
2.584858711644005380e+05
2.599315592128203716e+05
2.613795217882073193e+05
2.628283075600648881e+05
2.642790248521001195e+05
2.657324642181409872e+05
2.671841048261619289e+05
2.686371365643832250e+05
2.700923211484932690e+05
2.715470928376584779e+05
2.730047668766051647e+05
2.744633115735666943e+05
2.759247527354749618e+05
2.773860820069148904e+05
2.788501031894827611e+05
2.803150148434714647e+05
2.817830246836864389e+05
2.832494189003297361e+05
2.847152040384600405e+05
2.861775671127669048e+05
2.876393876757312682e+05
2.890989335937250871e+05
2.905573386010543909e+05
2.920152049800902023e+05
2.934723817895218963e+05
2.949259640633948147e+05
2.963780934966566274e+05
2.978286456821764586e+05
2.992773395920370240e+05
3.007223038250089157e+05
3.021638706348226406e+05
3.036065996994269080e+05
3.050458316340456950e+05
3.064807094600472483e+05
3.079087674376140349e+05
3.093341393243178609e+05
3.107540413008902688e+05
3.121684219977115863e+05
3.135785036967307096e+05
3.149852011012643925e+05
3.163858475679106778e+05
3.177831763127621380e+05
3.191765853125912254e+05
3.205632448408323107e+05
3.219442989611575613e+05
3.233198779018624919e+05
3.246843824594680918e+05
3.260351280671526911e+05
3.273724988827983616e+05
3.287041410742850276e+05
3.300296238444589544e+05
3.313426300610970939e+05
3.326432645343954791e+05
3.339344028693889850e+05
3.352135953051050892e+05
3.364789221012688358e+05
3.377290157859789324e+05
3.389655543405245990e+05
3.401946579004051746e+05
3.414162663952892181e+05
3.426284978674451122e+05
3.438271513596966397e+05
3.450099096457167761e+05
3.461781454843753017e+05
3.473313413962013437e+05
3.484688687291336246e+05
3.495934106226055883e+05
3.507074132481203414e+05
3.518085879763556295e+05
3.528965572533483501e+05
3.539678343119238853e+05
3.550232318353878218e+05
3.560557188379394356e+05
3.570652893595209462e+05
3.580587085931760957e+05
3.590293188973307842e+05
3.599816481070173322e+05
3.609198098311179783e+05
3.618452949095892836e+05
3.627579730361748952e+05
3.636542773508829996e+05
3.645348677808172652e+05
3.653967912033044267e+05
3.662361552641124581e+05
3.670589126071170904e+05
3.678658189947400242e+05
3.686605660846581450e+05
3.694412194804939209e+05
3.702041124908190686e+05
3.709567843999426113e+05
3.716907641000044532e+05
3.723946751976322848e+05
3.730753271804699325e+05
3.737389096154826111e+05
3.743853602715875022e+05
3.750202749920583447e+05
3.756348477371496265e+05
3.762278765505863703e+05
3.768021282664167229e+05
3.773567680145535269e+05
3.778968118806816638e+05
3.784196097058953601e+05
3.789287061494036461e+05
3.794177512328461162e+05
3.798889251717311563e+05
3.803456318984998506e+05
3.807885697074443451e+05
3.812155507654269459e+05
3.816314965742988279e+05
3.820314230633936822e+05
3.824269756422680803e+05
3.828244129117145203e+05
3.832149428873928264e+05
3.835958673955847626e+05
3.839590325056258007e+05
3.843112970756493742e+05
3.846478201808503945e+05
3.849707025358352694e+05
3.852860578926865710e+05
3.856033319655085797e+05
3.859133443837187951e+05
3.862234472534132656e+05
3.865268426688036416e+05
3.868189699602595065e+05
3.871107895551312249e+05
3.873886732570755994e+05
3.876550000204823446e+05
3.879119603137758677e+05
3.881614748372294125e+05
3.884021677535248455e+05
3.886409705149005167e+05
3.888784000376079348e+05
3.891172365575254080e+05
3.893587799724048236e+05
3.896143869855126832e+05
3.898777850711023784e+05
3.901426376415617997e+05
3.904225922101468313e+05
3.907211886047314620e+05
3.910331290914505953e+05
3.913499969631679705e+05
3.916881275591357844e+05
3.920431352855047444e+05
3.924187629900553729e+05
3.928085551621256163e+05
3.932145642668917426e+05
3.936366573769883253e+05
3.940837623055026052e+05
3.945617363879073528e+05
3.950611790796525893e+05
3.955964412379953428e+05
3.961644270005633007e+05
3.967660523843988776e+05
3.974037169551738771e+05
3.980682985651649651e+05
3.987633438452275586e+05
3.994951567975527723e+05
4.002529115874370327e+05
4.010340411571668228e+05
4.018468063262820360e+05
4.026924923211067216e+05
4.035821135450104484e+05
4.045209791011936613e+05
4.055060464514798368e+05
4.065297340267497930e+05
4.075911178449580912e+05
4.086961935882329708e+05
4.098227432596365106e+05
4.109813804623486940e+05
4.121730785615174100e+05
4.134031223995401524e+05
4.146660071517835022e+05
4.159581461578549934e+05
4.172799451448339969e+05
4.186284163373011397e+05
4.200053704433252569e+05
4.214089702611162211e+05
4.228411332752249436e+05
4.243011022721676854e+05
4.257873331575188786e+05
4.273036203410837916e+05
4.288521687481364934e+05
4.304084312388818944e+05
4.319769069052430568e+05
4.335671033218941884e+05
4.351639179543218925e+05
4.367874896851158701e+05
4.384189704992643674e+05
4.400459523763691541e+05
4.416674098175784457e+05
4.432845248497002176e+05
4.448953734144059126e+05
4.465056578766442253e+05
4.481110505954812979e+05
4.497157735094550299e+05
4.513056570784397773e+05
4.528887792511670268e+05
4.544476410126563860e+05
4.559785195284262882e+05
4.574813396324960631e+05
4.589637101442902349e+05
4.604210089635681361e+05
4.618525685313111171e+05
4.632421446123524802e+05
4.645977517698380398e+05
4.659165396846074145e+05
4.671996408194138785e+05
4.684419011395220878e+05
4.696417792573530460e+05
4.707899892382830149e+05
4.718758794968553120e+05
4.729143241831215564e+05
4.738935513627998298e+05
4.748120571333573898e+05
4.756648721907006111e+05
4.764472877063848427e+05
4.771660240219793050e+05
4.778023818598155049e+05
4.783484879127329332e+05
4.788201742081317352e+05
4.791976491368222050e+05
4.794707586303825956e+05
4.796394426849331358e+05
4.797265003962743795e+05
4.797774981139018200e+05
4.797234089936164673e+05
4.795638302044544835e+05
4.792983829800904496e+05
4.789565534043334192e+05
4.785179305180499796e+05
4.780056391489530215e+05
4.774088432919423794e+05
4.767376089274946135e+05
4.759984503962637391e+05
4.751895827744536218e+05
4.743200342002141988e+05
4.733971598269309034e+05
4.724171303391367546e+05
4.713850444388820324e+05
4.702996533749915543e+05
4.691664981727107661e+05
4.679764868619366316e+05
4.667343665550958831e+05
4.654493202392571839e+05
4.641342959011967178e+05
4.627921534223178751e+05
4.614043062681540614e+05
4.599775667332089506e+05
4.585198320244423812e+05
4.570294201838412555e+05
4.555056783474614494e+05
4.539547166614530142e+05
4.523802793857462239e+05
4.507878807458211086e+05
4.491824703650175361e+05
4.475694277315587969e+05
4.459479399322718964e+05
4.443065356160108349e+05
4.426569877131620888e+05
4.409949750101451064e+05
4.393411720289452351e+05
4.376925045067818137e+05
4.360442126939328155e+05
4.343975110703274840e+05
4.327538254970803391e+05
4.311355385416686768e+05
4.295335159793031053e+05
4.279506482060326380e+05
4.263751632441548281e+05
4.248282978962715133e+05
4.233022540802197764e+05
4.218187183805176755e+05
4.203573650475912727e+05
4.189247119415471680e+05
4.175266166444323026e+05
4.161512274800341111e+05
4.147942928343617823e+05
4.134592633047766285e+05
4.121530120932246209e+05
4.108718476603999152e+05
4.096052528614992625e+05
4.083689356257107574e+05
4.071693409797917120e+05
4.060094770290254964e+05
4.048873086879327893e+05
4.038000870519168675e+05
4.027493422482062015e+05
4.017346818400202319e+05
4.007504882328166277e+05
3.998042269926280132e+05
3.988930686825471930e+05
3.980229347899748245e+05
3.971819982902518823e+05
3.963758187973343884e+05
3.955980387745245825e+05
3.948528076181376819e+05
3.941342673543627607e+05
3.934329040404872503e+05
3.927429685627137660e+05
3.920674364839264308e+05
3.913988329992862418e+05
3.907539887636570493e+05
3.901359066284885630e+05
3.895417703158334480e+05
3.889701262260334333e+05
3.884196149581203936e+05
3.878835918727725511e+05
3.873603207424305729e+05
3.868569564885358559e+05
3.863669714980546851e+05
3.858973941197830718e+05
3.854449198364559561e+05
3.850054094882293139e+05
3.845807587043512031e+05
3.841716983479693299e+05
3.837737575271753594e+05
3.833797053097389289e+05
3.829925053198934766e+05
3.826128856938263052e+05
3.822322970006803516e+05
3.818436347569770878e+05
3.814525963119362714e+05
3.810576824574805214e+05
3.806576561079735402e+05
3.802594602462117909e+05
3.798608301394516020e+05
3.794567903501536348e+05
3.790414048471339629e+05
3.786251348942859331e+05
3.782074739198865718e+05
3.777867645037681796e+05
3.773577969723519636e+05
3.769246798352800542e+05
3.764815621173521504e+05
3.760301540940131526e+05
3.755672219668405596e+05
3.750905203988535795e+05
3.746093478464399232e+05
3.741248207028477336e+05
3.736318477936104173e+05
3.731262166918138391e+05
3.726072213645247393e+05
3.720741538471431122e+05
3.715300189645163482e+05
3.709709636833905242e+05
3.704032027774442104e+05
3.698287096823834581e+05
3.692402521456365357e+05
3.686409262983059161e+05
3.680318513036978547e+05
3.674066833509645658e+05
3.667692163059028098e+05
3.661176136727723060e+05
3.654460024946272024e+05
3.647593332668442163e+05
3.640573758783747908e+05
3.633368290743666585e+05
3.625974613428144366e+05
3.618385638025285443e+05
3.610603890869441675e+05
3.602646892630484072e+05
3.594544241521803197e+05
3.586261588057096815e+05
3.577834082112681353e+05
3.569199782568331575e+05
3.560385278492644429e+05
3.551444357836016570e+05
3.542355985308823292e+05
3.533104786734901718e+05
3.523752791846874170e+05
3.514276294495119364e+05
3.504678043298980920e+05
3.494901524847110268e+05
3.484967857123819413e+05
3.474922467944602249e+05
3.464742113873548806e+05
3.454391703257997287e+05
3.443876501582302735e+05
3.433276240024129511e+05
3.422531566241616965e+05
3.411648553378195502e+05
3.400628407120938646e+05
3.389489583877837285e+05
3.378291000007682014e+05
3.367027629289685283e+05
3.355662475929193315e+05
3.344110276311528869e+05
3.332399689599500271e+05
3.320546195394662209e+05
3.308553282642717240e+05
3.296391821085806587e+05
3.284092411607136019e+05
3.271698875607338268e+05
3.259246810097851558e+05
3.246721825624065241e+05
3.234097852964297635e+05
3.221433409682638594e+05
3.208677695611692616e+05
3.195855848264732631e+05
3.182942299802067573e+05
3.169925823214139673e+05
3.156841069550849497e+05
3.143719343297000742e+05
3.130563849829833489e+05
3.117393695014544064e+05
3.104184758981182822e+05
3.090898693349346868e+05
3.077548535382811096e+05
3.064142839322427753e+05
3.050637956076618284e+05
3.037105089473109110e+05
3.023563985019424581e+05
3.009929322004659334e+05
2.996241092000531498e+05
2.982502573849511100e+05
2.968770067841117270e+05
2.954981805436565774e+05
2.941093969371776329e+05
2.927132506329739699e+05
2.913151640821676701e+05
2.899106320531198289e+05
2.885021989425178035e+05
2.870931221667704522e+05
2.856839433062343160e+05
2.842744641240659985e+05
2.828628315001917072e+05
2.814517647419759887e+05
2.800379181625070050e+05
2.786251337053408497e+05
2.772093698458334547e+05
2.757923252515232889e+05
2.743757763418119866e+05
2.729589211114801001e+05
2.715415381748676882e+05
2.701212655785267707e+05
2.687021305158456089e+05
2.672815647579586366e+05
2.658600229055278469e+05
2.644354485443845042e+05
2.630094818121985882e+05
2.615844309147752356e+05
2.601590626941079972e+05
2.587404925051199098e+05
2.573281100677589711e+05
2.559157709897338937e+05
2.545055441427381593e+05
2.530967886121978227e+05
2.516870157315149554e+05
2.502794017981252691e+05
2.488724602845565823e+05
2.474672054824028746e+05
2.460624238433107967e+05
2.446579163225902012e+05
2.432565323884013342e+05
2.418567308398011955e+05
2.404589492014123243e+05
2.390619376861286582e+05
2.376652833535760292e+05
2.362715494108170387e+05
2.348826524205073365e+05
2.334969225952114793e+05
2.321138540461381199e+05
2.307332513328188215e+05
2.293538494275815319e+05
2.279791031727154623e+05
2.266080745436958969e+05
2.252418852937636839e+05
2.238789264133670076e+05
2.225200526000458631e+05
2.211682582818001683e+05
2.198233847583575407e+05
2.184858734427091549e+05
2.171528934484232450e+05
2.158238031379520835e+05
2.144972795605454012e+05
2.131740335574662313e+05
2.118544156524109712e+05
2.105389625598877028e+05
2.092270675222882128e+05
2.079189317774330848e+05
2.066148598472448066e+05
2.053174879401951330e+05
2.040244248415944458e+05
2.027386920815030462e+05
2.014565583051997528e+05
2.001796614518768329e+05
1.989082203122396313e+05
1.976406683703225281e+05
1.963805249066641845e+05
1.951243245311160863e+05
1.938743168057875009e+05
1.926337943474795902e+05
1.913995406550107582e+05
1.901721166630001680e+05
1.889518819586863974e+05
1.877369815625616466e+05
1.865284763658135198e+05
1.853287530956745031e+05
1.841347827785719128e+05
1.829470307327689370e+05
1.817664975902754522e+05
1.805940762862574193e+05
1.794268949112110131e+05
1.782648094165637449e+05
1.771090387800752069e+05
1.759593276289903733e+05
1.748131120874421031e+05
1.736716575374151580e+05
1.725360160001701734e+05
1.714081735405109939e+05
1.702858546800580516e+05
1.691695278239433537e+05
1.680598272515807184e+05
1.669549664435106097e+05
1.658566601806235558e+05
1.647648421391691954e+05
1.636788977482326736e+05
1.625983110291479097e+05
1.615226949585270486e+05
1.604512916515551624e+05
1.593846300735375844e+05
1.583234787516785436e+05
1.572679926098477736e+05
1.562192352210988756e+05
1.551773799269551528e+05
1.541412490916050156e+05
1.531123446520751459e+05
1.520909361273793038e+05
1.510763373685108381e+05
1.500688187570994487e+05
1.490698289895027410e+05
1.480769178783271345e+05
1.470895385093801888e+05
1.461088404673449404e+05
1.451341501294986811e+05
1.441655368223183905e+05
1.432044192295449611e+05
1.422488962123490928e+05
1.413000621152528911e+05
1.403562276263266103e+05
1.394177506752573536e+05
1.384858468938356091e+05
1.375591433553265524e+05
1.366373458773845923e+05
1.357218959779788856e+05
1.348111288734426489e+05
1.339058884786551062e+05
1.330066983376777498e+05
1.321136566012027615e+05
1.312259144179909199e+05
1.303441381760051881e+05
1.294680698644692020e+05
1.285970349880766880e+05
1.277323759003160230e+05
1.268733967198123719e+05
1.260206483906668436e+05
1.251724167126420216e+05
1.243292614766020852e+05
1.234935222646568145e+05
1.226634370182606654e+05
1.218389948324768047e+05
1.210187679046287667e+05
1.202046594878999313e+05
1.193962835681750585e+05
1.185927011279552244e+05
1.177937268114124017e+05
1.170003577503533015e+05
1.162125791339025309e+05
1.154313156431593816e+05
1.146555259074507048e+05
1.138854767913010000e+05
1.131212454552818963e+05
1.123605303128264204e+05
1.116047959409734758e+05
1.108550417851587554e+05
1.101109261486856849e+05
1.093732143229849462e+05
1.086409695948120061e+05
1.079145536651298462e+05
1.071929958835616708e+05
1.064762901370086765e+05
1.057648590348150901e+05
1.050590539852377260e+05
1.043597483990502806e+05
1.036669310030398919e+05
1.029799994867192145e+05
1.022979821467115253e+05
1.016231804356921057e+05
1.009537886896589771e+05
1.002897245930008066e+05
9.963180721485264075e+04
9.898060788587937714e+04
9.833530048025508586e+04
9.769614707220831770e+04
9.706391961930831894e+04
9.643787344909495732e+04
9.581777912768458191e+04
9.520274722477182513e+04
9.459292706105018442e+04
9.398866614005903830e+04
9.339043376695277402e+04
9.279661035354679916e+04
9.220765666780133324e+04
9.162324828138963494e+04
9.104480354538657411e+04
9.047215130028632120e+04
8.990573123916311306e+04
8.934481387340140645e+04
8.879059856430963555e+04
8.824341150780770113e+04
8.770240666337299626e+04
8.716706369158971938e+04
8.663702047010781826e+04
8.611207876046234742e+04
8.559270348935187212e+04
8.508267361812054878e+04
8.457815388447808800e+04
8.408036614104808541e+04
8.359024961139235529e+04
8.310680141076157452e+04
8.262812224513763795e+04
8.215443418553652009e+04
8.168619953095994424e+04
8.122321767621804611e+04
8.076624689100118121e+04
8.031379209662780340e+04
7.986618964617881284e+04
7.942401239364352659e+04
7.898815848216287850e+04
7.855633668991975719e+04
7.813011888837012521e+04
7.771024111242196523e+04
7.729573816741157498e+04
7.688795998333310126e+04
7.648551268466343754e+04
7.608769162098875677e+04
7.569489544224867132e+04
7.530723541026987368e+04
7.492538515586868743e+04
7.454906790981868107e+04
7.417865589700893906e+04
7.381351436859751993e+04
7.345401711069406883e+04
7.310046058626956074e+04
7.275253415509086335e+04
7.241058585176488850e+04
7.207368619094821042e+04
7.174408136145590106e+04
7.142141165592303150e+04
7.110431463433144381e+04
7.079316735280930880e+04
7.048743949512502877e+04
7.018657907979184529e+04
6.989054771298100241e+04
6.959978074042506341e+04
6.931449996128803468e+04
6.903396743548230734e+04
6.875793166205348098e+04
6.848668313970889722e+04
6.821996753774613899e+04
6.795850398853795195e+04
6.770253917689356604e+04
6.745144646082264080e+04
6.720473666903165577e+04
6.696251925390957331e+04
6.672545608655780961e+04
6.649337123928635265e+04
6.626579352938164084e+04
6.604322425807578838e+04
6.582766941129678162e+04
6.561644781232099922e+04
6.540972118781833706e+04
6.520725726225544349e+04
6.500896971937318449e+04
6.481529216734245711e+04
6.462756300494044990e+04
6.444477088594325323e+04
6.426679064244146139e+04
6.409486066904327890e+04
6.392867047608679422e+04
6.376791417651821394e+04
6.361171664563107333e+04
6.345950617915336625e+04
6.331140928670504218e+04
6.316734249880095012e+04
6.302778999420801119e+04
6.289458856059878599e+04
6.276603550903196447e+04
6.264164713982472313e+04
6.252128121045189619e+04
6.240520100881029794e+04
6.229353215301824093e+04
6.218657172538762825e+04
6.208391649754747050e+04
6.198558297171686718e+04
6.189172260884389834e+04
6.180206847944115725e+04
6.171629963633808075e+04
6.163448859303838253e+04
6.155670755941827520e+04
6.148277543634620815e+04
6.141277150738800992e+04
6.134664109560604993e+04
6.128494943443720695e+04
6.122719626306574355e+04
6.117301018887787359e+04
6.112221451153398812e+04
6.107481251639064430e+04
6.103059154887711338e+04
6.099004432244824420e+04
6.095277843662914529e+04
6.091855567256941868e+04
6.088729513865285844e+04
6.085897711711854208e+04
6.083353287179963809e+04
6.081075639837651397e+04
6.079041897596491617e+04
6.077282434515233763e+04
6.075736948328886501e+04
6.074440143739427003e+04
6.073337350990687264e+04
6.072429526377280126e+04
6.071717763409369218e+04
6.071345060719424509e+04
6.071218239927678951e+04
6.071291483436233102e+04
6.071570063537840906e+04
6.072075872003242694e+04
6.072853513883247069e+04
6.073874753123156552e+04
6.075162285688817792e+04
6.076782785870142834e+04
6.078715007886364765e+04
6.080948195061890874e+04
6.083492715532250440e+04
6.086376129972928902e+04
6.089604589417304669e+04
6.093166578998194018e+04
6.097098892835428705e+04
6.101492335246913717e+04
6.106270231247274933e+04
6.111460539124028583e+04
6.117066697787428711e+04
6.123067769690477871e+04
6.129485215199325467e+04
6.136317047590525181e+04
6.143554128700005094e+04
6.151218517852923833e+04
6.159577406463024090e+04
6.168403035463877313e+04
6.177653138073834998e+04
6.187327840317170921e+04
6.197462229368414410e+04
6.208058295963382989e+04
6.219122325784778513e+04
6.230749865207004041e+04
6.242917773521861818e+04
6.255536008011225931e+04
6.268618160942704708e+04
6.282222915515428758e+04
6.296328668894976727e+04
6.310971598432108294e+04
6.326177838120728848e+04
6.341880380333344510e+04
6.358135561613668688e+04
6.374921169801756332e+04
6.392223176194400003e+04
6.410085849087623501e+04
6.428526736281803460e+04
6.447574365864547144e+04
6.467149233059934340e+04
6.487229875203276606e+04
6.507812812674519955e+04
6.528959451014887600e+04
6.550641764769073052e+04
6.572915753537297132e+04
6.595967154440091690e+04
6.619609443984991231e+04
6.643798444484372158e+04
6.668439806120975118e+04
6.693569577700951777e+04
6.719214215812504699e+04
6.745402304137822648e+04
6.772080780941761623e+04
6.799281792881870933e+04
6.827032748769185855e+04
6.855269572238277760e+04
6.883997715927532408e+04
6.913246848129968566e+04
6.943113298831130669e+04
6.973641704521611973e+04
7.004725694371559075e+04
7.036297977785798139e+04
7.068442583060108882e+04
7.101094409026039648e+04
7.134327225670000189e+04
7.168107136887130036e+04
7.202483619845013891e+04
7.237388513625074120e+04
7.272863342281543009e+04
7.308824710377275187e+04
7.345346076917886967e+04
7.382572022000586730e+04
7.420360848931786313e+04
7.458618089847877854e+04
7.497374765781374299e+04
7.536707377738109790e+04
7.576564043000781385e+04
7.616940358676886535e+04
7.657926509229536168e+04
7.699471743532728578e+04
7.741597490173000551e+04
7.784345558504277142e+04
7.827610494031128474e+04
7.871376593552570557e+04
7.915658040135379997e+04
7.960456723570745089e+04
8.005832606842076348e+04
8.051664646803998039e+04
8.097995087821330526e+04
8.144871810987923527e+04
8.192245292927528499e+04
8.240121470896192477e+04
8.288550960963299440e+04
8.337558289309940301e+04
8.387205484820832498e+04
8.437418691064811719e+04
8.488168533423682675e+04
8.539533615397565882e+04
8.591524640107351297e+04
8.644045052983009373e+04
8.697227991674379155e+04
8.751005267944786465e+04
8.805333212681354780e+04
8.860240877362573519e+04
8.915814187224596390e+04
8.971894200602715136e+04
9.028560772874407121e+04
9.085867201427300461e+04
9.143695161655070842e+04
9.202093471255173790e+04
9.261014515194130945e+04
9.320514053699694341e+04
9.380584986216943071e+04
9.441210527315540821e+04
9.502410336813323374e+04
9.564257713541280827e+04
9.626677011199173285e+04
9.689729530691303080e+04
9.753385274667073099e+04
9.817713533435710997e+04
9.882673230221724953e+04
9.948347262389134266e+04
1.001469666484925692e+05
1.008161930343290442e+05
1.014918992481478490e+05
1.021735909479792608e+05
1.028605755943991389e+05
1.035529432752624562e+05
1.042513808111170947e+05
1.049566141660356225e+05
1.056679194296125643e+05
1.063848825473902689e+05
1.071074458013517142e+05
1.078369496893420583e+05
1.085722174264556670e+05
1.093129750897885242e+05
1.100586681281441124e+05
1.108112262208080501e+05
1.115706654890281206e+05
1.123347959161438630e+05
1.131048139642750029e+05
1.138817788748622261e+05
1.146685575573366514e+05
1.154646816884841246e+05
1.162659397923091310e+05
1.170721032274616882e+05
1.178837867033030052e+05
1.187035874397498555e+05
1.195310322265542927e+05
1.203667152101984248e+05
1.212075158779043850e+05
1.220536965338947775e+05
1.229079110275226412e+05
1.237680204432621103e+05
1.246331238524576765e+05
1.255027179255412775e+05
1.263794244800856977e+05
1.272607084419101157e+05
1.281471997315534973e+05
1.290376473814318306e+05
1.299354293217972736e+05
1.308394297029992886e+05
1.317480298506483086e+05
1.326620147887759667e+05
1.335836227451041341e+05
1.345117332441426115e+05
1.354444685584755207e+05
1.363820969408188248e+05
1.373231735784885241e+05
1.382681411858306092e+05
1.392187197909227980e+05
1.401737959755346528e+05
1.411332640378214128e+05
1.421000196922602481e+05
1.430746832690205483e+05
1.440563981753042026e+05
1.450425973334159935e+05
1.460334063963640074e+05
1.470303981284418260e+05
1.480342399346829334e+05
1.490454424864433240e+05
1.500615719966700126e+05
1.510836489096796140e+05
1.521108701043461333e+05
1.531435705905594223e+05
1.541798253214491415e+05
1.552215144225375552e+05
1.562690560508883500e+05
1.573213290582483460e+05
1.583783137159251492e+05
1.594412026781199093e+05
1.605078640240812092e+05
1.615794518186079804e+05
1.626556227002974192e+05
1.637372126023076125e+05
1.648247556686445023e+05
1.659161943487831159e+05
1.670107188858989102e+05
1.681106974425162771e+05
1.692153243998754187e+05
1.703249931604761223e+05
1.714383049512918515e+05
1.725594472147822089e+05
1.736877429520932783e+05
1.748217934835494088e+05
1.759615986076701665e+05
1.771143262951172655e+05
1.782742429896749381e+05
1.794388957522466662e+05
1.806108191824533860e+05
1.817908533923511859e+05
1.829777712827734067e+05
1.841684795918933814e+05
1.853613286005156988e+05
1.865588819243896287e+05
1.877610419932663790e+05
1.889655628313095658e+05
1.901730386777124950e+05
1.913855908971596800e+05
1.926026975905380968e+05
1.938228654568110942e+05
1.950491423403453664e+05
1.962803976246431703e+05
1.975193676089222135e+05
1.987624286668378045e+05
2.000121959380788612e+05
2.012740195678772288e+05
2.025415420380702708e+05
2.038172245060729620e+05
2.051000055745938444e+05
2.063856263922664220e+05
2.076785546028868412e+05
2.089776101386644295e+05
2.102795014657168067e+05
2.115867351698358834e+05
2.128970100309936679e+05
2.142106887625762902e+05
2.155282641102031048e+05
2.168515335715482361e+05
2.181802334795314819e+05
2.195135585344081046e+05
2.208525624619155424e+05
