3.881026954623273195e+04
3.881476387646756484e+04
3.881896701362049498e+04
3.882285087783883500e+04
3.882639717865658895e+04
3.882965154391798569e+04
3.883261278297004901e+04
3.883524946227333567e+04
3.883758388603114872e+04
3.883962793952356151e+04
3.884143330748801964e+04
3.884298023320559878e+04
3.884418674350056244e+04
3.884507559206924634e+04
3.884570466480308824e+04
3.884610232121533045e+04
3.884622570553281548e+04
3.884610155933204805e+04
3.884576603344266914e+04
3.884507121607417503e+04
3.884418045822271233e+04
3.884311588540813682e+04
3.884180441335029900e+04
3.884022478327289718e+04
3.883847917590536235e+04
3.883651630041107273e+04
3.883434001721821551e+04
3.883191105925400188e+04
3.882930580447921238e+04
3.882655077237670776e+04
3.882370409732825647e+04
3.882060263753838808e+04
3.881723087674979615e+04
3.881370477958199626e+04
3.881008587777295179e+04
3.880629661983891128e+04
3.880231715209222602e+04
3.879810162774379569e+04
3.879375011675504356e+04
3.878914902698867809e+04
3.878448003336676629e+04
3.877960011438209040e+04
3.877455336600558803e+04
3.876940228752535768e+04
3.876413186863136798e+04
3.875891288206730678e+04
3.875354126869446191e+04
3.874811687892516056e+04
3.874259731419573654e+04
3.873699967052557622e+04
3.873135085359640652e+04
3.872575051271855045e+04
3.872001579601790581e+04
3.871436463188508787e+04
3.870853287959740555e+04
3.870253630556420831e+04
3.869641548641519330e+04
3.869019114859466208e+04
3.868383072590183292e+04
3.867750391835462506e+04
3.867110718797687878e+04
3.866480841846575640e+04
3.865848752570717625e+04
3.865213143362060509e+04
3.864566260939610220e+04
3.863917869782121124e+04
3.863280195329208073e+04
3.862636796564118413e+04
3.862002040564174240e+04
3.861367600478414533e+04
3.860735287638010777e+04
3.860118560080818861e+04
3.859512040207203245e+04
3.858904466183370096e+04
3.858293971887643420e+04
3.857681306488825066e+04
3.857079935739675420e+04
3.856479787765298533e+04
3.855882341490127874e+04
3.855287282818739914e+04
3.854676118243281235e+04
3.854047460127121303e+04
3.853427690088099916e+04
3.852800159111580433e+04
3.852165526727292308e+04
3.851519086079846602e+04
3.850875777381346415e+04
3.850236540628048533e+04
3.849607550671527861e+04
3.849002078721542784e+04
3.848415582552910200e+04
3.847851713618494250e+04
3.847262155196446838e+04
3.846660189904097933e+04
3.846071770346190897e+04
3.845499708264169749e+04
3.844936469805772504e+04
3.844373447152256267e+04
3.843812677667506068e+04
3.843257826583049609e+04
3.842712537278838136e+04
3.842187465713926940e+04
3.841655901371430082e+04
3.841111073028411920e+04
3.840567561066395137e+04
3.840047406360672903e+04
3.839549643759216997e+04
3.839056753833711991e+04
3.838549966867496551e+04
3.838048887252393615e+04
3.837564773360414983e+04
3.837089130939000461e+04
3.836615922434478853e+04
3.836147425071364705e+04
3.835690025454795978e+04
3.835223984215606470e+04
3.834775444289592997e+04
3.834344170771237987e+04
3.833920973904140556e+04
3.833486723914450704e+04
3.833050406773202121e+04
3.832622356110387773e+04
3.832193265190217062e+04
3.831763017813000624e+04
3.831334901301423815e+04
3.830916612559914938e+04
3.830523948747709073e+04
3.830129637983155408e+04
3.829745221175310871e+04
3.829357050968931435e+04
3.828981125306242029e+04
3.828611206835962366e+04
3.828235604176429479e+04
3.827860484617983457e+04
3.827471150480763754e+04
3.827085757049926906e+04
3.826715605570456682e+04
3.826358961206013919e+04
3.826007679151257616e+04
3.825647226103105641e+04
3.825280199121442274e+04
3.824919838713671925e+04
3.824572106133745547e+04
3.824223896823759424e+04
3.823893063787643041e+04
3.823587648010729026e+04
3.823290674023806059e+04
3.823010636382149823e+04
3.822726873700004217e+04
3.822447182037700986e+04
3.822154424161872885e+04
3.821891171972543088e+04
3.821630765630595852e+04
3.821357586782039289e+04
3.821078252956826327e+04
3.820778253535534895e+04
3.820454336628351302e+04
3.820141305879167339e+04
3.819836073754384415e+04
3.819556454978515831e+04
3.819257494151748688e+04
3.818945879836395034e+04
3.818623432400089223e+04
3.818299782286542904e+04
3.817997044743096194e+04
3.817720734899953823e+04
3.817461147694158717e+04
3.817200235153860558e+04
3.816950626062627998e+04
3.816708479404832178e+04
3.816458218020656932e+04
3.816220186067635223e+04
3.816000534688291373e+04
3.815813129981645761e+04
3.815638670112263208e+04
3.815482801204614225e+04
3.815347168756334577e+04
3.815196947244208422e+04
3.815037487213456916e+04
3.814896899327406572e+04
3.814763942688874522e+04
3.814628847135747492e+04
3.814482595537620364e+04
3.814348662943617819e+04
3.814201697729834996e+04
3.814042533978512802e+04
3.813898187118682836e+04
3.813737782582978252e+04
3.813574871510238154e+04
3.813394446641145623e+04
3.813199315652504447e+04
3.812984878429132368e+04
3.812768828945588029e+04
3.812549626724619884e+04
3.812308281385874579e+04
3.812026509846461704e+04
3.811698982225415239e+04
3.811372144093951647e+04
3.811071215661623137e+04
3.810756528445774165e+04
3.810423173180284357e+04
3.810100247852996108e+04
3.809791921164542873e+04
3.809496082060515619e+04
3.809195119238085317e+04
3.808876881577150198e+04
3.808524299728935875e+04
3.808158452438726817e+04
3.807782523605493770e+04
3.807393980049715174e+04
3.807008191817008628e+04
3.806623011487854819e+04
3.806215492312322749e+04
3.805758535230802227e+04
3.805284883626302326e+04
3.804802844020541670e+04
3.804321637035929598e+04
3.803843967291951412e+04
3.803330050387034134e+04
3.802783621706656413e+04
3.802201077484904818e+04
3.801572799077546370e+04
3.800897970371921838e+04
3.800224107652257953e+04
3.799518632315946161e+04
3.798798034785946220e+04
3.798050186474085058e+04
3.797268165825198957e+04
3.796432974861242110e+04
3.795560468043275614e+04
3.794690594643619261e+04
3.793818410303397104e+04
3.792913148788755643e+04
3.791977927593044296e+04
3.791038575484005560e+04
3.790045504684466869e+04
3.789000461441600783e+04
3.787888831412005675e+04
3.786721163477793743e+04
3.785494110543055285e+04
3.784221196267555933e+04
3.782922987765515427e+04
3.781558571289006795e+04
3.780161345336415252e+04
3.778750710257765604e+04
3.777287006221378397e+04
3.775761930149779801e+04
3.774186371255107952e+04
3.772554430811831844e+04
3.770881931203561544e+04
3.769189037109263882e+04
3.767462926541311754e+04
3.765697203782020370e+04
3.763862500989817636e+04
3.761965328641066299e+04
3.760008754524592950e+04
3.758003599612844846e+04
3.755958871847640694e+04
3.753872002485104167e+04
3.751718883612460195e+04
3.749496276412304724e+04
3.747225540210619511e+04
3.744895845765585545e+04
3.742491006119053054e+04
3.740048652690172457e+04
3.737585878818261699e+04
3.735064899923066696e+04
3.732508779468882130e+04
3.729910451414495037e+04
3.727273306842271995e+04
3.724600682947799214e+04
3.721868619365981431e+04
3.719100459100140142e+04
3.716293209889141144e+04
3.713450384512269375e+04
3.710566385849154176e+04
3.707634064964792196e+04
3.704625768186676578e+04
3.701574963858330739e+04
3.698477196182025364e+04
3.695332697939703939e+04
3.692161024687276949e+04
3.688948608302544017e+04
3.685680455617784173e+04
3.682365838111459016e+04
3.678993771533829567e+04
3.675569373635418015e+04
3.672083210978816351e+04
3.668545874223668943e+04
3.664983812545512774e+04
3.661380678292947414e+04
3.657727587838540785e+04
3.654024995384160866e+04
3.650263240145667078e+04
3.646459884572898591e+04
3.642634379753929534e+04
3.638794555757101625e+04
3.634938894756711670e+04
3.631023644114323542e+04
3.627051965175090299e+04
3.623048501256247255e+04
3.619036050371979945e+04
3.615019209840902477e+04
3.610982994928358676e+04
3.606927059355130041e+04
3.602844891368387471e+04
3.598716883199871518e+04
3.594583332293803687e+04
3.590414721706461569e+04
3.586223107216325297e+04
3.582000249861807970e+04
3.577763137000227289e+04
3.573521862548710487e+04
3.569285206244167784e+04
3.564996882867291424e+04
3.560678966269063676e+04
3.556329991005099873e+04
3.551978050840021751e+04
3.547606112826166645e+04
3.543194860350726231e+04
3.538740179723843175e+04
3.534260659007428330e+04
3.529763065957546496e+04
3.525242439417701098e+04
3.520670452268010558e+04
3.516114793460054352e+04
3.511564733805211290e+04
3.507015752219301066e+04
3.502472637864752323e+04
3.497925692397902458e+04
3.493376169237893191e+04
3.488836441091205779e+04
3.484326127962832106e+04
3.479800567251717439e+04
3.475259009458283981e+04
3.470711696278730233e+04
3.466128025208117469e+04
3.461500740325071820e+04
3.456850701297213527e+04
3.452185127125369763e+04
3.447518223550541734e+04
3.442852835055736068e+04
3.438188010651168588e+04
3.433534799866260437e+04
3.428875853377216117e+04
3.424174990214923309e+04
3.419445000371384958e+04
3.414715979742844502e+04
3.410001080354595615e+04
3.405288081351705478e+04
3.400568742211206700e+04
3.395889597336783481e+04
3.391198067833620007e+04
3.386464361279171862e+04
3.381694872720866988e+04
3.376925070890833740e+04
3.372151307542683935e+04
3.367383279019199836e+04
3.362644184286257223e+04
3.357892123442779121e+04
3.353108560027022031e+04
3.348283848015971307e+04
3.343433723646100407e+04
3.338533870878079324e+04
3.333628957249083760e+04
3.328721281051618280e+04
3.323807419817167101e+04
3.318875579743468552e+04
3.313961485531447397e+04
3.309032129147620435e+04
3.304087187509814248e+04
3.299111837530382763e+04
3.294116377237324923e+04
3.289110861002912861e+04
3.284088667245033139e+04
3.279055891672685539e+04
3.274006228479537094e+04
3.268924058648627397e+04
3.263811940458458776e+04
3.258671858424049424e+04
3.253524951445066108e+04
3.248363269402708465e+04
3.243154494380878896e+04
3.237868720020552428e+04
3.232530549560699001e+04
3.227163363996848420e+04
3.221764698108271841e+04
3.216336453848310703e+04
3.210883871988527608e+04
3.205419296892406419e+04
3.199940873696744165e+04
3.194420059627530645e+04
3.188839372986236413e+04
3.183231074714955321e+04
3.177613565493661736e+04
3.171949710803160633e+04
3.166261232336956891e+04
3.160557187668651386e+04
3.154852443608064641e+04
3.149135656946938980e+04
3.143405948922994139e+04
3.137661753422224865e+04
3.131876291954525732e+04
3.126027405977239687e+04
3.120126899691836661e+04
3.114175134895466181e+04
3.108185046276076173e+04
3.102151364763969468e+04
3.096078182847917560e+04
3.089953337416131035e+04
3.083803993312498642e+04
3.077592176364238549e+04
3.071350457223281046e+04
3.065092582722142834e+04
3.058811150252820880e+04
3.052492968919360283e+04
3.046133297825944828e+04
3.039736859629848186e+04
3.033306147928738210e+04
3.026853561996853750e+04
3.020337092724985268e+04
3.013835340279752563e+04
3.007318650015966341e+04
3.000771663785862256e+04
2.994196558007352724e+04
2.987581993481061363e+04
2.980924726422324602e+04
2.974185758024676761e+04
2.967412305358722006e+04
2.960590358976372954e+04
2.953742761389153748e+04
2.946863658104209389e+04
2.939925967029244566e+04
2.932951151951438442e+04
2.925938840194128716e+04
2.918885844325942890e+04
2.911784965434282640e+04
2.904662170838041129e+04
2.897520424380548866e+04
2.890369010300430818e+04
2.883196880032933404e+04
2.875971335533907768e+04
2.868705332199920667e+04
2.861401888537258492e+04
2.854057097852278821e+04
2.846670810813549542e+04
2.839243867012849296e+04
2.831836337187823665e+04
2.824417931474496436e+04
2.816967459265644356e+04
2.809492498242099828e+04
2.801991201253954205e+04
2.794459132095493260e+04
2.786886846938498638e+04
2.779258848261930689e+04
2.771604020129323908e+04
2.763919686740676116e+04
2.756210966078156343e+04
2.748458840984868584e+04
2.740686621022584586e+04
2.732868580659317740e+04
2.725008668584450425e+04
2.717126507842273713e+04
2.709209724292568717e+04
2.701236376241040853e+04
2.693263018003398611e+04
2.685277177078948807e+04
2.677287665533540348e+04
2.669299705523539888e+04
2.661286628958491929e+04
2.653216625785189899e+04
2.645145358588133240e+04
2.637044656559029681e+04
2.628876569867993385e+04
2.620674915866626179e+04
2.612455056841978512e+04
2.604210265633091331e+04
2.595927683523141241e+04
2.587656036125446553e+04
2.579373652432610106e+04
2.571072623931719863e+04
2.562776147271125592e+04
2.554482671328139259e+04
2.546159694265402504e+04
2.537811470549073420e+04
2.529448265748569247e+04
2.521053186519347946e+04
2.512632443709287327e+04
2.504205614049590804e+04
2.495764240216343751e+04
2.487316999150627817e+04
2.478829695769024693e+04
2.470315234680179128e+04
2.461773139763511062e+04
2.453183882868081491e+04
2.444557357745851914e+04
2.435890699939905971e+04
2.427170016274459704e+04
2.418431080962011401e+04
2.409704710507723212e+04
2.400973143973789411e+04
2.392235779193668350e+04
2.383465456244644156e+04
2.374643868076691433e+04
2.365826630805347304e+04
2.356994436635460443e+04
2.348184028108036000e+04
2.339356006239652925e+04
2.330512862332684017e+04
2.321626321124120295e+04
2.312724187429125595e+04
2.303832900435371266e+04
2.294929268010050146e+04
2.286044350378117451e+04
2.277163003867333828e+04
2.268288654514733207e+04
2.259391526072248234e+04
2.250473220047521318e+04
2.241532085261979228e+04
2.232561977940630459e+04
2.223612107460788684e+04
2.214620553696635398e+04
2.205601271509322032e+04
2.196574279323778319e+04
2.187548154284342309e+04
2.178506644128283369e+04
2.169441931139829830e+04
2.160354290179972304e+04
2.151272010163668892e+04
2.142168504706884778e+04
2.133046417893965918e+04
2.123886458768494413e+04
2.114698548037865112e+04
2.105505966940816143e+04
2.096324183305643237e+04
2.087104983598273247e+04
2.077833398106433015e+04
2.068531876239323537e+04
2.059218071757517100e+04
2.049896673177826233e+04
2.040553593069153067e+04
2.031178086673124199e+04
2.021792877935841170e+04
2.012399262486146472e+04
2.003010955078586630e+04
1.993621365526142108e+04
1.984216950022214587e+04
1.974784713199539692e+04
1.965344599792748704e+04
1.955883720281168644e+04
1.946418231601532170e+04
1.936926038710896682e+04
1.927400356386851490e+04
1.917856094555608797e+04
1.908284267294717210e+04
1.898712898731233508e+04
1.889120099368646333e+04
1.879511606524404488e+04
1.869890602102566845e+04
1.860251812932587200e+04
1.850596995467573652e+04
1.840955291298469820e+04
1.831264449655278440e+04
1.821522657853624696e+04
1.811754982079841284e+04
1.802003303538651380e+04
1.792206435730303929e+04
1.782393317845276761e+04
1.772589245523745922e+04
1.762800883316491672e+04
1.752998273835180589e+04
1.743164046722437706e+04
1.733296467027628023e+04
1.723398580031530582e+04
1.713459583366107836e+04
1.703484737119624333e+04
1.693488019898299171e+04
1.683464892414005953e+04
1.673435592762417946e+04
1.663437517264468988e+04
1.653424138259428946e+04
1.643416629358946739e+04
1.633404389564221674e+04
1.623389880834332143e+04
1.613353387497436597e+04
1.603303896682148479e+04
1.593200748637989818e+04
1.583091786753541419e+04
1.572989108466085236e+04
1.562884019474580782e+04
1.552758246760035581e+04
1.542645822312758537e+04
1.532487100336463664e+04
1.522305831619099445e+04
1.512059357463528795e+04
1.501755991154563708e+04
1.491393543899933138e+04
1.481031795449430138e+04
1.470644454350640990e+04
1.460258286011411110e+04
1.449875065044783332e+04
1.439493803561222376e+04
1.429090704518094935e+04
1.418673761660720993e+04
1.408253768300082629e+04
1.397839255453879923e+04
1.387397324940930412e+04
1.376955263514769285e+04
1.366508463131866301e+04
1.356079421585803902e+04
1.345640814528594638e+04
1.335186196789626592e+04
1.324734532242971545e+04
1.314260318278113482e+04
1.303762221988922829e+04
1.293266935961107993e+04
1.282782798995622215e+04
1.272277118759556470e+04
1.261756455950003146e+04
1.251210682962867031e+04
1.240648703920831940e+04
1.230071344028624662e+04
1.219484695796993401e+04
1.208923311717418073e+04
1.198385550023623000e+04
1.187875581800911823e+04
1.177350290166965715e+04
1.166825870242447309e+04
1.156300074220155693e+04
1.145746878414875391e+04
1.135154157147303158e+04
1.124528606508061785e+04
1.113910979818092892e+04
1.103305635589381927e+04
1.092688067285036595e+04
1.082045558217458165e+04
1.071390609204183420e+04
1.060743497782003396e+04
1.050092491852178682e+04
1.039410477751869621e+04
1.028731014296961803e+04
1.018036715029163679e+04
1.007378582898941750e+04
9.967376809029527067e+03
9.861174200596258743e+03
9.755200286593137207e+03
9.649195000729254389e+03
9.542991619396765600e+03
9.436786958993405278e+03
9.330776406199829580e+03
9.224840123854603007e+03
9.118861145325379766e+03
9.013047590265428880e+03
8.907189415278155138e+03
8.801280398154085560e+03
8.695194251896849892e+03
8.589184842194617886e+03
8.483476928545642295e+03
8.378151927926815915e+03
8.273303069346813572e+03
8.168498892443296427e+03
8.063770895099633890e+03
7.959008643497921184e+03
7.854250041429301746e+03
7.749516697666085747e+03
7.644674581692435822e+03
7.539825175381200097e+03
7.435172510782131212e+03
7.330789928316290570e+03
7.226547533062297589e+03
7.122296406149529503e+03
7.017955449134286027e+03
6.913358075980746435e+03
6.808677980894649409e+03
6.703791217731592951e+03
6.599146180364510656e+03
6.494457246839265281e+03
6.389725478066833602e+03
6.285140807757486982e+03
6.180547577819614162e+03
6.075996916325177153e+03
5.971568964791023973e+03
5.867110261791740413e+03
5.762892747977326508e+03
5.659005311338471074e+03
5.555253713963730661e+03
5.451502093457809679e+03
5.347659450275764357e+03
5.243916242122872973e+03
5.139996536618316895e+03
5.036370812572828072e+03
4.932987377290094628e+03
4.829845585451020270e+03
4.726727320997295465e+03
4.623785522620078154e+03
4.521012678419190706e+03
4.418497066384846221e+03
4.316103525583098417e+03
4.213789058580689925e+03
4.111495506886722069e+03
4.008977138331125389e+03
3.906687410064680989e+03
3.804491309097661997e+03
3.702517390276760580e+03
3.600427972354204940e+03
3.498246678785359109e+03
3.396173223815679194e+03
3.294081468637542457e+03
3.191943486209971979e+03
3.089835905682865359e+03
2.987722837367916327e+03
2.885729736591483743e+03
2.783792698439520336e+03
2.681814649635734895e+03
2.579888257915435133e+03
2.478172457521206070e+03
2.376482219632840497e+03
2.274614538183635887e+03
2.172621902775803392e+03
2.070788872004344739e+03
1.969160970031853367e+03
1.867869033194728217e+03
1.766841219806379286e+03
1.666120422009834328e+03
1.565484639384616912e+03
1.464853431638518487e+03
1.364176552769443560e+03
1.263329511866743815e+03
1.162707558776279939e+03
1.062189596822004432e+03
9.618350979689248561e+02
8.616132867194353366e+02
7.614042060620176926e+02
6.614297120879464273e+02
5.616309537939746406e+02
4.621638394612116372e+02
3.630436791319327767e+02
2.640593511783342819e+02
1.651127043871858859e+02
6.616580147336662776e+01
-3.261649950656192232e+01
-1.313130718179604628e+02
-2.298640975374253230e+02
-3.282987920805674094e+02
-4.263041673655238810e+02
-5.243354905565015542e+02
-6.224187118500431097e+02
-7.203869471075413458e+02
-8.182758720280962734e+02
-9.159355357348736106e+02
-1.013456967094442234e+03
-1.110532382868185550e+03
-1.207550957129177959e+03
-1.304455852856505317e+03
-1.401302071119872835e+03
-1.498304026993000662e+03
-1.595093445270965503e+03
-1.691656025605954710e+03
-1.787919464710271541e+03
-1.884068893024250883e+03
-1.980169903230106684e+03
-2.075878995810113793e+03
-2.171594789628873968e+03
-2.267176774177246443e+03
-2.362491925892427844e+03
-2.457602555940497950e+03
-2.552556613263266172e+03
-2.647219129689138754e+03
-2.741758846472486766e+03
-2.836181177460988692e+03
-2.930418324692930128e+03
-3.024633778705781424e+03
-3.118561907779521789e+03
-3.212269799582769792e+03
-3.305873211395177350e+03
-3.399016119100947435e+03
-3.491798628835775162e+03
-3.584295845358343286e+03
-3.676570507253585674e+03
-3.768469448780660059e+03
-3.860075353977264513e+03
-3.951447646629236260e+03
-4.042430807972867569e+03
-4.133112130350225016e+03
-4.223526341366911765e+03
-4.313468752572031008e+03
-4.402962256218677794e+03
-4.492023444143483175e+03
-4.580691241264469681e+03
-4.669076750303855988e+03
-4.757173195013619988e+03
-4.844884351374107609e+03
-4.932139810873950410e+03
-5.019023481942476792e+03
-5.105695428986743536e+03
-5.192099283361071684e+03
-5.278220602645839790e+03
-5.363808078791059415e+03
-5.449069246782662958e+03
-5.534063135971335214e+03
-5.618724339535925537e+03
-5.702835847523274424e+03
-5.786512472661954234e+03
-5.869915507545301807e+03
-5.952756876368050143e+03
-6.035258888143281183e+03
-6.117572611141612470e+03
-6.199737574140651304e+03
-6.281557835970108499e+03
-6.363070355566678700e+03
-6.443959246107759100e+03
-6.524435768370096412e+03
-6.604540178643810577e+03
-6.684001617172933038e+03
-6.762879443173749678e+03
-6.841348311080102576e+03
-6.919413031223657526e+03
-6.997101893944877702e+03
-7.074279116930682903e+03
-7.151148291560593862e+03
-7.227860967604276993e+03
-7.303998159897263577e+03
-7.379834304270193570e+03
-7.455359894629293194e+03
-7.530481778302818384e+03
-7.605161258361703403e+03
-7.679497553519056055e+03
-7.753259405250665623e+03
-7.826416034267293981e+03
-7.899213808275906558e+03
-7.971580221478569001e+03
-8.043476992245540714e+03
-8.115090490135316031e+03
-8.186513347139461985e+03
-8.257669893988633703e+03
-8.328275244180968002e+03
-8.398222521434434384e+03
-8.467436055317804858e+03
-8.536257751918737995e+03
-8.604815500990682267e+03
-8.673063868596600514e+03
-8.740767228456352314e+03
-8.807938295914045739e+03
-8.874708891466032583e+03
-8.941140578425482090e+03
-9.007157403635001174e+03
-9.072696555290631295e+03
-9.137721033289126353e+03
-9.202327819225893109e+03
-9.266378149699301503e+03
-9.330110330731809881e+03
-9.393320388176105553e+03
-9.456189250175231791e+03
-9.518695945240258879e+03
-9.580651776711732964e+03
-9.642189212868703180e+03
-9.703264015828304764e+03
-9.763890802821983016e+03
-9.823999047956163849e+03
-9.883595290538802146e+03
-9.942760285402828231e+03
-1.000155443327004105e+04
-1.005995117233447309e+04
-1.011789661295981750e+04
-1.017546381378263141e+04
-1.023255980694987920e+04
-1.028937590514449766e+04
-1.034593184324590948e+04
-1.040173807856334133e+04
-1.045703064844745131e+04
-1.051189626888793100e+04
-1.056608719953952277e+04
-1.061973954894972485e+04
-1.067291272112282059e+04
-1.072559514199213663e+04
-1.077767852172052335e+04
-1.082908390638596029e+04
-1.087993697923130276e+04
-1.093026182946493645e+04
-1.098000550291472246e+04
-1.102929993233451387e+04
-1.107814195850195210e+04
-1.112650686021107140e+04
-1.117427483239214780e+04
-1.122165786835219842e+04
-1.126848955039249086e+04
-1.131485571565950886e+04
-1.136058865194076134e+04
-1.140577949496244582e+04
-1.145036712750982770e+04
-1.149430481155085363e+04
-1.153746182749984473e+04
-1.157991289674036852e+04
-1.162193963207906017e+04
-1.166362739729755958e+04
-1.170490192757360455e+04
-1.174567086728432150e+04
-1.178578722004438896e+04
-1.182514833244077818e+04
-1.186383022509761577e+04
-1.190189500082102677e+04
-1.193934032297894919e+04
-1.197625357395343599e+04
-1.201260932677464552e+04
-1.204820133250553772e+04
-1.208319524808274946e+04
-1.211748378969037367e+04
-1.215110647339958450e+04
-1.218415842407963282e+04
-1.221656383042959351e+04
-1.224827366386125868e+04
-1.227948991053260943e+04
-1.231009915099168393e+04
-1.234013514525944083e+04
-1.236959530797612206e+04
-1.239848335192627201e+04
-1.242686168247205933e+04
-1.245465483548370321e+04
-1.248167920429140031e+04
-1.250803921593537780e+04
-1.253384512008924139e+04
-1.255898776792946228e+04
-1.258331135457857454e+04
-1.260707338252200680e+04
-1.263012296182393766e+04
-1.265262743407970083e+04
-1.267465408585300429e+04
-1.269605928349809801e+04
-1.271691184767810773e+04
-1.273715362507726786e+04
-1.275683998892814998e+04
-1.277584462763063675e+04
-1.279417405732155748e+04
-1.281182219399889254e+04
-1.282894638513440077e+04
-1.284556874471845731e+04
-1.286170478918270055e+04
-1.287714899004058498e+04
-1.289199292929423245e+04
-1.290618150398599028e+04
-1.291970107475114673e+04
-1.293268226255616719e+04
-1.294522019628492671e+04
-1.295721592034073001e+04
-1.296875099507075174e+04
-1.297959590163527901e+04
-1.298987597143244056e+04
-1.299967110971775037e+04
-1.300884750677154079e+04
-1.301739357667242439e+04
-1.302546863502574524e+04
-1.303309339164970515e+04
-1.304016842737704246e+04
-1.304678958223536029e+04
-1.305283838098508204e+04
-1.305845906098149680e+04
-1.306368055707159147e+04
-1.306851087072885457e+04
-1.307281670107695754e+04
-1.307651882995559390e+04
-1.307991563250799300e+04
-1.308305293439985144e+04
-1.308583590621849544e+04
-1.308821636490917626e+04
-1.309020111895000082e+04
-1.309185526595591909e+04
-1.309310370890839295e+04
-1.309395732392396349e+04
-1.309447089584175228e+04
-1.309464684554192172e+04
-1.309435425182843392e+04
-1.309376462342171726e+04
-1.309284972576197652e+04
-1.309162480907116696e+04
-1.309008172617029231e+04
-1.308820439021412494e+04
-1.308600549534824859e+04
-1.308349258642408313e+04
-1.308073156883744741e+04
-1.307770914112917853e+04
-1.307449985282482885e+04
-1.307105478208736895e+04
-1.306727977485366864e+04
-1.306320967842969367e+04
-1.305880784462781776e+04
-1.305409211261824385e+04
-1.304910179622869691e+04
-1.304387834115415899e+04
-1.303839495135119978e+04
-1.303272495194684961e+04
-1.302682465979667722e+04
-1.302064317889524864e+04
-1.301428360210359824e+04
-1.300770118148065194e+04
-1.300088552306633574e+04
-1.299381818654842209e+04
-1.298658469438418433e+04
-1.297915353767173838e+04
-1.297144308261867263e+04
-1.296351367475827828e+04
