1.757535677558171528e+03
1.757820291973571784e+03
1.757974661999095133e+03
1.758024085533883863e+03
1.758053202188149726e+03
1.757964788683605548e+03
1.757748571787685250e+03
1.757493559393219130e+03
1.757264555634318640e+03
1.756928664918685627e+03
1.756477710761986600e+03
1.755900575565872259e+03
1.755196701771928019e+03
1.754392621089964450e+03
1.753555303919411017e+03
1.752691630407637831e+03
1.751708627943760348e+03
1.750599882947139122e+03
1.749377199784762070e+03
1.748043442318865573e+03
1.746624096554984817e+03
1.745215770311221604e+03
1.743946480123273432e+03
1.742562813777348765e+03
1.741064691253038745e+03
1.739453951909530588e+03
1.737835408965558145e+03
1.736233846739571618e+03
1.734662052574033623e+03
1.733014779130679926e+03
1.731441877933442584e+03
1.729791524455476520e+03
1.728204230352527475e+03
1.726653270374881231e+03
1.725136814972840966e+03
1.723696322071402847e+03
1.722245445020711031e+03
1.720723767131320756e+03
1.719312728104661346e+03
1.717925493306486487e+03
1.716560254464780883e+03
1.715218869370737139e+03
1.713812372209748219e+03
1.712457763675263777e+03
1.710994109856799241e+03
1.709500606695286024e+03
1.708101692803427795e+03
1.706679556434755796e+03
1.705201511771606874e+03
1.703805819030827479e+03
1.702456112708319324e+03
1.701113355094212238e+03
1.699764061927503008e+03
1.698542036722365765e+03
1.697318959842471941e+03
1.696217454583543031e+03
1.695075024780978083e+03
1.693885111580507782e+03
1.692631284201471317e+03
1.691657856695626833e+03
1.690809192225488459e+03
1.689985985794719454e+03
1.689148532151934887e+03
1.688318058708746321e+03
1.687448682218844851e+03
1.686506478316729954e+03
1.685647254901560700e+03
1.684779849292724748e+03
1.684009024715467149e+03
1.683405702537778097e+03
1.682834064761653508e+03
1.682301991233919352e+03
1.681779343933437758e+03
1.681206601318876437e+03
1.680704964423503952e+03
1.680444108547805627e+03
1.680269399375925104e+03
1.680078243597501114e+03
1.679855012965946116e+03
1.679563912072927451e+03
1.679340460901536972e+03
1.679170880932927048e+03
1.678978682067807085e+03
1.678769955922522740e+03
1.678602485238239069e+03
1.678433141689599552e+03
1.678300934977486577e+03
1.678235815155036562e+03
1.678248116818999733e+03
1.678341947016916038e+03
1.678653309774802892e+03
1.679119802901538833e+03
1.679755114556003491e+03
1.680629604692057455e+03
1.681826734347903539e+03
1.683085586949354820e+03
1.684395066193992761e+03
1.686015261922442278e+03
1.687854512416484340e+03
1.689796730620303606e+03
1.691919848096677015e+03
1.694120542629943884e+03
1.696472809787514961e+03
1.699044690368300508e+03
1.701648440385546110e+03
1.704467857667353428e+03
1.707476030585857188e+03
1.710496529972659800e+03
1.713682005015643199e+03
1.716948903778413978e+03
1.720389981411345389e+03
1.723930072747597023e+03
1.727668853262471202e+03
1.731511812313402515e+03
1.735396131161976882e+03
1.739305867746620379e+03
1.743331528876419270e+03
1.747379859569013888e+03
1.751685610190404986e+03
1.756117292358908571e+03
1.760800217146901559e+03
1.765606032619408325e+03
1.770497619216722796e+03
1.775695551974621139e+03
1.780956593959942438e+03
1.786350827934362769e+03
1.792118869100050233e+03
1.798024449919177641e+03
1.804040368795899212e+03
1.810215472251992196e+03
1.816553375227497327e+03
1.823014146686066852e+03
1.829564975242381934e+03
1.836178336967232099e+03
1.842922594710024896e+03
1.849928492547956921e+03
1.856963670501452270e+03
1.864034887781297130e+03
1.871265403091960934e+03
1.878498739766718927e+03
1.885703690500254652e+03
1.892927861658494521e+03
1.900305679653482457e+03
1.908014669431036054e+03
1.915945957539408028e+03
1.923839395428019998e+03
1.931728137264650286e+03
1.939642389734054859e+03
1.947713522548255696e+03
1.956037952766067747e+03
1.964546217837384120e+03
1.973124230074276511e+03
1.981895513984367199e+03
1.990777684210218922e+03
2.000042037719164682e+03
2.009528546705203553e+03
2.019278721505919293e+03
2.029098758721082504e+03
2.038848554982115502e+03
2.048629924395716444e+03
2.058648874011826592e+03
2.068623834826377788e+03
2.078611298168390022e+03
2.088744331688480088e+03
2.098966931016473154e+03
2.109136918418674213e+03
2.119434395992579084e+03
2.129966009048593151e+03
2.140835738659497110e+03
2.151814272183777575e+03
2.162693508347105762e+03
2.173592543588322314e+03
2.184584772653356140e+03
2.195529437754272294e+03
2.206493388870798299e+03
2.217459235830655416e+03
2.228331776664701010e+03
2.239251390821044424e+03
2.250339475082666468e+03
2.261446292092397016e+03
2.272658550122899214e+03
2.283958149562132803e+03
2.295207096952764459e+03
2.306413074014892118e+03
2.317588432182935321e+03
2.328756053844155304e+03
2.339918348580481506e+03
2.351031172586598586e+03
2.362006091512709645e+03
2.372895802385258321e+03
2.383749422907609187e+03
2.394521533424468544e+03
2.405217085407519789e+03
2.415805062836458092e+03
2.426243615327597126e+03
2.436530905480114598e+03
2.446765048594736072e+03
2.457032769141492281e+03
2.467375591620629166e+03
2.477570059824869077e+03
2.487603408900197792e+03
2.497473515058146404e+03
2.507233961240924145e+03
2.516877345149066514e+03
2.526352348353521847e+03
2.535670581969431623e+03
2.544978504811357197e+03
2.554248552882391323e+03
2.563426514286158636e+03
2.572453627767543367e+03
2.581412890131441145e+03
2.590246286469590814e+03
2.599022867360665714e+03
2.607800234888135947e+03
2.616431009014652773e+03
2.624861838212757903e+03
2.633144406820682434e+03
2.641305100982721797e+03
2.649328999209415088e+03
2.657142994873515818e+03
2.664750509755497660e+03
2.672138444866538521e+03
2.679303633549948245e+03
2.686242983907172402e+03
2.692953488842138540e+03
2.699432235281087742e+03
2.705676412514196727e+03
2.711683319618295172e+03
2.717450371932859525e+03
2.722975106574079291e+03
2.728255186983892145e+03
2.733288406522333389e+03
2.738072691122186370e+03
2.742606101034622043e+03
2.746886831703197004e+03
2.751001438195672108e+03
2.754878086575549787e+03
2.758497320795632277e+03
2.761857803268365387e+03
2.764958329351499742e+03
2.767797825666234075e+03
2.770401360930854025e+03
2.772822283824165424e+03
2.774979631089394388e+03
2.776872758305202751e+03
2.778501140196685810e+03
2.779864367892099835e+03
2.780962145822152706e+03
2.781794288287409927e+03
2.782360715721121778e+03
2.782661450676851018e+03
2.782696613572519709e+03
2.782466418224927111e+03
2.781971167211350348e+03
2.781211247097364776e+03
2.780267062554506083e+03
2.779085432316906008e+03
2.777640624077252141e+03
2.775933244357282092e+03
2.773963963894138033e+03
2.771733514563768949e+03
2.769242686405068525e+03
2.766492324772163556e+03
2.763483327642971744e+03
2.760297051004388777e+03
2.756879831393656787e+03
2.753206837992207056e+03
2.749279089380225741e+03
2.745097651188640157e+03
2.740663636463269540e+03
2.735978206262672302e+03
2.731110242876016855e+03
2.726031827889508804e+03
2.720705662241516620e+03
2.715133041800917454e+03
2.709315320915937264e+03
2.703253915692203009e+03
2.696950307290214823e+03
2.690500093026088962e+03
2.683822942555530062e+03
2.676908322065090488e+03
2.669769617838423528e+03
2.662398292977247365e+03
2.654794876495141125e+03
2.646961340741322601e+03
2.638899752904650086e+03
2.630612277299756897e+03
2.622101177009939420e+03
2.613461327631559925e+03
2.604616312052763988e+03
2.595554927548771502e+03
2.586279767496914246e+03
2.576825602216568313e+03
2.567343465822750659e+03
2.557720850574461565e+03
2.548035579058592248e+03
2.538263792724261293e+03
2.528294873257214022e+03
2.518151521800392402e+03
2.507933448557974771e+03
2.497787084054807565e+03
2.487560146964343403e+03
2.477195283343028677e+03
2.466747539319864700e+03
2.456132771170769047e+03
2.445414881850862002e+03
2.434564009848766545e+03
2.423634606730880932e+03
2.412561068287619491e+03
2.401328305911195457e+03
2.390117116786906081e+03
2.379103625617016405e+03
2.368051840139140040e+03
2.356945678186526493e+03
2.345819410392626196e+03
2.334617560874751689e+03
2.323539244655000402e+03
2.312658246066539505e+03
2.301781373149520732e+03
2.290847307110785096e+03
2.279853634298940960e+03
2.268867183164139988e+03
2.257803543717407592e+03
2.246628233647420529e+03
2.235344702744402639e+03
2.224115594534801403e+03
2.212944804391448088e+03
2.201814311586674648e+03
2.190845541516614048e+03
2.179935410186446006e+03
2.169145888060804282e+03
2.158369661818002442e+03
2.147608301158146332e+03
2.136904680322183594e+03
2.126209225655434238e+03
2.115527629953390260e+03
2.105030260305798038e+03
2.094478214848824791e+03
2.083864189555600205e+03
2.073231225928545882e+03
2.062803421513740432e+03
2.052447981868240277e+03
2.042053139659566341e+03
2.031719150944136572e+03
2.021473514441691350e+03
2.011426156149784219e+03
2.001388949227343574e+03
1.991318600146371409e+03
1.981223595119659421e+03
1.971291965223854277e+03
1.961573883858008230e+03
1.952113816545735290e+03
1.942836213919750207e+03
1.933745193326351909e+03
1.924748039716515905e+03
1.915848164001098439e+03
1.907018148848070268e+03
1.898219923963474230e+03
1.889601034517791277e+03
1.881082364252597472e+03
1.872786364578328175e+03
1.864854425967096176e+03
1.857050921030913742e+03
1.849290958394848758e+03
1.841556190475144376e+03
1.834197101263474906e+03
1.827040216360234808e+03
1.819998024677210196e+03
1.813075606995258568e+03
1.806238302588051738e+03
1.799674624381921603e+03
1.793402287470126794e+03
1.787464390600620618e+03
1.781714542836967212e+03
1.776166333396434311e+03
1.770674918302207516e+03
1.765403083024016496e+03
1.760474157353886540e+03
1.755667904062836442e+03
1.751092226890247503e+03
1.746564857304252655e+03
1.742043729357158099e+03
1.737566845081196334e+03
1.733266587613725278e+03
1.728977530003829997e+03
1.724781071122626599e+03
1.720788366837687363e+03
1.716993903204509706e+03
1.713245688550451632e+03
1.709618909278759475e+03
1.706319744121892654e+03
1.703104869674036763e+03
1.699957988058350111e+03
1.696886713082630195e+03
1.694040270684088000e+03
1.691508841880206319e+03
1.689066567099508120e+03
1.686700323798955424e+03
1.684323564373191857e+03
1.681943277005948175e+03
1.679685404985541709e+03
1.677431903630043962e+03
1.675382913102826478e+03
1.673397339544586657e+03
1.671546855215135110e+03
1.669824776903715247e+03
1.668098437738246957e+03
1.666594228360492252e+03
1.665282388214890489e+03
1.663931169996920744e+03
1.662723973018220931e+03
1.661768401406463909e+03
1.660932334466007887e+03
1.660057999578204544e+03
1.659276627722521425e+03
1.658622584502567406e+03
1.658145164904581407e+03
1.657899016952703050e+03
1.657745300369031156e+03
1.657796660668978348e+03
1.658056742854372260e+03
1.658254812200067363e+03
1.658379695663600614e+03
1.658629768398030137e+03
1.658939885586084301e+03
1.659264850196004772e+03
1.659627077950387502e+03
1.660051656140871955e+03
1.660508291218122849e+03
1.661128267467895284e+03
1.661896749328646138e+03
1.662854034701102591e+03
1.663796895000966515e+03
1.664878154525087211e+03
1.666202157792632079e+03
1.667561996696449114e+03
1.668973232021788590e+03
1.670398588102091480e+03
1.671925035612268402e+03
1.673488495035809819e+03
1.674992037867041972e+03
1.676648532433414630e+03
1.678261772872383290e+03
1.679823809667049545e+03
1.681414282621044549e+03
1.683015099320279660e+03
1.684585824022293309e+03
1.686127834222789261e+03
1.687578141989665710e+03
1.689065152848493199e+03
1.690636494367842261e+03
1.692148811492957520e+03
1.693618984464244704e+03
1.694983826549471587e+03
1.696349621900948023e+03
1.697621281247473689e+03
1.698786631899345593e+03
1.699887601282323203e+03
1.700946274846306778e+03
1.701898392635565642e+03
1.702746475629258157e+03
1.703596869280392184e+03
1.704476738847214619e+03
1.705253634518959643e+03
1.706015555020686861e+03
1.706684427982872421e+03
1.707412927707784547e+03
1.708271644548379072e+03
1.709041317533620486e+03
1.709745398791062826e+03
1.710595437511564114e+03
1.711381163922041878e+03
1.712208004035994463e+03
1.713199629665366047e+03
1.714226832877102879e+03
1.715137847254562303e+03
1.715944276891123764e+03
1.716749356756306952e+03
1.717474860949570484e+03
1.718283475163280855e+03
1.719012139201261562e+03
1.719615281673267191e+03
1.720100111593389101e+03
1.720507172820086907e+03
1.720841942116736391e+03
1.721128194250835804e+03
1.721407753900668240e+03
1.721579587541319370e+03
1.721694775733509005e+03
1.721757280091282837e+03
1.721820294994765845e+03
1.721770239016992491e+03
1.721675216656836710e+03
1.721447630182667126e+03
1.721169482457290997e+03
1.720875425298561368e+03
1.720454939142286094e+03
1.719957911173382172e+03
1.719394483611343503e+03
1.718872623674580154e+03
1.718339049462098956e+03
1.717661443731982672e+03
1.716836374291909806e+03
1.716016323086419789e+03
1.715192030550723302e+03
1.714246345766125160e+03
1.713209730891674781e+03
1.712154034337153462e+03
1.711146208889895661e+03
1.710096628841486108e+03
1.708956793527169339e+03
1.707667105140683589e+03
1.706227929854596368e+03
1.704736621882509098e+03
1.703125024067069262e+03
1.701373064925184735e+03
1.699474276444329917e+03
1.697471608078339386e+03
1.695441398498700437e+03
1.693320808004061291e+03
1.691069195516028458e+03
1.688753226581552553e+03
1.686444768069120528e+03
1.684062913176039501e+03
1.681614948637478847e+03
1.679237564306745753e+03
1.676854655322535791e+03
1.674411019524773337e+03
1.671908064436473978e+03
1.669287565989387531e+03
1.666590206449412108e+03
1.663902565846412699e+03
1.661163495523920119e+03
1.658325605240273035e+03
1.655387002289831798e+03
1.652357479982803852e+03
1.649213129931287085e+03
1.645978536859633550e+03
1.642669937476579889e+03
1.639434736128783470e+03
1.636243639549653381e+03
1.633033416350584503e+03
1.629901490824254324e+03
1.626753032970369077e+03
1.623509847846649564e+03
1.620254073012597928e+03
1.616963397330356202e+03
1.613582477029512120e+03
1.610133385496264737e+03
1.606703015212773835e+03
1.603217936129049122e+03
1.599749525388099983e+03
1.596234831385497273e+03
1.592667468404575629e+03
1.589063731357025063e+03
1.585480012993463561e+03
1.581828534592234519e+03
1.578146892388694141e+03
1.574566001950615373e+03
1.570980960533564030e+03
1.567345707133735459e+03
1.563650657831083208e+03
1.559910886867360432e+03
1.556136330149098967e+03
1.552387536947753688e+03
1.548610268988300732e+03
1.544871114067483177e+03
1.541090106494573092e+03
1.537276950897460893e+03
1.533451304523084218e+03
1.529673567187859362e+03
1.525854321086748996e+03
1.522077511055848163e+03
1.518366731837234965e+03
1.514866072697084292e+03
1.511444399811751737e+03
1.507979185657554126e+03
1.504475089202204344e+03
1.500965830626507113e+03
1.497471286058888609e+03
1.493946335528603868e+03
1.490384313328509961e+03
1.486772192489315330e+03
1.483122939971715368e+03
1.479437000377329468e+03
1.475706267195022974e+03
1.471943549929993424e+03
1.468141594985200300e+03
1.464312630366062422e+03
1.460457977917917106e+03
1.456649203222275673e+03
1.452857476772012888e+03
1.449047614386369787e+03
1.445234111106106411e+03
1.441430828254740845e+03
1.437664152798784016e+03
1.433924532322172809e+03
1.430244869604982341e+03
1.426541987510612216e+03
1.422814438360678650e+03
1.419075103922388053e+03
1.415496179269292952e+03
1.412046964914312412e+03
1.408654464519391240e+03
1.405262303435469221e+03
1.401947028643645808e+03
1.398602220376404148e+03
1.395316032720937301e+03
1.392033197298042069e+03
1.388733990214226196e+03
1.385411332170045171e+03
1.382082093540390815e+03
1.378768559125707270e+03
1.375507961276163769e+03
1.372217526078069113e+03
1.369006222376190635e+03
1.365990494643597913e+03
1.362961793811225562e+03
1.359931766065168858e+03
1.356927702107809637e+03
1.353998946922863524e+03
1.351052664249097006e+03
1.348114254318031271e+03
1.345344510629028946e+03
1.342596281316181603e+03
1.339889111761112872e+03
1.337381968918106168e+03
1.334868756813463733e+03
1.332355739870389698e+03
1.329848795471613812e+03
1.327340348782250658e+03
1.324832223396369045e+03
1.322321859288595761e+03
1.319804332858863290e+03
1.317310579534088447e+03
1.314817089369765654e+03
1.312325514671821111e+03
1.309834498138146955e+03
1.307351678837715554e+03
1.304861637337269258e+03
1.302365527780774528e+03
1.299877131624456524e+03
1.297427394972795355e+03
1.295084076075947905e+03
1.292785747596552483e+03
1.290487027620702065e+03
1.288200012598427065e+03
1.285925886698224076e+03
1.283784475273829457e+03
1.281691862032671452e+03
1.279620568145339121e+03
1.277577274111123643e+03
1.275568961723530265e+03
1.273596065061106856e+03
1.271685301092710915e+03
1.269854694197576691e+03
1.268134793257687761e+03
1.266425297712797601e+03
1.264726840190195162e+03
1.263096515033833157e+03
1.261574355387585001e+03
1.260070409284439847e+03
1.258598804060987050e+03
1.257267511121640382e+03
1.255957085578014585e+03
1.254709776386762996e+03
1.253571043382578637e+03
1.252488027863225852e+03
1.251458173350621109e+03
1.250443833141033565e+03
1.249438020734909969e+03
1.248473966593930982e+03
1.247522955798655630e+03
1.246594640059206768e+03
1.245686727911374419e+03
1.244793891084018924e+03
1.243913634633182937e+03
1.243069010896960208e+03
1.242255627014673792e+03
1.241467154784544618e+03
1.240714098907848438e+03
1.239980087076801510e+03
1.239346545995290171e+03
1.238738314814476098e+03
1.238191199226831031e+03
1.237725600373607904e+03
1.237279726717411904e+03
1.236838290607196313e+03
1.236398219428098400e+03
1.235971965611801352e+03
1.235589041524534196e+03
1.235284333072997015e+03
1.234991013412346092e+03
1.234697398561639602e+03
1.234403262045333122e+03
1.234108416470258817e+03
1.233840813437113866e+03
1.233594969591920290e+03
1.233362438655583674e+03
1.233128861618235078e+03
1.232894256149230387e+03
1.232658998144913312e+03
1.232435570861957103e+03
1.232211389958435120e+03
1.232051270222814765e+03
1.231940253333570581e+03
1.231852036181423500e+03
1.231774385612605101e+03
1.231707089831973917e+03
1.231683197902490519e+03
1.231752695382028151e+03
1.231927560704988991e+03
1.232120725054723607e+03
1.232333927342327570e+03
1.232548126976575077e+03
1.232763699070403391e+03
1.232993396422528576e+03
1.233235184093584621e+03
1.233481087861552624e+03
1.233807755156234407e+03
1.234163782812893487e+03
1.234521986711317140e+03
1.234882517816175096e+03
1.235245535000555037e+03
1.235611204731922044e+03
1.235979700563293136e+03
1.236351202431003003e+03
1.236725895763908738e+03
1.237103970412236322e+03
1.237485619407496642e+03
1.237871037567873827e+03
1.238260419966228483e+03
1.238653960280271804e+03
1.239051849046517873e+03
1.239458581016808239e+03
1.239878748139158915e+03
1.240303799071274625e+03
1.240733893991378636e+03
1.241169180613479739e+03
1.241609792382380647e+03
1.242055846747049145e+03
1.242517150697729448e+03
1.242987402489250144e+03
1.243463338947055490e+03
1.243944999367600758e+03
1.244432400344494681e+03
1.244925534933586277e+03
1.245424372015723520e+03
1.245928855864000525e+03
1.246438905919432273e+03
1.246954416776076869e+03
1.247475258373790894e+03
1.248001276394043089e+03
1.248532292851612510e+03
1.249071399321869649e+03
1.249624819599612010e+03
1.250182571939566969e+03
1.250744393895547091e+03
1.251310004842463059e+03
1.251879107472636178e+03
1.252451389383266815e+03
1.253026524735661269e+03
1.253604175966655703e+03
1.254187345522288524e+03
1.254782009163921430e+03
1.255378124085926629e+03
1.255975324068231203e+03
1.256573239846285105e+03
1.257171500751347821e+03
1.257769736284597457e+03
1.258369364868351795e+03
1.258979477679166166e+03
1.259588470016288738e+03
1.260195986865986470e+03
1.260801679923646361e+03
1.261405208593771022e+03
1.262006240882180691e+03
1.262609477997290469e+03
1.263217591355491095e+03
1.263822272343146096e+03
1.264465323313427461e+03
1.265168465171735761e+03
1.265867240645863831e+03
1.266561326919222893e+03
1.267250417462083078e+03
1.267934223741774758e+03
1.268612476800325567e+03
1.269289764122162296e+03
1.269969220732859867e+03
1.270642449224790198e+03
1.271309272345543377e+03
1.271969537869865007e+03
1.272640085857636222e+03
1.273314415373760312e+03
1.273995958089585429e+03
1.274690755226987676e+03
1.275382025709399159e+03
1.276066379555891672e+03
1.276752789534268231e+03
1.277456167568644560e+03
1.278174977711313659e+03
1.278897373287171149e+03
1.279621475916503186e+03
1.280429953745610419e+03
1.281254444517730917e+03
1.282083766235079565e+03
1.282911282391924942e+03
1.283741700464484666e+03
1.284566386325000394e+03
1.285392156085184524e+03
1.286246972125165939e+03
1.287133424715415686e+03
1.288017567089653994e+03
1.288916779113162875e+03
1.289816882857977816e+03
1.290728728771428450e+03
1.291687660293737508e+03
1.292661334517168143e+03
1.293648017391970598e+03
1.294634688348767668e+03
1.295633474778593154e+03
1.296740851351926494e+03
1.297851891071823047e+03
1.298961213262111642e+03
1.300074418228831973e+03
1.301214839613486674e+03
1.302361147142064738e+03
1.303541092835761447e+03
1.304745664217886315e+03
1.305965692208479140e+03
1.307211939474989549e+03
1.308463278751331700e+03
1.309789943350830981e+03
1.311280862631692798e+03
1.312784014665857285e+03
1.314313534184208493e+03
1.315858514127202398e+03
1.317405089602088538e+03
1.318953423239221365e+03
1.320519912376032380e+03
1.322123851547491540e+03
1.323730664913887722e+03
1.325347688248228678e+03
1.326980528692135067e+03
1.328639733777980609e+03
1.330323136170218731e+03
1.332009994607268254e+03
1.333700560901256949e+03
1.335406706709118225e+03
1.337138043385040419e+03
1.338916108186510201e+03
1.340837789697256994e+03
1.342890660325062527e+03
1.344960707862107711e+03
1.347048774670130797e+03
1.349154987416575068e+03
1.351269154620956670e+03
1.353405813581690836e+03
1.355563150245343877e+03
1.357742047690230038e+03
1.359963567612295719e+03
1.362220475079624521e+03
1.364491829912431513e+03
1.366864062450029678e+03
1.369399141197264726e+03
1.372167688099925726e+03
1.374942797922939690e+03
1.377739039818953188e+03
1.380540643620305673e+03
1.383358895709237004e+03
1.386217291012192163e+03
1.389205131981692375e+03
1.392225536539805489e+03
1.395308028587846820e+03
1.398452569282289915e+03
1.401605381686469627e+03
1.404782994412189510e+03
1.407976556370876779e+03
1.411179025765865617e+03
1.414385202948298911e+03
1.417576029795513932e+03
1.420750110949593363e+03
1.423923923601360912e+03
1.427107740465037296e+03
1.430359067746275969e+03
1.433618970567993074e+03
1.436973223586599715e+03
1.440321758687860438e+03
1.443648744157434066e+03
1.446978537996929390e+03
1.450309522276609187e+03
1.453620210384989832e+03
1.456907523303523021e+03
1.460177553020376081e+03
1.463493835293862958e+03
1.466972851027105662e+03
1.470520630985482057e+03
1.474054600505744020e+03
1.477551044985843646e+03
1.481020675930633161e+03
1.484465181754475452e+03
1.487944629506368074e+03
1.491452784890016574e+03
1.495110263498091172e+03
1.498877665302019523e+03
1.502614103438404072e+03
1.506321436295595504e+03
1.510091360752732271e+03
1.513861006370217638e+03
1.517684626820463109e+03
1.521614816557294034e+03
1.525734499105642044e+03
1.529809482892532969e+03
1.533842005201981010e+03
1.537883575125147672e+03
1.541999550445319073e+03
1.546267533548702431e+03
1.550507429372456045e+03
1.554709892143389652e+03
1.558900316918487306e+03
1.563042934166849591e+03
1.567124969761656757e+03
1.571198964592545053e+03
1.575299428046196681e+03
1.579347229156389858e+03
1.583409852554484132e+03
1.587462873163104405e+03
1.591462720744186754e+03
1.595509215887665505e+03
1.599527548979137237e+03
1.603532829491016628e+03
1.607572986146156609e+03
1.611750030812106161e+03
1.616006898717289687e+03
1.620220806985829313e+03
1.624370061777426599e+03
1.628455759691020830e+03
1.632481987914585488e+03
1.636447321510414895e+03
1.640338970894702015e+03
1.644159211783033697e+03
1.647917450443372672e+03
1.651586803026718826e+03
1.655180419229270456e+03
1.658695816183340867e+03
1.662175481112828493e+03
1.665627048587182117e+03
1.668999704212288862e+03
1.672449102323993429e+03
1.675844453209146650e+03
1.679145958561460247e+03
1.682353156612602788e+03
1.685453491356281120e+03
1.688504766452324020e+03
1.691502225907318234e+03
1.694385689316325852e+03
1.697153262873165204e+03
1.699814791452569580e+03
1.702358210789445366e+03
1.704780491172484062e+03
1.707157929183785200e+03
1.709580448655579858e+03
1.711974632903474230e+03
1.714246289724237613e+03
1.716397514010467603e+03
1.718420421852150184e+03
1.720353116979455535e+03
1.722163283638207758e+03
1.723882449788054601e+03
1.725580436156392352e+03
1.727240763725895704e+03
1.728837088391798716e+03
1.730497497030191880e+03
1.732239572330708370e+03
1.733845704947472996e+03
1.735314485484306715e+03
1.736746372389377939e+03
1.738248536981663847e+03
1.739734882608987164e+03
1.741396774215127380e+03
1.743063233403567892e+03
1.744613371297633876e+03
1.746107659498234170e+03
1.747474904848438200e+03
1.748707162047492602e+03
1.749815729896630501e+03
1.750791960335699514e+03
1.751639241561817926e+03
1.752353681666575085e+03
1.753008047529033774e+03
1.753578191393790348e+03
1.754092822103566959e+03
1.754608568346537140e+03
1.755095869717257301e+03
1.755581178085416923e+03
1.755945160409833989e+03
1.756310124893172542e+03
1.756810413402643917e+03
1.757215967609362451e+03
1.757535677558171528e+03
