1.350296084332574101e+05
1.350844509452146303e+05
1.351377733572902507e+05
1.351894203064514149e+05
1.352393432765207544e+05
1.352874547969464620e+05
1.353340875927041343e+05
1.353794861575777177e+05
1.354235652647581883e+05
1.354663068233459489e+05
1.355073758829969156e+05
1.355471290820438880e+05
1.355856483825130563e+05
1.356230048707831593e+05
1.356590552820376761e+05
1.356939467361715797e+05
1.357279306495299679e+05
1.357605991984511493e+05
1.357919029768834007e+05
1.358219998613447533e+05
1.358507501543279795e+05
1.358781868525916943e+05
1.359045350316057447e+05
1.359297356943807681e+05
1.359534584195151983e+05
1.359760844582355930e+05
1.359976157709625550e+05
1.360181483445709455e+05
1.360375738567945664e+05
1.360556719872814137e+05
1.360726626474680379e+05
1.360885141826923063e+05
1.361031862982958555e+05
1.361163837988837622e+05
1.361283720346442424e+05
1.361394169326543051e+05
1.361500922747364966e+05
1.361596745441559760e+05
1.361688192766502325e+05
1.361773811183190846e+05
1.361848895244373125e+05
1.361921442206202191e+05
1.361988023852320330e+05
1.362047303107124753e+05
1.362093669555847591e+05
1.362127994591469178e+05
1.362155144756989030e+05
1.362175398289275181e+05
1.362188249469820294e+05
1.362195278317336924e+05
1.362198260777552496e+05
1.362194784507014265e+05
1.362182382251739036e+05
1.362165721944236720e+05
1.362143533793892711e+05
1.362120824279708322e+05
1.362098592169134354e+05
1.362072614139122888e+05
1.362041547812613717e+05
1.362006946341905568e+05
1.361971824626672897e+05
1.361936714717509749e+05
1.361899590145168768e+05
1.361861853452197684e+05
1.361823938572030165e+05
1.361786040008718846e+05
1.361747966659943631e+05
1.361712039283384802e+05
1.361675162502135790e+05
1.361643235141029872e+05
1.361616347322990478e+05
1.361595153147744713e+05
1.361575273283981660e+05
1.361559804699658998e+05
1.361552233290666773e+05
1.361548522749413678e+05
1.361550587884991546e+05
1.361555307763909223e+05
1.361561746356276562e+05
1.361573577331661945e+05
1.361590056529854191e+05
1.361610737282858172e+05
1.361639501999629429e+05
1.361680623063273670e+05
1.361732089584383648e+05
1.361794054457818274e+05
1.361864560569844034e+05
1.361946443402140285e+05
1.362039514964754344e+05
1.362138757035136223e+05
1.362245744215265440e+05
1.362364124266093713e+05
1.362490749259180739e+05
1.362628595817009045e+05
1.362776657863323926e+05
1.362942443610964692e+05
1.363125534435858426e+05
1.363325367783296679e+05
1.363542887268923805e+05
1.363771478932400350e+05
1.364012070203550975e+05
1.364264029732162307e+05
1.364522883190949797e+05
1.364798088357808010e+05
1.365089890311223280e+05
1.365394125151473563e+05
1.365718017532959348e+05
1.366067907912168303e+05
1.366436972504117584e+05
1.366824103230715555e+05
1.367223941686221224e+05
1.367640961629071680e+05
1.368071815189062327e+05
1.368519805381790502e+05
1.368989110273730475e+05
1.369477663953315641e+05
1.369990248587035458e+05
1.370520523757404590e+05
1.371064768408744130e+05
1.371625624543543963e+05
1.372210877657437231e+05
1.372820912725786038e+05
1.373453794925819966e+05
1.374106147751014796e+05
1.374781666590005043e+05
1.375482299353772833e+05
1.376208249317872105e+05
1.376953243113948847e+05
1.377725411143279343e+05
1.378528293049737695e+05
1.379366778777750733e+05
1.380239591215293913e+05
1.381140115096357185e+05
1.382070772265437990e+05
1.383025514565926860e+05
1.384001428531086131e+05
1.385001078129188390e+05
1.386029004766053986e+05
1.387079051175576751e+05
1.388148614719894249e+05
1.389238877297723375e+05
1.390356966784532997e+05
1.391503680785144388e+05
1.392665119430910563e+05
1.393848776919482043e+05
1.395064066690132313e+05
1.396304684574023413e+05
1.397570058380014671e+05
1.398859008029625693e+05
1.400167834799589182e+05
1.401500081114810600e+05
1.402858081531334319e+05
1.404232335091387504e+05
1.405630885350783064e+05
1.407051637881661009e+05
1.408490746708065271e+05
1.409948752330922580e+05
1.411421750207461882e+05
1.412920247870447638e+05
1.414445675270209031e+05
1.415991998831891397e+05
1.417557339769674290e+05
1.419143454222265573e+05
1.420758081650257518e+05
1.422403928892352560e+05
1.424070203995479969e+05
1.425754929900218558e+05
1.427455692379129177e+05
1.429175612261925708e+05
1.430920884565388260e+05
1.432692363427781092e+05
1.434480544783902296e+05
1.436287034860928252e+05
1.438111394847830234e+05
1.439953244999115996e+05
1.441813166109420708e+05
1.443692752696443349e+05
1.445584055390986905e+05
1.447494043034819188e+05
1.449421336650646990e+05
1.451361844361058902e+05
1.453313985588994692e+05
1.455271249841462995e+05
1.457231792706366687e+05
1.459204180197523092e+05
1.461195542067471833e+05
1.463204236066947633e+05
1.465217765332689160e+05
1.467234848060155637e+05
1.469253435250442417e+05
1.471277184917899140e+05
1.473303536063829670e+05
1.475337045806436508e+05
1.477368934358036786e+05
1.479391103862693417e+05
1.481412125742235221e+05
1.483436648678204510e+05
1.485457742278473452e+05
1.487476520469411043e+05
1.489484132698011235e+05
1.491486623889737821e+05
1.493492525378963037e+05
1.495497754098301521e+05
1.497501928051879804e+05
1.499499214975856012e+05
1.501488582261177071e+05
1.503469585794498562e+05
1.505439327507036214e+05
1.507397407055970107e+05
1.509349979564849637e+05
1.511287283208494191e+05
1.513213663173661625e+05
1.515123692229498411e+05
1.517019470209548308e+05
1.518903116884378833e+05
1.520772195309245435e+05
1.522627204543598928e+05
1.524468905688425293e+05
1.526295678231926286e+05
1.528108403932299698e+05
1.529904598710183345e+05
1.531679918975598994e+05
1.533437593816029839e+05
1.535186002155783062e+05
1.536919991970421979e+05
1.538644447927366127e+05
1.540358860092988762e+05
1.542059782706071856e+05
1.543735980212463764e+05
1.545385779652797792e+05
1.547010337270804157e+05
1.548617584862643562e+05
1.550205772465763148e+05
1.551767539502498112e+05
1.553301798120464955e+05
1.554811799894986907e+05
1.556301873652689683e+05
1.557769342294208473e+05
1.559215448152002937e+05
1.560635196646288387e+05
1.562024397417357832e+05
1.563384989951678726e+05
1.564719804178378836e+05
1.566029963672280428e+05
1.567307871501159389e+05
1.568553381388573616e+05
1.569767759727897355e+05
1.570944792470873217e+05
1.572088591457455477e+05
1.573197577335020178e+05
1.574274193919991958e+05
1.575324778689648665e+05
1.576339721365201112e+05
1.577317100513287005e+05
1.578259853768378380e+05
1.579169027185016894e+05
1.580038504511767533e+05
1.580874867966450693e+05
1.581677202126262418e+05
1.582449683664619806e+05
1.583191829553548305e+05
1.583905266490199429e+05
1.584592043554847478e+05
1.585257300428670133e+05
1.585890367367405270e+05
1.586496182111933595e+05
1.587075350040448247e+05
1.587629728060337657e+05
1.588156180777541595e+05
1.588658276634117938e+05
1.589135048469043686e+05
1.589591027663947025e+05
1.590025216781698982e+05
1.590440631794712099e+05
1.590832354049455898e+05
1.591206287455129204e+05
1.591564199675118143e+05
1.591903074386313383e+05
1.592218233471736021e+05
1.592513397315777256e+05
1.592795279283658892e+05
1.593057187815254147e+05
1.593292809031227662e+05
1.593512940632280370e+05
1.593721750905129302e+05
1.593911049985826539e+05
1.594088515810349490e+05
1.594252934057067032e+05
1.594408400929638301e+05
1.594553461630117963e+05
1.594685202976966684e+05
1.594802097593686776e+05
1.594906472200212884e+05
1.594993058505981753e+05
1.595062349856170767e+05
1.595121283469341288e+05
1.595164073092198523e+05
1.595190068918009929e+05
1.595203664160385961e+05
1.595206278221873217e+05
1.595205757145945681e+05
1.595195005705067306e+05
1.595179531545560458e+05
1.595148145132073259e+05
1.595097968903919391e+05
1.595044762219849217e+05
1.594983875647677633e+05
1.594917020245883032e+05
1.594845808468245959e+05
1.594776885777812277e+05
1.594711755086464691e+05
1.594640208421658608e+05
1.594565300810699991e+05
1.594490589230891783e+05
1.594410165139545279e+05
1.594316245098639920e+05
1.594223496424387267e+05
1.594131999162735010e+05
1.594043768910216750e+05
1.593961468426669016e+05
1.593890444466596819e+05
1.593822033544173464e+05
1.593755490887919441e+05
1.593691651071562956e+05
1.593629123218995810e+05
1.593563834977238439e+05
1.593485213755040022e+05
1.593413253723132657e+05
1.593345468183289922e+05
1.593277977770126017e+05
1.593211847795257636e+05
1.593148556015978393e+05
1.593083118524659367e+05
1.593023928892652621e+05
1.592972463074187981e+05
1.592928660255408322e+05
1.592895002597370767e+05
1.592875536227120319e+05
1.592877733817081607e+05
1.592883259525660833e+05
1.592895123840525048e+05
1.592913203979876707e+05
1.592933572912764794e+05
1.592953935144986608e+05
1.592982596584586427e+05
1.593029077588684740e+05
1.593076204709841113e+05
1.593129101483149279e+05
1.593187587372406269e+05
1.593249798350816709e+05
1.593324212195327564e+05
1.593407371749430895e+05
1.593510343206628750e+05
1.593618573447004601e+05
1.593731862636598235e+05
1.593849749138696934e+05
1.593981867392058484e+05
1.594115630747679679e+05
1.594249013735693297e+05
1.594385267208985169e+05
1.594523708468294644e+05
1.594668625695001101e+05
1.594812521459615673e+05
1.594957500289881136e+05
1.595105729759298847e+05
1.595266142258883629e+05
1.595422054987009324e+05
1.595580392549620010e+05
1.595745265327900706e+05
1.595916626327982813e+05
1.596094775159260607e+05
1.596271185487599287e+05
1.596442516424908536e+05
1.596612451371493516e+05
1.596777790200988238e+05
1.596940189822532702e+05
1.597102291035882372e+05
1.597257476362822053e+05
1.597408359787251975e+05
1.597570004466259270e+05
1.597734840909758059e+05
1.597898327521282190e+05
1.598058389401500463e+05
1.598217351875668974e+05
1.598378484840476885e+05
1.598532121969367436e+05
1.598675019227020093e+05
1.598813712943019054e+05
1.598949209626784723e+05
1.599079309423955565e+05
1.599198528331962298e+05
1.599307598749697208e+05
1.599408784601746884e+05
1.599503043391497631e+05
1.599595226416144869e+05
1.599678575565961364e+05
1.599758457076513150e+05
1.599829815855394700e+05
1.599884818401141965e+05
1.599932998987695610e+05
1.599974130103471980e+05
1.600001418970141676e+05
1.600017492794421851e+05
1.600021502972447197e+05
1.600018955858098634e+05
1.600006358427830855e+05
1.599981317547083891e+05
1.599943600859308790e+05
1.599894601744225656e+05
1.599837728020519135e+05
1.599770564585069660e+05
1.599694974314993015e+05
1.599607263190805097e+05
1.599505784023918386e+05
1.599392125933873758e+05
1.599261695776429842e+05
1.599116100537338643e+05
1.598953063782911922e+05
1.598773917074228229e+05
1.598583542400759179e+05
1.598382517035604687e+05
1.598165190563565702e+05
1.597929808566225402e+05
1.597677124376401189e+05
1.597408790772335778e+05
1.597119760996616678e+05
1.596813662321299198e+05
1.596491197871390323e+05
1.596156721559973957e+05
1.595806935659636219e+05
1.595441832772332418e+05
1.595057647338732786e+05
1.594655098377074173e+05
1.594233386809192307e+05
1.593791339819438872e+05
1.593326330931208504e+05
1.592842860782013740e+05
1.592345821416802937e+05
1.591832391459350474e+05
1.591302962713105371e+05
1.590752627406182582e+05
1.590182985563161201e+05
1.589603255468069692e+05
1.589003767183101736e+05
1.588374814363955520e+05
1.587726874995941180e+05
1.587060901854825206e+05
1.586377647787132591e+05
1.585676287434124970e+05
1.584965092686240678e+05
1.584231240658839233e+05
1.583487550340669113e+05
1.582729827608970809e+05
1.581960714255920029e+05
1.581171430629285169e+05
1.580365214905264729e+05
1.579538279556184716e+05
1.578690235798853973e+05
1.577825572450571926e+05
1.576938673185755615e+05
1.576032728666821786e+05
1.575100680400814454e+05
1.574141155184546660e+05
1.573162861641521158e+05
1.572172316315779171e+05
1.571152874369554629e+05
1.570107023445756349e+05
1.569041795746353746e+05
1.567953951967587927e+05
1.566845635505082610e+05
1.565718706658113515e+05
1.564577891658597800e+05
1.563424988679957751e+05
1.562250792636957485e+05
1.561057346618151059e+05
1.559842964540368994e+05
1.558610694059614907e+05
1.557358769653752970e+05
1.556077031418394472e+05
1.554778950595562637e+05
1.553465171201697958e+05
1.552134987146829662e+05
1.550787811109811882e+05
1.549424119105709833e+05
1.548048940987147798e+05
1.546648750171451538e+05
1.545227624183352455e+05
1.543787869863467058e+05
1.542321100854659744e+05
1.540831319342125207e+05
1.539322737078442588e+05
1.537791363054809626e+05
1.536245147247812129e+05
1.534676727909527544e+05
1.533091165947926929e+05
1.531485446834544418e+05
1.529857833964492311e+05
1.528198061103293439e+05
1.526518022986781434e+05
1.524818513672131230e+05
1.523097740789818927e+05
1.521356151322861551e+05
1.519595387680137937e+05
1.517823920497486833e+05
1.516038937455811538e+05
1.514236332962235319e+05
1.512416846678397269e+05
1.510576690897633380e+05
1.508713232661982183e+05
1.506825532076797972e+05
1.504922794606517127e+05
1.503010426695055212e+05
1.501073858521359216e+05
1.499115176672407542e+05
1.497135787437861727e+05
1.495142173391421384e+05
1.493128823738174397e+05
1.491093386277677200e+05
1.489036146447896317e+05
1.486972825829708017e+05
1.484897406369072269e+05
1.482805666271545633e+05
1.480696598410214065e+05
1.478559982485996734e+05
1.476401557086205576e+05
1.474230358954065014e+05
1.472039828704665706e+05
1.469837041363241733e+05
1.467618280169169302e+05
1.465387153937708936e+05
1.463152786536019121e+05
1.460906654170178517e+05
1.458643154001853545e+05
1.456362549354526564e+05
1.454056871230941033e+05
1.451729063429461967e+05
1.449385202363280405e+05
1.447027372980540968e+05
1.444657602374402923e+05
1.442280372577944072e+05
1.439890618622194743e+05
1.437485770927675767e+05
1.435070321597956645e+05
1.432637092792626063e+05
1.430177649713217979e+05
1.427707157578943879e+05
1.425229604364964762e+05
1.422741276025231055e+05
1.420239812504743750e+05
1.417725097033221973e+05
1.415192449355725257e+05
1.412643679326491547e+05
1.410085767053160234e+05
1.407516673069261014e+05
1.404931978879917297e+05
1.402334093109875685e+05
1.399727257081424759e+05
1.397114304619519389e+05
1.394489882036234194e+05
1.391849834599301685e+05
1.389205597826116136e+05
1.386549396380315011e+05
1.383881992519600899e+05
1.381205823825446423e+05
1.378519830357887549e+05
1.375820732374149375e+05
1.373114830069160962e+05
1.370409106948660337e+05
1.367694579251035466e+05
1.364975197522456001e+05
1.362250312772117904e+05
1.359512307236494089e+05
1.356764223491225275e+05
1.354004009036267234e+05
1.351236313102496788e+05
1.348462543188772979e+05
1.345677803487681958e+05
1.342886225637709722e+05
1.340084748904416920e+05
1.337273273931660806e+05
1.334451359385958931e+05
1.331624399220424239e+05
1.328791398206156446e+05
1.325959680983375583e+05
1.323125844925884739e+05
1.320292044816446141e+05
1.317458550247296225e+05
1.314624370345664211e+05
1.311785109354660381e+05
1.308941816825608403e+05
1.306095396982564998e+05
1.303251453460898483e+05
1.300403587709003768e+05
1.297550290029555035e+05
1.294695739463630889e+05
1.291840498461408133e+05
1.288982589503170602e+05
1.286119762592076731e+05
1.283257236461056309e+05
1.280396506202490127e+05
1.277540739007415541e+05
1.274677772140096349e+05
1.271808615959622402e+05
1.268937981154035515e+05
1.266066334349136305e+05
1.263191186033777194e+05
1.260317800297608628e+05
1.257440217780863459e+05
1.254564300025543926e+05
1.251686633864996256e+05
1.248805161111877533e+05
1.245920425296997419e+05
1.243027124037751491e+05
1.240126774188008276e+05
1.237222619069493958e+05
1.234310103023199044e+05
1.231390479467903351e+05
1.228466672319641657e+05
1.225540086796169489e+05
1.222613135227347084e+05
1.219690225402495707e+05
1.216771631389376125e+05
1.213859838207702269e+05
1.210947028794142825e+05
1.208030333041675767e+05
1.205116728141542990e+05
1.202206173689280258e+05
1.199293800610589387e+05
1.196377841991897149e+05
1.193462164840368641e+05
1.190552588441902772e+05
1.187642071532221016e+05
1.184739299006057990e+05
1.181837951437272277e+05
1.178932610298633808e+05
1.176035808218366583e+05
1.173140760174499446e+05
1.170243243126847665e+05
1.167348930410478206e+05
1.164458352188044082e+05
1.161563438924413349e+05
1.158667544192127825e+05
1.155768465249406872e+05
1.152866414448069554e+05
1.149971555090696929e+05
1.147081307487408048e+05
1.144188869565268978e+05
1.141295664145846531e+05
1.138396747782611055e+05
1.135493663862062676e+05
1.132593905199587607e+05
1.129693046886775555e+05
1.126789143273256777e+05
1.123887866022609232e+05
1.120985201908872114e+05
1.118085243466216052e+05
1.115181216017731058e+05
1.112275200672392966e+05
1.109372340758393839e+05
1.106470840005782084e+05
1.103562233740141965e+05
1.100658409677411400e+05
1.097758109400182584e+05
1.094859899408654455e+05
1.091956592643306649e+05
1.089058263148254482e+05
1.086163367085869977e+05
1.083271021895438462e+05
1.080382600222973415e+05
1.077499288038054365e+05
1.074617472940958687e+05
1.071732224109146337e+05
1.068848755523332802e+05
1.065963275984208012e+05
1.063081838913649699e+05
1.060203289978209214e+05
1.057333461664255155e+05
1.054474302752889635e+05
1.051624177827970998e+05
1.048779986813318246e+05
1.045934756476703042e+05
1.043086406608195830e+05
1.040237976466897235e+05
1.037393449398052326e+05
1.034554901735651365e+05
1.031721653562829015e+05
1.028889255563460028e+05
1.026054447445635888e+05
1.023221531620697206e+05
1.020382756907644507e+05
1.017546218761610362e+05
1.014713180736939248e+05
1.011881539499403007e+05
1.009047481212509156e+05
1.006211820654363837e+05
1.003378636168878293e+05
1.000545960499533103e+05
9.977139394102510414e+04
9.948904902806744212e+04
9.920658281863508455e+04
9.892390536780284310e+04
9.864155435495558777e+04
9.835938927145939670e+04
9.807764574068377260e+04
9.779616377710299275e+04
9.751460814782690431e+04
9.723309894552209880e+04
9.695193306772984215e+04
9.667049171502429817e+04
9.638946289927270846e+04
9.610851311630613054e+04
9.582751447480231582e+04
9.554681045665581769e+04
9.526683678997078096e+04
9.498725650556443725e+04
9.470831342302408302e+04
9.443023026255267905e+04
9.415270546439735335e+04
9.387604604014886718e+04
9.360006980839517200e+04
9.332526717382749484e+04
9.305116745787388936e+04
9.277712644968600944e+04
9.250361834384282702e+04
9.223053543482246459e+04
9.195811525979527505e+04
9.168659854447781981e+04
9.141539454664959339e+04
9.114365285555462469e+04
9.087204926512448583e+04
9.060106830090879521e+04
9.033069508588501776e+04
9.006080281710159034e+04
8.979105954977626971e+04
8.952136261755037413e+04
8.925224029466927459e+04
8.898361375443475845e+04
8.871550507350466796e+04
8.844751599380363768e+04
8.817988978340836184e+04
8.791233689083298668e+04
8.764522651479930209e+04
8.737924217653862434e+04
8.711368350671336520e+04
8.684868549879307102e+04
8.658453542423907493e+04
8.632025258171475434e+04
8.605700274997035740e+04
8.579464049109305779e+04
8.553238207025268639e+04
8.527067618056810170e+04
8.501047396198706701e+04
8.475081827644011355e+04
8.449188153631491878e+04
8.423319126917244284e+04
8.397503372434541234e+04
8.371713455358055944e+04
8.345903898678306723e+04
8.320128564876320888e+04
8.294447454790463962e+04
8.268874667528757709e+04
8.243380907085271610e+04
8.217921287639749062e+04
8.192517673274308618e+04
8.167193452065714519e+04
8.141961498280426895e+04
8.116810559268116776e+04
8.091692510772445530e+04
8.066700821173458826e+04
8.041773033983880305e+04
8.016941672748432029e+04
7.992239935572077229e+04
7.967643520873969828e+04
7.943160445137908391e+04
7.918718284890241921e+04
7.894352933231559291e+04
7.870054201402289618e+04
7.845854775722110935e+04
7.821731079116128967e+04
7.797743785880864016e+04
7.773909040493000066e+04
7.750190893777929887e+04
7.726625803566462127e+04
7.703261836838620366e+04
7.680059159301118052e+04
7.656988728171434195e+04
7.634035541800109786e+04
7.611197324885299895e+04
7.588485318724322133e+04
7.565924117394522182e+04
7.543493913216701185e+04
7.521184137385241047e+04
7.498967037641929346e+04
7.476842118343703623e+04
7.454937022870802321e+04
7.433226659675061819e+04
7.411706606926616223e+04
7.390341559601231711e+04
7.369102550082450034e+04
7.348050709448997804e+04
7.327189709451622912e+04
7.306454745090799406e+04
7.285884245532222849e+04
7.265439631004480179e+04
7.245153317473942298e+04
7.225023101038722962e+04
7.205040496856562095e+04
7.185147602355938579e+04
7.165363925993710291e+04
7.145790478376981628e+04
7.126401776327571133e+04
7.107186903528675612e+04
7.088140737630128569e+04
7.069254126190497482e+04
7.050521658341951843e+04
7.031970292436021555e+04
7.013619919839488284e+04
6.995418216330690484e+04
6.977339699684629159e+04
6.959416603360479348e+04
6.941676788997944095e+04
6.924113505096660811e+04
6.906720972335009719e+04
6.889555258702181163e+04
6.872588044231188542e+04
6.855768095526917023e+04
6.839136900744252489e+04
6.822682063273618405e+04
6.806416452282210230e+04
6.790345307266690361e+04
6.774471323616968584e+04
6.758807202142488677e+04
6.743345377491945692e+04
6.728107438416255172e+04
6.713131116147329158e+04
6.698387453891264158e+04
6.683882553958825883e+04
6.669633999126635899e+04
6.655638921928071068e+04
6.641898115747333213e+04
6.628390560207107046e+04
6.615079727176230517e+04
6.601989156537051895e+04
6.589079330457291508e+04
6.576396893101089518e+04
6.564008475968107814e+04
6.551874124070696416e+04
6.539944778860759834e+04
6.528243843539540103e+04
6.516737676746789657e+04
6.505449551155573863e+04
6.494404469932815846e+04
6.483603024272843322e+04
6.473007052736593323e+04
6.462590671678253420e+04
6.452442394050489384e+04
6.442511353193648392e+04
6.432802750580689462e+04
6.423313724033947801e+04
6.414042460163375654e+04
6.404989369706594152e+04
6.396143802335954388e+04
6.387530792340995686e+04
6.379133068464672397e+04
6.370991451403056271e+04
6.363088800238068507e+04
6.355398513762236689e+04
6.347966662871169683e+04
6.340795482140332024e+04
6.333845738424039882e+04
6.327140154963159875e+04
6.320644762163431733e+04
6.314378463981302775e+04
6.308353242247899470e+04
6.302585035791413975e+04
6.297095402511415887e+04
6.291834335909127549e+04
6.286777481869828625e+04
6.281992316400120035e+04
6.277468530970920983e+04
6.273196921455032134e+04
6.269216891184139968e+04
6.265480992391134350e+04
6.261988671834392881e+04
6.258766143543014914e+04
6.255769293415649008e+04
6.253023285223389394e+04
6.250563451902260567e+04
6.248391532554110745e+04
6.246434553544948722e+04
6.244669815528517938e+04
6.243137071820056008e+04
6.241857771519411472e+04
6.240835064783170674e+04
6.240086412861783174e+04
6.239620927161445434e+04
6.239425594630191335e+04
6.239439038267664000e+04
6.239614234866081824e+04
6.239971678289963165e+04
6.240555316943833895e+04
6.241371108011125762e+04
6.242394806947198958e+04
6.243639655666829640e+04
6.245123619780069566e+04
6.246825826710722322e+04
6.248738722464708553e+04
6.250890716139390133e+04
6.253276946646600118e+04
6.255922083294289769e+04
6.258792081388754013e+04
6.261850186225216021e+04
6.265039998005530651e+04
6.268384992682564916e+04
6.271920985061115789e+04
6.275668113464395719e+04
6.279612709147325950e+04
6.283787494372064975e+04
6.288139890443826880e+04
6.292638988606348721e+04
6.297296297299737489e+04
6.302128660702792695e+04
6.307145318321442028e+04
6.312349443220739340e+04
6.317736033804122417e+04
6.323290398684194224e+04
6.328973173689955729e+04
6.334791913569290773e+04
6.340787328777924267e+04
6.346974899033525435e+04
6.353323608381659869e+04
6.359839519424384343e+04
6.366473181925414247e+04
6.373220127667773340e+04
6.380074057274923689e+04
6.387025993411168747e+04
6.394107831263060507e+04
6.401306895929424354e+04
6.408633515391303808e+04
6.416088183837624092e+04
6.423650880125501862e+04
6.431338158193042182e+04
6.439161310937649978e+04
6.447046595378032362e+04
6.455033891658201173e+04
6.463119709495965071e+04
6.471317569309028477e+04
6.479588559167313360e+04
6.487911517033588461e+04
6.496288682871305355e+04
6.504740481028470822e+04
6.513312476241336844e+04
6.521974485033599922e+04
6.530677936297077395e+04
6.539414164665252611e+04
6.548173642373037728e+04
6.556940806186833652e+04
6.565757339406962274e+04
6.574634943730203668e+04
6.583559781454860058e+04
6.592500817611391540e+04
6.601456554063214571e+04
6.610445603520826262e+04
6.619486550593571155e+04
6.628535241057148960e+04
6.637552104918332770e+04
6.646569223408942344e+04
6.655601882878785545e+04
6.664624596616101917e+04
6.673627997206371219e+04
6.682645039304946840e+04
6.691649368945955939e+04
6.700707569958496606e+04
6.709750361991915270e+04
6.718744194620253984e+04
6.727713551653195464e+04
6.736660618101153523e+04
6.745567321145819733e+04
6.754451138017342601e+04
6.763287442265468417e+04
6.772098657553804514e+04
6.780899814303117455e+04
6.789665022854755807e+04
6.798391570516859065e+04
6.807079584218111995e+04
6.815688645416298823e+04
6.824222318577687838e+04
6.832680314226933115e+04
6.841064655169958132e+04
6.849405216706816282e+04
6.857712295957491733e+04
6.865977664623408054e+04
6.874176533240887511e+04
6.882289987952301453e+04
6.890340404712701275e+04
6.898307918475304905e+04
6.906165290825378906e+04
6.913920831907419779e+04
6.921586663478458649e+04
6.929162647441249283e+04
