1.441812279980096264e+03
1.440727753015376038e+03
1.439521866021071446e+03
1.438198669745597499e+03
1.436850439678332350e+03
1.435416695356544096e+03
1.433861313088817042e+03
1.432279011583111924e+03
1.430621391434114685e+03
1.428970425104892229e+03
1.427225782605020868e+03
1.425455255880153345e+03
1.423574078651774471e+03
1.421736856792939989e+03
1.419904074585050239e+03
1.417973155247502746e+03
1.416011143804943003e+03
1.413929308877998665e+03
1.411947117951492601e+03
1.409946132463195681e+03
1.407970368690716896e+03
1.405953619795898703e+03
1.403902387163976982e+03
1.401781453814883662e+03
1.399605766952123076e+03
1.397326566547667881e+03
1.395005924871801881e+03
1.392652069215261236e+03
1.390279220201536873e+03
1.387810113405350194e+03
1.385493954797255810e+03
1.383212043974801873e+03
1.380968920273448020e+03
1.378614742144601905e+03
1.376236143573578829e+03
1.373814076460688284e+03
1.371430127251155682e+03
1.369104018859812186e+03
1.366656766139118190e+03
1.364159155389749913e+03
1.361692251685748033e+03
1.359236490507959388e+03
1.356680766096920706e+03
1.354147257493370944e+03
1.351644930966272568e+03
1.349147436546122208e+03
1.346584927392164445e+03
1.344104537234529744e+03
1.341659436488011124e+03
1.339117524363442953e+03
1.336668298209132445e+03
1.334301581233029992e+03
1.331950007314036839e+03
1.329830517873239842e+03
1.327846251888669713e+03
1.325786528643121756e+03
1.323722988742434154e+03
1.321648192857328013e+03
1.319721610504170940e+03
1.317787368033743405e+03
1.315784684831280174e+03
1.313814676381788331e+03
1.311895405230889082e+03
1.310032915390489052e+03
1.308127366293439536e+03
1.306260832509201009e+03
1.304425935728749891e+03
1.302590196995065753e+03
1.300784928559614400e+03
1.298974114130047383e+03
1.297175567127177374e+03
1.295546731514577459e+03
1.294013620723479107e+03
1.292630555310110822e+03
1.291437543440462377e+03
1.290293476895461936e+03
1.289210152364662008e+03
1.288141385479282235e+03
1.287139693127568080e+03
1.286242404847173702e+03
1.285513433695596177e+03
1.284825376432009080e+03
1.284294839876878314e+03
1.283752209067138438e+03
1.283197407675432260e+03
1.282787873683449789e+03
1.282439033918798714e+03
1.282149758091986769e+03
1.281898909491186487e+03
1.281895208779197446e+03
1.282046861701329362e+03
1.282492070274335674e+03
1.283089905765260937e+03
1.283985449626805575e+03
1.285053867283494583e+03
1.286174148421476275e+03
1.287329135919172586e+03
1.288626245917619372e+03
1.290278992688423614e+03
1.292162560645968597e+03
1.294078719665208155e+03
1.296064881236733754e+03
1.298103696227032287e+03
1.300343736775996604e+03
1.302889240155875768e+03
1.305555195579631345e+03
1.308452947518441306e+03
1.311488873445694026e+03
1.314715958949052947e+03
1.317953324494358185e+03
1.321272627948670788e+03
1.324577482897888785e+03
1.327942229889185455e+03
1.331406122104111091e+03
1.334877948326133946e+03
1.338540060079237264e+03
1.342356072336837315e+03
1.346275670104547316e+03
1.350342920345737184e+03
1.354564828931068860e+03
1.359037184315204968e+03
1.363541315297417896e+03
1.368095387970008005e+03
1.372795328407480611e+03
1.377779118323147031e+03
1.382982304496130837e+03
1.388306136516237757e+03
1.393615029591001530e+03
1.399058779960143511e+03
1.404582126530530786e+03
1.410336018264840732e+03
1.416202522041876364e+03
1.422260529623971252e+03
1.428492980522700691e+03
1.434832360056766220e+03
1.441288541886837493e+03
1.447783615091484990e+03
1.454293395503243119e+03
1.460820556475263402e+03
1.467514474378120667e+03
1.474322470673018870e+03
1.481321265237355874e+03
1.488503477279793970e+03
1.495922659011524502e+03
1.503647775177322728e+03
1.511589013166832956e+03
1.519586867652904402e+03
1.527550900851321558e+03
1.535648544842401407e+03
1.543911779820841730e+03
1.552244914432452561e+03
1.560695972722537590e+03
1.569230899934887248e+03
1.577869421417998637e+03
1.586559529762400416e+03
1.595265068457618554e+03
1.604087437516964656e+03
1.613007643249291277e+03
1.622067208462890676e+03
1.631196323880862337e+03
1.640445646518421199e+03
1.649785338699407475e+03
1.659196717730113505e+03
1.668647272125536801e+03
1.678191501340077139e+03
1.687743224516713099e+03
1.697372959901333843e+03
1.707140516545945502e+03
1.717018531059184170e+03
1.726853930316929109e+03
1.736680091757382343e+03
1.746487661370623528e+03
1.756225361610657956e+03
1.765893643750468527e+03
1.775591902896483134e+03
1.785214235900594076e+03
1.794806632059712229e+03
1.804398588920296334e+03
1.814000604147694503e+03
1.823699739721613923e+03
1.833386124853424008e+03
1.843117065188708239e+03
1.852790597956147167e+03
1.862369685432619008e+03
1.871849705045720839e+03
1.881227699873693837e+03
1.890500691488804478e+03
1.899682037518859033e+03
1.908949148412456452e+03
1.918207584733197564e+03
1.927348617090456173e+03
1.936369023721682879e+03
1.945265598383669158e+03
1.954076713623976957e+03
1.962822287161421173e+03
1.971476915768350864e+03
1.980058748718108745e+03
1.988500845945764922e+03
1.996800091638460799e+03
2.005015339738140938e+03
2.013125953181922341e+03
2.021122724634024507e+03
2.029088463787249566e+03
2.036946880021181641e+03
2.044644576687137715e+03
2.052178741742201964e+03
2.059546653855663408e+03
2.066809831188427324e+03
2.074049825976751890e+03
2.081116070605596178e+03
2.088245016768512869e+03
2.095352515465429406e+03
2.102389391993999652e+03
2.109344950155937113e+03
2.116179685219425210e+03
2.122905426554602855e+03
2.129439991542376447e+03
2.135781815472947073e+03
2.142033982304718847e+03
2.148133645705968775e+03
2.154095881412383278e+03
2.159857525871449525e+03
2.165417115577265577e+03
2.170773364704826690e+03
2.175925167650142612e+03
2.180871600166317876e+03
2.185611919102985212e+03
2.190145560772267800e+03
2.194550861497914411e+03
2.198776317100076540e+03
2.202794322199906674e+03
2.206604921624677445e+03
2.210208317237550091e+03
2.213604860867177649e+03
2.216795046288331378e+03
2.219779500340122468e+03
2.222558973274510208e+03
2.225134328432681286e+03
2.227506531350636578e+03
2.229676638397886563e+03
2.231645785054673524e+03
2.233415173933563437e+03
2.234986062650758868e+03
2.236359751651089937e+03
2.237537572088403977e+03
2.238520873860184565e+03
2.239311013891630864e+03
2.239909344760324075e+03
2.240317203747985332e+03
2.240535902400818031e+03
2.240566716674550662e+03
2.240410877734639598e+03
2.240069563476185976e+03
2.239543890822006233e+03
2.238834908851014006e+03
2.238023531784589068e+03
2.237056934775243917e+03
2.235909589584307469e+03
2.234582156161748571e+03
2.233075210639146462e+03
2.231389245719025894e+03
2.229549456935429589e+03
2.227612798541846132e+03
2.225498028170642556e+03
2.223205257766655450e+03
2.220734534678684213e+03
2.218085848666466973e+03
2.215259139522894657e+03
2.212254305237102017e+03
2.209071210622101717e+03
2.205709696329110557e+03
2.202237260564853841e+03
2.198624545672312706e+03
2.194832766649614769e+03
2.190861695079190667e+03
2.186711130855565898e+03
2.182380913415418036e+03
2.177870932709102817e+03
2.173181139814630114e+03
2.168311557098430058e+03
2.163305549119893385e+03
2.158182969802864136e+03
2.152881088662961702e+03
2.147494781119377876e+03
2.141954582385289996e+03
2.136309427391765894e+03
2.130519851430315612e+03
2.124597806149790813e+03
2.118654171871055496e+03
2.112551088472853280e+03
2.106378150154852392e+03
2.100032239303096503e+03
2.093514648291713456e+03
2.086826847335578805e+03
2.079998965215301723e+03
2.073095105665728170e+03
2.066033220325730326e+03
2.058868971510638403e+03
2.051702651275646531e+03
2.044378218769600608e+03
2.036988204239670267e+03
2.029622109097816974e+03
2.022157166943297170e+03
2.014582480634292097e+03
2.006940604693013256e+03
1.999270880719040861e+03
1.991767458407625782e+03
1.984136735521771470e+03
1.976434120220000977e+03
1.968704741676911908e+03
1.960956842920780673e+03
1.953156168677730875e+03
1.945443808471476359e+03
1.937759091348531456e+03
1.930127644777982823e+03
1.922498357099089390e+03
1.914829255147573576e+03
1.907168192676110266e+03
1.899432941918928464e+03
1.891597445229844197e+03
1.883664708696941034e+03
1.875637786197173000e+03
1.867519774630568008e+03
1.859315476245528316e+03
1.851130921573038677e+03
1.842864689082960922e+03
1.834521098413872096e+03
1.826229598440652353e+03
1.818022018078378778e+03
1.809778637980418807e+03
1.801573805728383149e+03
1.793312810172729996e+03
1.785005535330558814e+03
1.776738064762204885e+03
1.768414974631609766e+03
1.760046084594219337e+03
1.751738708560628538e+03
1.743483825305277378e+03
1.735188817719814779e+03
1.726865589194817858e+03
1.718591908812294378e+03
1.710278927293970128e+03
1.702021296255837569e+03
1.693741772350496149e+03
1.685434850000364349e+03
1.677102803023586148e+03
1.668769417500638610e+03
1.660484690922784466e+03
1.652272616383302193e+03
1.644159274860438472e+03
1.636115479515974130e+03
1.628086868314394223e+03
1.620129563077125340e+03
1.612320738949325005e+03
1.604577700025435206e+03
1.596862017641955845e+03
1.589126249531495432e+03
1.581480139433283057e+03
1.574017264495317249e+03
1.566541960681537148e+03
1.559067218048094674e+03
1.551726293553433607e+03
1.544475349051856256e+03
1.537464027728247402e+03
1.530546548054927598e+03
1.523817684468078369e+03
1.517155031015063287e+03
1.510579501202090796e+03
1.504025952890006010e+03
1.497604624275604237e+03
1.491345064478841095e+03
1.485146204964758454e+03
1.478922355256952869e+03
1.472672713261171339e+03
1.466599920520192200e+03
1.460682484213878979e+03
1.454878647133354207e+03
1.449258039074173439e+03
1.443740068972219433e+03
1.438289168089431087e+03
1.432843440215929604e+03
1.427484063095475449e+03
1.422196936177285352e+03
1.417140763058758239e+03
1.412128548075555045e+03
1.407120759280797984e+03
1.402099545777944058e+03
1.397252988340574575e+03
1.392610564884258565e+03
1.388121668853252686e+03
1.383702556242137007e+03
1.379327178785617889e+03
1.374965451013389838e+03
1.370627453396706414e+03
1.366354528023010516e+03
1.362042426787346585e+03
1.357750707609843175e+03
1.353463724549578956e+03
1.349137386025436399e+03
1.344932974284989086e+03
1.340752696312077205e+03
1.336651538681299826e+03
1.332757784011098011e+03
1.328902120210640078e+03
1.325184158062194001e+03
1.321507571626715617e+03
1.317969524220316544e+03
1.314566380352330725e+03
1.311213871413896641e+03
1.307933700421472622e+03
1.304841898619173435e+03
1.301774924080574692e+03
1.298864390704437938e+03
1.296036169886969674e+03
1.293193700578297921e+03
1.290545916140742975e+03
1.288209701455926734e+03
1.286126400049593485e+03
1.284151618677560691e+03
1.282229939062143558e+03
1.280466307091984845e+03
1.278762291640386820e+03
1.277224009836935693e+03
1.275760017189074915e+03
1.274376670009130748e+03
1.273052989789765434e+03
1.271862525282196202e+03
1.270745361358205628e+03
1.269656593901793940e+03
1.268583996205045423e+03
1.267472906700458225e+03
1.266324490982510042e+03
1.265189761967756112e+03
1.264163156880044198e+03
1.263254822271907642e+03
1.262393953180902827e+03
1.261574841285422735e+03
1.260742214573308047e+03
1.259968724788862346e+03
1.259267754881832388e+03
1.258567133839762846e+03
1.257909046677953484e+03
1.257224723282254217e+03
1.256611411042200643e+03
1.256143013445501083e+03
1.255697137913190545e+03
1.255398272507010006e+03
1.255153560571232447e+03
1.254862651219700410e+03
1.254591307552836497e+03
1.254429569329729020e+03
1.254520652679725572e+03
1.254689736825223690e+03
1.254818988361383163e+03
1.254901305002891604e+03
1.254932446683968919e+03
1.255065644929336258e+03
1.255310464265198561e+03
1.255504928511377784e+03
1.255852527888894201e+03
1.256251948092682596e+03
1.256663278048811208e+03
1.257075060236720219e+03
1.257429785223895124e+03
1.257755746848686840e+03
1.258238360037019447e+03
1.258830805313006749e+03
1.259385803087065597e+03
1.259965291962754463e+03
1.260487909465984330e+03
1.261129437315252289e+03
1.261726412532353606e+03
1.262250963363835126e+03
1.262783320339724469e+03
1.263446762802986086e+03
1.264077104353571031e+03
1.264721457087819317e+03
1.265501630236817846e+03
1.266320541122710438e+03
1.267159892539855036e+03
1.267915293537172147e+03
1.268668828598266373e+03
1.269393394525627627e+03
1.270044299269816065e+03
1.270606041360882500e+03
1.271076780084575148e+03
1.271458801980557837e+03
1.271768708774254719e+03
1.272089002240070613e+03
1.272381409267429945e+03
1.272725634152123121e+03
1.273002202408792527e+03
1.273277596571761023e+03
1.273479278262710068e+03
1.273583038428226246e+03
1.273715400481673441e+03
1.274136176020358789e+03
1.274580472146560169e+03
1.274924627911163043e+03
1.275271246218155284e+03
1.275526974917882853e+03
1.275686726140464998e+03
1.275744423521060980e+03
1.275820399790363126e+03
1.275924107300195374e+03
1.276005787219337662e+03
1.275990102557036380e+03
1.275878754627844955e+03
1.275678544552912399e+03
1.275387233063554049e+03
1.274999177736035563e+03
1.274575242892905862e+03
1.274176333197390250e+03
1.273780759365429276e+03
1.273349633539478418e+03
1.272823297903684306e+03
1.272203579395936913e+03
1.271608328067302182e+03
1.271051206929534828e+03
1.270549869760281126e+03
1.270084071108927674e+03
1.269676026829969032e+03
1.269178081206355728e+03
1.268653153672550161e+03
1.268273925031269300e+03
1.267824101935574390e+03
1.267287635251036136e+03
1.266669275020554778e+03
1.265961075365179113e+03
1.265181114340093245e+03
1.264353620240060536e+03
1.263543071961941678e+03
1.262647971641449885e+03
1.261764877735266282e+03
1.260797631476323659e+03
1.259750705370053538e+03
1.258641720603494832e+03
1.257447481018413100e+03
1.256216068595782190e+03
1.255012435774132882e+03
1.253847658600950126e+03
1.252653498801276328e+03
1.251374984110202604e+03
1.250033189816796948e+03
1.248618828171651785e+03
1.247130334906315966e+03
1.245563603064840663e+03
1.243942352604530470e+03
1.242241575236351309e+03
1.240468686626914405e+03
1.238635864503052062e+03
1.236833412262647926e+03
1.235106167886689491e+03
1.233440141678451482e+03
1.231803176102867383e+03
1.230092041520553494e+03
1.228315167294359753e+03
1.226478847999173468e+03
1.224591167958050391e+03
1.222629721065278318e+03
1.220598912053467302e+03
1.218513907211842934e+03
1.216440392930152484e+03
1.214443639414445443e+03
1.212382217325138527e+03
1.210266053255449606e+03
1.208194673849254514e+03
1.206129590053616766e+03
1.204043210000090539e+03
1.201890901873568509e+03
1.199692386755923962e+03
1.197452067274027740e+03
1.195163888662155614e+03
1.192880947526919726e+03
1.190619454551084345e+03
1.188306139090168472e+03
1.185971578384413988e+03
1.183658876127529311e+03
1.181298268399753852e+03
1.178901758602198470e+03
1.176554952364571818e+03
1.174219110075704975e+03
1.171902328302417800e+03
1.169531278259545843e+03
1.167134382486886807e+03
1.164788922359455682e+03
1.162394463689846589e+03
1.159960669545601831e+03
1.157584813851120998e+03
1.155201218450357374e+03
1.152792501083575189e+03
1.150370887102856159e+03
1.147920893644961780e+03
1.145464806484438213e+03
1.142978614687281606e+03
1.140449596577360808e+03
1.137949069609202979e+03
1.135583107632490737e+03
1.133226782810108489e+03
1.130840383773202575e+03
1.128426877539348652e+03
1.126041014308653303e+03
1.123681791945748500e+03
1.121317495285939913e+03
1.118947975437507694e+03
1.116569847811477075e+03
1.114289957839429462e+03
1.111994707544107769e+03
1.109683336405907539e+03
1.107350223434129930e+03
1.104993495099869733e+03
1.102611624768183901e+03
1.100216952186834078e+03
1.097805169739281382e+03
1.095376352388542273e+03
1.092955081839742888e+03
1.090523936189347296e+03
1.088150333400833006e+03
1.085819787385967174e+03
1.083566640662119198e+03
1.081350527287118439e+03
1.079117347559449854e+03
1.076881385077050254e+03
1.074657617749395740e+03
1.072448908460264420e+03
1.070256561811228039e+03
1.068153311804651821e+03
1.066043830834247046e+03
1.063937390688101004e+03
1.061853093709206860e+03
1.059871279518822575e+03
1.057894681736026314e+03
1.055930772773720264e+03
1.053979307452293597e+03
1.052025278668547799e+03
1.050158571608653119e+03
1.048410497805868999e+03
1.046662213972065501e+03
1.044913552023144348e+03
1.043174469993265575e+03
1.041446670405443683e+03
1.039739924918647375e+03
1.038041970676460096e+03
1.036385102788563927e+03
1.034748959238884254e+03
1.033128354607302072e+03
1.031532428897421596e+03
1.030004474353992691e+03
1.028502223488434083e+03
1.027004391984987706e+03
1.025520030191235719e+03
1.024046845732888869e+03
1.022686076000697312e+03
1.021330844500466128e+03
1.019978231556531910e+03
1.018635997775086935e+03
1.017344414165385388e+03
1.016137765956313842e+03
1.014935524295242658e+03
1.013749839265107767e+03
1.012583733058626422e+03
1.011424390358856272e+03
1.010279287267672316e+03
1.009252038656218019e+03
1.008337207815707643e+03
1.007422017943469655e+03
1.006536505838893163e+03
1.005665436539508732e+03
1.004805422357047291e+03
1.003943623912304588e+03
1.003092373667398192e+03
1.002239321715342271e+03
1.001384688651288570e+03
1.000535504842199202e+03
9.996913976368315389e+02
9.988463625518789968e+02
9.980130337954152537e+02
9.971889966785386150e+02
9.963798510588406998e+02
9.955853105850787870e+02
9.948073818417223038e+02
9.940785698994011454e+02
9.934170700284846589e+02
9.927560726627066288e+02
9.920956563592350221e+02
9.914358893064488711e+02
9.907768298545688594e+02
9.901271364759332982e+02
9.895087253702341741e+02
9.888911465137655341e+02
9.882744272018990159e+02
9.876585880667427091e+02
9.870436437897010364e+02
9.864412180184447152e+02
9.858411193596830344e+02
9.852536556595966886e+02
9.846684118282242935e+02
9.840840769606403455e+02
9.835017269657377028e+02
9.829322280322202232e+02
9.823636243420864957e+02
9.818074204710346748e+02
9.812666592489506456e+02
9.807267866353731733e+02
9.801878047084647960e+02
9.796497181604694333e+02
9.791125347589832018e+02
9.785971671928080013e+02
9.780878916493098814e+02
9.775894430900691532e+02
9.771243062483065387e+02
9.766936297026325065e+02
9.763613757209184314e+02
9.760414819894515404e+02
9.757323225658706178e+02
9.754274352085384407e+02
9.751235355320789040e+02
9.748272260290029863e+02
9.745383994096670222e+02
9.742626568640093865e+02
9.739891003880406970e+02
9.737167828159927012e+02
9.734458098699961965e+02
9.731763078526400932e+02
9.729084242526100752e+02
9.726423281388141504e+02
9.723782103371675021e+02
9.721194266865402369e+02
9.718729560716471951e+02
9.716291661793396770e+02
9.713883329757338743e+02
9.711507517819206896e+02
9.709167361663197653e+02
9.706866166490449359e+02
9.704607392316640926e+02
9.702394637676306957e+02
9.700231621903581072e+02
9.698122166174082395e+02
9.696070173505409002e+02
9.694079607924276161e+02
9.692154473016632892e+02
9.690298790083005542e+02
9.688516576124878839e+02
9.686811821889298244e+02
9.685188470197736024e+02
9.683650394782064268e+02
9.682201379844954090e+02
9.680845100554447527e+02
9.679585104672761418e+02
9.678424795507836507e+02
9.677367416362621952e+02
9.676416036641976461e+02
9.675573539760162021e+02
9.674842612973700398e+02
9.674258663737809911e+02
9.673888430748688734e+02
9.673636591373235660e+02
9.673504995830860480e+02
9.673495279154972195e+02
9.673608864021496174e+02
9.673846965769546387e+02
9.674306164389930700e+02
9.674926473037451160e+02
9.675673795342361245e+02
9.676548616391828546e+02
9.677551269110317662e+02
9.678681950420857447e+02
9.679940738718530611e+02
9.681327612448095579e+02
9.682842469561654752e+02
9.684503020166716851e+02
9.686403631260401426e+02
9.688431647905467798e+02
9.690586857249095374e+02
9.692869067777793362e+02
9.695278128765476140e+02
9.697813948799540640e+02
9.700476513129756313e+02
9.703265899594968005e+02
9.706182292896353374e+02
9.709344231089934283e+02
9.712645999938958994e+02
9.716318929240454736e+02
9.721070352422873384e+02
9.725975429311878315e+02
9.731115671279716253e+02
9.736385857497499501e+02
9.741954607197117184e+02
9.747747669766238232e+02
9.753741030280416453e+02
9.759931207251891010e+02
9.766257012408822220e+02
9.772720194263411031e+02
9.779811947950879585e+02
9.787702384576280110e+02
9.795802046302967483e+02
9.805087061582798924e+02
9.814714184447515208e+02
9.824552061754790202e+02
9.834568089053993845e+02
9.844916751793703042e+02
9.855595235194368797e+02
9.866427229921687285e+02
9.877769498236081063e+02
9.890127308351277406e+02
9.902988940156149056e+02
9.916167383864105886e+02
9.929518294444661706e+02
9.943157361153014335e+02
9.958344183111234997e+02
9.974675030542789500e+02
9.991322202518597351e+02
1.000831604402440462e+03
1.002572098592822726e+03
1.004349347341933708e+03
1.006149190492706907e+03
1.007980128057671550e+03
1.009838316235626053e+03
1.011713773167972704e+03
1.013606595986164052e+03
1.015516884204091639e+03
1.017444737941164249e+03
1.019390255836975939e+03
1.021360253004748074e+03
1.023354408783503686e+03
1.025366491933375073e+03
1.027403231539173248e+03
1.029476051147305952e+03
1.031581350978452519e+03
1.033711124689727285e+03
1.035865631492284820e+03
1.038144105155581201e+03
1.040448268551367619e+03
1.042775665619958090e+03
1.045120568162673635e+03
1.047583334884643136e+03
1.050087462694931219e+03
1.052615311978479895e+03
1.055159245513229507e+03
1.057727192968186500e+03
1.060314901689121371e+03
1.062922058616755749e+03
1.065551428997348921e+03
1.068194247106480134e+03
1.070953903738814915e+03
1.073727879522208241e+03
1.076523302028828539e+03
1.079334672479015580e+03
1.082176488499552761e+03
1.085038498141889704e+03
1.087913835248835767e+03
1.090807930400146006e+03
1.093762498442682045e+03
1.096803778288352532e+03
1.099862415125225198e+03
1.102925136089030275e+03
1.105995033439073268e+03
1.109091478733097347e+03
1.112200346599496470e+03
1.115309866717784189e+03
1.118429747902202053e+03
1.121564288725951883e+03
1.124721847471726051e+03
1.127901600482326103e+03
1.131168227725466750e+03
1.134570949784905679e+03
1.137994832957826247e+03
1.141423073978784032e+03
1.144859426616713336e+03
1.148409655465017067e+03
1.151971773317547104e+03
1.155525979474756468e+03
1.159069896818049529e+03
1.162608081097301238e+03
1.166169740085750618e+03
1.169736012528065430e+03
1.173308109181846021e+03
1.176942335631782953e+03
1.180630686549180837e+03
1.184375172577440935e+03
1.188146580327753327e+03
1.191914829479995888e+03
1.195688748243350346e+03
1.199461058516615822e+03
1.203224444888003973e+03
1.206966533707009148e+03
1.210700256679293261e+03
1.214467122672741652e+03
1.218317699566418923e+03
1.222159040027710034e+03
1.225987867926077797e+03
1.229793636360144774e+03
1.233584443293199456e+03
1.237394548748088710e+03
1.241245659272300372e+03
1.245066582124197794e+03
1.248867224943695192e+03
1.252634325272732440e+03
1.256394465217538709e+03
1.260222252719917378e+03
1.264029691965149595e+03
1.267916002966122505e+03
1.271786343816099361e+03
1.275623198645540924e+03
1.279434431796188392e+03
1.283218555939640282e+03
1.286972220455589195e+03
1.290696158920675771e+03
1.294382050815416733e+03
1.298036184085743571e+03
1.301658101189914760e+03
1.305236141496381151e+03
1.308778648132202306e+03
1.312272155313848771e+03
1.315714625418055221e+03
1.319136965809030698e+03
1.322548035729786534e+03
1.326013756590092044e+03
1.329428611086053024e+03
1.332804242740235395e+03
1.336219721077290615e+03
1.339584994872298921e+03
1.342896416136014068e+03
1.346147822358912890e+03
1.349379959934239196e+03
1.352615356037895708e+03
1.355789470857628658e+03
1.358892537966912641e+03
1.361927941093167647e+03
1.364881488471436114e+03
1.367751755777524750e+03
1.370605189867453646e+03
1.373458845249052047e+03
1.376312286721226201e+03
1.379101266598783241e+03
1.381804380813843636e+03
1.384426067360696379e+03
1.387060796206962323e+03
1.389623066123389435e+03
1.392098132690512557e+03
1.394552601645017148e+03
1.397109599753674047e+03
1.399633353369533779e+03
1.402165532343675750e+03
1.404631717321869473e+03
1.407047591942427516e+03
1.409452086635903925e+03
1.411759791040142318e+03
1.413966037126356241e+03
1.416081057190144065e+03
1.418197706560719780e+03
1.420268364739348272e+03
1.422263401879975390e+03
1.424232852066613759e+03
1.426095457508257141e+03
1.427854274790707677e+03
1.429537039654961518e+03
1.431116110870498915e+03
1.432602290815971173e+03
1.434102729360228977e+03
1.435503607618329170e+03
1.436839182696431635e+03
1.438142785205774089e+03
1.439338521098260799e+03
1.440440203887647613e+03
1.441467935614531370e+03
1.442393353732761625e+03
1.443270967849868157e+03
1.444102102064843621e+03
1.444933170966014131e+03
1.445684241086931252e+03
1.446329552679619837e+03
1.446914789765952492e+03
1.447478350244718058e+03
1.447953278694147684e+03
1.448327641106438477e+03
1.448618475878398158e+03
1.448819790478599771e+03
1.448940980145286630e+03
1.448958749681343306e+03
1.448981716719816632e+03
1.449048467706323891e+03
1.449132674072470763e+03
1.449170940108207787e+03
1.449104062245120076e+03
1.448931554051724788e+03
1.448733099960028085e+03
1.448461701088838254e+03
1.448268792601476434e+03
1.448015787538988434e+03
1.447748352326487975e+03
1.447447236142605334e+03
1.447097791762433872e+03
1.446635723181747835e+03
1.446062462664808663e+03
1.445410734109323130e+03
1.444680007921990637e+03
1.443834159268179974e+03
1.442876184331133572e+03
1.441812279980096491e+03
