1.738265915059188264e+05
1.738985463648958830e+05
1.739651574761016527e+05
1.740266997774863848e+05
1.740823432122672384e+05
1.741329033929408761e+05
1.741789289033403911e+05
1.742203866363245761e+05
1.742569163360464154e+05
1.742883395149218559e+05
1.743155899686399207e+05
1.743376881647567498e+05
1.743555551153669949e+05
1.743682460585155641e+05
1.743754794734780735e+05
1.743770779902372742e+05
1.743732041758569540e+05
1.743656351216986950e+05
1.743524034728656407e+05
1.743331802218562807e+05
1.743087481887704344e+05
1.742792967379267502e+05
1.742452471899003722e+05
1.742059340560428682e+05
1.741621442722049833e+05
1.741143472566723940e+05
1.740627121725775069e+05
1.740060417738358956e+05
1.739450071327584446e+05
1.738800329497272032e+05
1.738113573038619361e+05
1.737399903649537300e+05
1.736653940738414531e+05
1.735857938699860242e+05
1.735028020689378027e+05
1.734184842175199301e+05
1.733315097290193080e+05
1.732425532876050274e+05
1.731527036670629459e+05
1.730612245579996670e+05
1.729682572503338743e+05
1.728722677180015307e+05
1.727748750725890568e+05
1.726755084392822755e+05
1.725743225538744882e+05
1.724721555315992737e+05
1.723683980566686951e+05
1.722632635782721627e+05
1.721570469647620339e+05
1.720512707322859205e+05
1.719458188176786352e+05
1.718400936966205481e+05
1.717356277302453527e+05
1.716313624586283404e+05
1.715281052981398825e+05
1.714255493444794556e+05
1.713241038863804424e+05
1.712241660369318852e+05
1.711264052808989363e+05
1.710317060081608070e+05
1.709397030630041263e+05
1.708500976504707651e+05
1.707635723825012392e+05
1.706782475261962391e+05
1.705968173835454218e+05
1.705191143473170232e+05
1.704458636013125069e+05
1.703757776507466042e+05
1.703088446486738685e+05
1.702455338134908525e+05
1.701854609393254214e+05
1.701287056294659269e+05
1.700767947622218926e+05
1.700306139442911081e+05
1.699903035142946464e+05
1.699565474210960674e+05
1.699297650119969621e+05
1.699094555103455496e+05
1.698947181969268131e+05
1.698868833933931601e+05
1.698859938027038588e+05
1.698932572432780289e+05
1.699079917221817304e+05
1.699294295081117598e+05
1.699583766517933109e+05
1.699957699609335687e+05
1.700423471092969412e+05
1.700982967205106688e+05
1.701646343515303743e+05
1.702427519389501249e+05
1.703319587872341799e+05
1.704315422635617724e+05
1.705405427321054740e+05
1.706603222628856311e+05
1.707897355279493204e+05
1.709305725786474941e+05
1.710847849923966860e+05
1.712500818372062931e+05
1.714272896069381095e+05
1.716158071129500750e+05
1.718153844578260614e+05
1.720276258613750106e+05
1.722535364136033168e+05
1.724918795389267034e+05
1.727447665969632508e+05
1.730116491204154736e+05
1.732917770643156255e+05
1.735856659823261434e+05
1.738941426320870814e+05
1.742174659222105111e+05
1.745545834802018944e+05
1.749057041086635727e+05
1.752720347346594499e+05
1.756521697361041734e+05
1.760462329915805603e+05
1.764555707134325057e+05
1.768797209712441545e+05
1.773200900079412386e+05
1.777771868726989778e+05
1.782502858852290665e+05
1.787376678345347173e+05
1.792414369676425122e+05
1.797627482995000901e+05
1.802995031071094854e+05
1.808502768900612427e+05
1.814155989542397729e+05
1.819960376392818580e+05
1.825924587085935927e+05
1.832058434485432517e+05
1.838354583493795944e+05
1.844807224203754449e+05
1.851409642246501753e+05
1.858143619446513185e+05
1.865015794899557077e+05
1.872026379463211342e+05
1.879184235736179398e+05
1.886479516420848086e+05
1.893912881079373183e+05
1.901500521375581156e+05
1.909239292760447424e+05
1.917128678106683656e+05
1.925173126804433414e+05
1.933356353164997417e+05
1.941676118511669920e+05
1.950137861361554242e+05
1.958755437803709065e+05
1.967508470574705570e+05
1.976386705435001932e+05
1.985378684923216351e+05
1.994507868621464295e+05
2.003764553575333557e+05
2.013153842191800650e+05
2.022654001203950029e+05
2.032280596571310016e+05
2.042026741771254165e+05
2.051904222571593127e+05
2.061883570744594617e+05
2.071976495383058209e+05
2.082193477458286798e+05
2.092531210831659264e+05
2.102972928863798152e+05
2.113523236264771549e+05
2.124168482834501774e+05
2.134894068948509521e+05
2.145679054069621488e+05
2.156540605127894960e+05
2.167477354767165962e+05
2.178489532738270354e+05
2.189572683958885318e+05
2.200716935669695376e+05
2.211918072621572355e+05
2.223170295532891178e+05
2.234465460861865722e+05
2.245800446951775812e+05
2.257179977263981709e+05
2.268598311811661406e+05
2.280048936640095781e+05
2.291536929878199007e+05
2.303015017156673712e+05
2.314517480896824563e+05
2.326031656287569785e+05
2.337554612311437377e+05
2.349078202171225275e+05
2.360594588880210649e+05
2.372098878829392197e+05
2.383596661231491598e+05
2.395079612152577320e+05
2.406534888349297689e+05
2.417955664549242647e+05
2.429327920461500762e+05
2.440648575937662681e+05
2.451920236913785338e+05
2.463134188403281732e+05
2.474276257372242690e+05
2.485341838349128957e+05
2.496331972032827907e+05
2.507245222485874838e+05
2.518064496201634174e+05
2.528780044067567796e+05
2.539397584358985769e+05
2.549922454434290703e+05
2.560343339069328504e+05
2.570652290361000341e+05
2.580852984885099868e+05
2.590941358805192867e+05
2.600898839205332915e+05
2.610723217543651990e+05
2.620405313106293615e+05
2.629945028637599899e+05
2.639339085085275583e+05
2.648584182490898529e+05
2.657668877289152588e+05
2.666593399661713047e+05
2.675345368281894480e+05
2.683913429529320565e+05
2.692293364607792464e+05
2.700490147462423774e+05
2.708511549515826628e+05
2.716357405319429236e+05
2.724007487996959826e+05
2.731453343043953064e+05
2.738695481171637657e+05
2.745721742001571110e+05
2.752535072138657561e+05
2.759135389368732576e+05
2.765518880867034313e+05
2.771689982329836348e+05
2.777650348307880922e+05
2.783393342630912666e+05
2.788908567574139452e+05
2.794195185958960210e+05
2.799251694928288343e+05
2.804069216249329620e+05
2.808638156258441159e+05
2.812962116507397732e+05
2.817042648119606893e+05
2.820881451102014398e+05
2.824473196918338654e+05
2.827807550492687733e+05
2.830886775279458961e+05
2.833702616890158970e+05
2.836252862526169047e+05
2.838538952555248979e+05
2.840560576318530366e+05
2.842314080187155632e+05
2.843794931421514484e+05
2.845011646306877374e+05
2.845953272008236963e+05
2.846614104642313905e+05
2.846993920135241351e+05
2.847100573386162287e+05
2.846949991519208997e+05
2.846518370276428177e+05
2.845805914884954691e+05
2.844813109511995572e+05
2.843549102913643583e+05
2.842008514042879106e+05
2.840200610317257233e+05
2.838121958413881948e+05
2.835777408732246840e+05
2.833172517954650684e+05
2.830310617775484570e+05
2.827195295287313056e+05
2.823825393044425873e+05
2.820199546034730738e+05
2.816323123867569957e+05
2.812202168341383804e+05
2.807841759208118892e+05
2.803242018631997053e+05
2.798399773222694639e+05
2.793314910563949961e+05
2.787993413121260237e+05
2.782443785430915304e+05
2.776668111434720922e+05
2.770664076645804453e+05
2.764445360408421839e+05
2.758010153770119650e+05
2.751362801816206775e+05
2.744500870916218264e+05
2.737427132506971247e+05
2.730146151628622902e+05
2.722658486911769724e+05
2.714969791120522423e+05
2.707092077515234123e+05
2.699023664873039816e+05
2.690768184502589866e+05
2.682330114998618374e+05
2.673728790662183892e+05
2.664962341852505342e+05
2.656035994433183223e+05
2.646954080353269819e+05
2.637714726372844307e+05
2.628322495508051361e+05
2.618781392867119575e+05
2.609089243049688230e+05
2.599260738533202675e+05
2.589301415761355602e+05
2.579226471975083696e+05
2.569038581633030844e+05
2.558741247063608898e+05
2.548329863731814257e+05
2.537807582888194884e+05
2.527186224009079160e+05
2.516474552853520436e+05
2.505670387211709167e+05
2.494787817925975251e+05
2.483824025501768338e+05
2.472768021513050480e+05
2.461632053677668155e+05
2.450449732892799075e+05
2.439215485179485404e+05
2.427922094108379970e+05
2.416610598215388018e+05
2.405280283973143378e+05
2.393913786071488285e+05
2.382518017666088417e+05
2.371085884538097889e+05
2.359646428431088862e+05
2.348204368946725735e+05
2.336764864760280470e+05
2.325331064814229321e+05
2.313910239383332955e+05
2.302510671367290197e+05
2.291131691137762100e+05
2.279776465856488794e+05
2.268445295086958795e+05
2.257159940172236820e+05
2.245891725048376829e+05
2.234655627943038126e+05
2.223452590949552250e+05
2.212304270014070498e+05
2.201222653358058305e+05
2.190184919272648985e+05
2.179215117904880026e+05
2.168323651178670698e+05
2.157511050915835076e+05
2.146773824529824778e+05
2.136123784747447935e+05
2.125563113723016286e+05
2.115105984085245873e+05
2.104741298757656477e+05
2.094463705338037107e+05
2.084291711511319736e+05
2.074225314127863385e+05
2.064259700973323197e+05
2.054400971804967849e+05
2.044650996682224213e+05
2.035035287783030362e+05
2.025549715191030700e+05
2.016183361538143363e+05
2.006943915643809596e+05
1.997834336309698410e+05
1.988837474173522205e+05
1.979967892463075113e+05
1.971218996357556316e+05
1.962600862354333221e+05
1.954114537922578747e+05
1.945758654261637712e+05
1.937555780513801146e+05
1.929497375634370546e+05
1.921591620597810252e+05
1.913848915165789076e+05
1.906251212508430763e+05
1.898806995829831576e+05
1.891516467365524149e+05
1.884376478826876264e+05
1.877399514140744577e+05
1.870595621064600709e+05
1.863961366122078325e+05
1.857491260522460798e+05
1.851184593587740965e+05
1.845043119544537622e+05
1.839058706611771486e+05
1.833218633889690682e+05
1.827517175547018705e+05
1.821978688946209149e+05
1.816592645987397118e+05
1.811362583880620659e+05
1.806288811246383120e+05
1.801371135944356793e+05
1.796635349779648823e+05
1.792057406761526654e+05
1.787627300586145138e+05
1.783351914864111459e+05
1.779230299890190945e+05
1.775259652811302803e+05
1.771433679638020112e+05
1.767750133544431301e+05
1.764204694945425726e+05
1.760811772353245178e+05
1.757562038004466740e+05
1.754451588391720725e+05
1.751473571537641692e+05
1.748635021449326887e+05
1.745958235154630092e+05
1.743432015644056955e+05
1.741032337060648133e+05
1.738754255549301452e+05
1.736599488472292142e+05
1.734581547980179894e+05
1.732695013618581288e+05
1.730922691578551603e+05
1.729257176545508846e+05
1.727736969822247047e+05
1.726342232213115203e+05
1.725053912997507141e+05
1.723878884870330803e+05
1.722807365602563077e+05
1.721836491579950380e+05
1.720978771429029002e+05
1.720236004083166481e+05
1.719584198255283991e+05
1.719033131952297117e+05
1.718582822074824944e+05
1.718225135400129366e+05
1.717961206019480887e+05
1.717778542373087839e+05
1.717698818175250199e+05
1.717715318788654404e+05
1.717803352842014865e+05
1.717965645585894235e+05
1.718198770174602687e+05
1.718509525512488908e+05
1.718905732670227881e+05
1.719349494441044808e+05
1.719846474705653673e+05
1.720393463767309731e+05
1.720978553741999494e+05
1.721606890775673382e+05
1.722283400707407272e+05
1.722994676810613309e+05
1.723745471927391773e+05
1.724537862245664583e+05
1.725369876276255527e+05
1.726229818211557576e+05
1.727129403608771099e+05
1.728078883320339373e+05
1.729052203681587416e+05
1.730060990615892515e+05
1.731100398850028287e+05
1.732163645047828031e+05
1.733243932099532976e+05
1.734330459457520046e+05
1.735419558278722106e+05
1.736533497587766615e+05
1.737672405155049055e+05
1.738805754607330309e+05
1.739940467461881344e+05
1.741083570248750329e+05
1.742209768496488687e+05
1.743332198019156349e+05
1.744465875641235325e+05
1.745607095081964508e+05
1.746763494896324701e+05
1.747903768224364612e+05
1.749027745559542964e+05
1.750127856118271011e+05
1.751230375329117232e+05
1.752316539388676756e+05
1.753380487688180001e+05
1.754410945682826859e+05
1.755405836485212203e+05
1.756377493061537389e+05
1.757328586689475051e+05
1.758251743387987080e+05
1.759153285307195911e+05
1.760015617765869829e+05
1.760832539397653309e+05
1.761602281817379990e+05
1.762336148924047884e+05
1.763034134403556527e+05
1.763675652058852720e+05
1.764271708344981889e+05
1.764838992572387506e+05
1.765375439562996617e+05
1.765872861294172762e+05
1.766319008561803494e+05
1.766724123233734281e+05
1.767079477760803420e+05
1.767379036578089581e+05
1.767637556709412311e+05
1.767854383821022639e+05
1.768013570301030704e+05
1.768120489743370272e+05
1.768175263217231259e+05
1.768171603771301161e+05
1.768110676731073763e+05
1.767999218106962799e+05
1.767833329067582963e+05
1.767607613034544338e+05
1.767311217671552440e+05
1.766968313128351001e+05
1.766572575021293305e+05
1.766113317158822611e+05
1.765590864241275704e+05
1.765007372194681957e+05
1.764368978621411661e+05
1.763684598070464272e+05
1.762943109876562958e+05
1.762138154598964029e+05
1.761282806823682331e+05
1.760382016977739986e+05
1.759433742385026999e+05
1.758420855297723901e+05
1.757351483671037131e+05
1.756225208246772236e+05
1.755038737775735208e+05
1.753804424997745955e+05
1.752517978048612131e+05
1.751183051056704135e+05
1.749803460767483921e+05
1.748366569243039994e+05
1.746867414136396255e+05
1.745313162432022218e+05
1.743715427262409066e+05
1.742057589703170233e+05
1.740342147020132397e+05
1.738573427259213640e+05
1.736748538605792273e+05
1.734876783407385519e+05
1.732956282730462553e+05
1.730979743427376670e+05
1.728949639074195002e+05
1.726861389939208457e+05
1.724721254359458690e+05
1.722530903372961329e+05
1.720293361712326587e+05
1.718011533384212235e+05
1.715685755570922047e+05
1.713315825273301452e+05
1.710892201872467413e+05
1.708424856660619844e+05
1.705918005637692404e+05
1.703361881937319704e+05
1.700761083913604962e+05
1.698125738098260772e+05
1.695458491087865550e+05
1.692740657113402849e+05
1.689976423443377716e+05
1.687173609503351327e+05
1.684336052725299378e+05
1.681459805443965597e+05
1.678536426637646509e+05
1.675563440628802055e+05
1.672562685089285951e+05
1.669530496358554228e+05
1.666466446745046414e+05
1.663372337033703807e+05
1.660247605055548484e+05
1.657085497865713551e+05
1.653891738186286238e+05
1.650668439812329307e+05
1.647421004292397411e+05
1.644152959235665330e+05
1.640852890384096827e+05
1.637523929900222283e+05
1.634162035274763766e+05
1.630769579241361353e+05
1.627350304006441147e+05
1.623909512020765105e+05
1.620442481149309024e+05
1.616962887767670327e+05
1.613457335543257650e+05
1.609929965042410186e+05
1.606378559937654645e+05
1.602812542654380377e+05
1.599229434414469870e+05
1.595622976650996134e+05
1.592005761066834675e+05
1.588376596731083409e+05
1.584737365701333620e+05
1.581085149440260429e+05
1.577413701250884915e+05
1.573727303785098193e+05
1.570035104982178891e+05
1.566336045710679027e+05
1.562629570733916771e+05
1.558914809296193707e+05
1.555198312097987800e+05
1.551487450683112547e+05
1.547764721242540400e+05
1.544031220410103560e+05
1.540294390492898528e+05
1.536553162907026999e+05
1.532804338036818663e+05
1.529058744859451253e+05
1.525313853425777634e+05
1.521572058046557358e+05
1.517836163716720766e+05
1.514102582593081461e+05
1.510369044542429037e+05
1.506633016985200811e+05
1.502904133009800862e+05
1.499175124506840657e+05
1.495447635312529164e+05
1.491730172207705036e+05
1.488019446939642075e+05
1.484316353717529273e+05
1.480629967413051054e+05
1.476953208428966464e+05
1.473289226232153596e+05
1.469638364176440809e+05
1.466004475303133077e+05
1.462386235409318761e+05
1.458777776483799389e+05
1.455173647980883252e+05
1.451572031030857470e+05
1.447984073550641770e+05
1.444419710931934242e+05
1.440873789273268776e+05
1.437348623847997223e+05
1.433840175336490211e+05
1.430352127017532766e+05
1.426879947239333414e+05
1.423430039873322239e+05
1.420000835098255775e+05
1.416598058716389933e+05
1.413215412038252107e+05
1.409859182160490018e+05
1.406521389484416286e+05
1.403207604627276596e+05
1.399924226651095669e+05
1.396667299520862871e+05
1.393436114521033887e+05
1.390224900433546572e+05
1.387032991668332252e+05
1.383870296259238385e+05
1.380734952058416093e+05
1.377626736871844914e+05
1.374540645713799167e+05
1.371479502835729800e+05
1.368442817173113581e+05
1.365433207060738350e+05
1.362446259682192176e+05
1.359482166070646199e+05
1.356537393994713202e+05
1.353620206650240289e+05
1.350734965400836663e+05
1.347881950754711288e+05
1.345060285645912518e+05
1.342267776193328609e+05
1.339503158250897250e+05
1.336769006621803564e+05
1.334061074001066154e+05
1.331386051997123868e+05
1.328741612093197764e+05
1.326128193872717675e+05
1.323542349872524501e+05
1.320990638080969220e+05
1.318479023401734012e+05
1.315999105683741509e+05
1.313551616806858510e+05
1.311142261934840644e+05
1.308765698796509532e+05
1.306426864788850507e+05
1.304114633993891912e+05
1.301831424923887243e+05
1.299590445878633909e+05
1.297389757512140641e+05
1.295219344596799201e+05
1.293081115919136355e+05
1.290981723883936211e+05
1.288917887351706740e+05
1.286885476741313323e+05
1.284882714796229993e+05
1.282912334628098179e+05
1.280973832981514133e+05
1.279071499232206552e+05
1.277197920005230699e+05
1.275361179994412523e+05
1.273558034878806939e+05
1.271783181574345217e+05
1.270037982207905588e+05
1.268327912262494647e+05
1.266651406927970384e+05
1.265004406342342845e+05
1.263388574935204524e+05
1.261800955024920404e+05
1.260242187679128983e+05
1.258710293640312448e+05
1.257207765803823131e+05
1.255734717826740089e+05
1.254291396841147653e+05
1.252876493165339925e+05
1.251487855448190821e+05
1.250129837386870931e+05
1.248802183712401602e+05
1.247499992505434493e+05
1.246229884121084324e+05
1.244986772541395330e+05
1.243770905785081122e+05
1.242585453866741154e+05
1.241427784504410229e+05
1.240295739916003804e+05
1.239192498714057438e+05
1.238117626337857509e+05
1.237065850832510914e+05
1.236034395042081742e+05
1.235025391721666238e+05
1.234043031742773601e+05
1.233085361920207943e+05
1.232149697765012534e+05
1.231238617820184445e+05
1.230357473197066865e+05
1.229502018374063482e+05
1.228667705259284412e+05
1.227856737271310703e+05
1.227068569434047240e+05
1.226301922437316971e+05
1.225556638654577982e+05
1.224833538377183431e+05
1.224129994898389996e+05
1.223447442259769159e+05
1.222784378287748987e+05
1.222136315883952484e+05
1.221504973142142699e+05
1.220893096841920633e+05
1.220300845111775852e+05
1.219727489813905268e+05
1.219169504615724290e+05
1.218630390228297620e+05
1.218109281793180417e+05
1.217603416981173505e+05
1.217111865547620255e+05
1.216641189119061310e+05
1.216188156572094013e+05
1.215753222970200732e+05
1.215336428444489866e+05
1.214935194425663649e+05
1.214551042052130797e+05
1.214184911197981564e+05
1.213836547977921873e+05
1.213503899562147708e+05
1.213188236957799527e+05
1.212888767967418244e+05
1.212606659870211006e+05
1.212341496978250652e+05
1.212092922155220294e+05
1.211858273646732268e+05
1.211638667163789214e+05
1.211432193743352545e+05
1.211240359914209403e+05
1.211064171165984590e+05
1.210902186879877117e+05
1.210755314020030637e+05
1.210620347715256066e+05
1.210498218874776940e+05
1.210387017157677328e+05
1.210286790854251594e+05
1.210197585137401620e+05
1.210122373980806005e+05
1.210059241387351940e+05
1.210007245244461519e+05
1.209966819538039854e+05
1.209939568934674899e+05
1.209924711749421549e+05
1.209923581863506406e+05
1.209936050067469478e+05
1.209963032541490538e+05
1.210004250621021492e+05
1.210059624543092359e+05
1.210130475875547127e+05
1.210216187740598543e+05
1.210316348906794155e+05
1.210430757322447171e+05
1.210562405472245155e+05
1.210710465866796731e+05
1.210874412662750256e+05
1.211053750359116239e+05
1.211248431093956897e+05
1.211460109685074276e+05
1.211687169142342027e+05
1.211933261170461337e+05
1.212196704391985841e+05
1.212476841159671021e+05
1.212773475080043136e+05
1.213089579645947379e+05
1.213423294068437681e+05
1.213774472326818359e+05
1.214142196768155409e+05
1.214527897887304571e+05
1.214931076378426515e+05
1.215353165536790329e+05
1.215796171439697500e+05
1.216258745138914674e+05
1.216743637188455614e+05
1.217250686192340654e+05
1.217780083498577442e+05
1.218333237170629873e+05
1.218912687036902207e+05
1.219515229187298391e+05
1.220142591533084342e+05
1.220792373197106499e+05
1.221464179587646504e+05
1.222157597393735923e+05
1.222873481828112999e+05
1.223613618454367097e+05
1.224377884837877064e+05
1.225166139599986927e+05
1.225978791849629197e+05
1.226812111359498231e+05
1.227669256234080676e+05
1.228554425755891134e+05
1.229470029139940307e+05
1.230414051805509516e+05
1.231384173887014331e+05
1.232374635510524386e+05
1.233387728077836509e+05
1.234428771839332767e+05
1.235501146468460211e+05
1.236601176484041644e+05
1.237732569773425203e+05
1.238898275221885269e+05
1.240097342642781732e+05
1.241325154062819638e+05
1.242583353510785237e+05
1.243869697272509511e+05
1.245190311181434081e+05
1.246542554051046754e+05
1.247922695692947600e+05
1.249333849019486952e+05
1.250776638003986736e+05
1.252251936991306429e+05
1.253760517838976375e+05
1.255298403616919531e+05
1.256865778535727150e+05
1.258464033823987702e+05
1.260093970055560494e+05
1.261754668094294320e+05
1.263445707252009452e+05
1.265171101686748152e+05
1.266925675139778759e+05
1.268712798958733765e+05
1.270535246290664363e+05
1.272394280676872004e+05
1.274289614915701968e+05
1.276220020232785755e+05
1.278184308882633923e+05
1.280182407062179991e+05
1.282213118283573713e+05
1.284277615830066206e+05
1.286374705661680346e+05
1.288503450487518130e+05
1.290667713632952364e+05
1.292870108722600562e+05
1.295111423681697779e+05
1.297387918772837147e+05
1.299699324615469086e+05
1.302043904627305164e+05
1.304420451435787108e+05
1.306824515860194806e+05
1.309257753587505140e+05
1.311726871348790883e+05
1.314229117684904195e+05
1.316761722618628119e+05
1.319327071179350023e+05
1.321921570193120860e+05
1.324552767427345680e+05
1.327213753628924605e+05
1.329906820095068542e+05
1.332626246991877269e+05
1.335381402721902414e+05
1.338170655687151302e+05
1.340989490449719597e+05
1.343841566099697375e+05
1.346731621083833452e+05
1.349650118337195017e+05
1.352599275501505472e+05
1.355582917197663628e+05
1.358593016784223146e+05
1.361635544496510993e+05
1.364706488589943619e+05
1.367802914143258531e+05
1.370919634911971807e+05
1.374057219213412900e+05
1.377222827311178553e+05
1.380413397857691743e+05
1.383633496458243171e+05
1.386874530580036808e+05
1.390152233358036028e+05
1.393462156609950762e+05
1.396791274489958887e+05
1.400149682894108118e+05
1.403532041334421374e+05
1.406936139740669751e+05
1.410358245083795046e+05
1.413794008036915911e+05
1.417249540457776166e+05
1.420723489939657156e+05
1.424216662425207905e+05
1.427724856576668390e+05
1.431248219392840401e+05
1.434778372432877659e+05
1.438328465036408743e+05
1.441903132082248048e+05
1.445483259736073087e+05
1.449073070042936888e+05
1.452670607290366024e+05
1.456278474775225623e+05
1.459897843570894620e+05
1.463529777825752390e+05
1.467174913296120649e+05
1.470821687575192191e+05
1.474476500504950818e+05
1.478129306878571515e+05
1.481784187049644243e+05
1.485438208102645294e+05
1.489091455448109773e+05
1.492740907025054039e+05
1.496391991741382517e+05
1.500046687253673445e+05
1.503699863563076069e+05
1.507352890114522888e+05
1.511008606899557926e+05
1.514654403078098549e+05
1.518295948484426772e+05
1.521942052677548199e+05
1.525593659264623711e+05
1.529248763558909413e+05
1.532899810403185838e+05
1.536547130456826126e+05
1.540195689828976756e+05
1.543845859555490024e+05
1.547491725795140374e+05
1.551129925868078426e+05
1.554759905479117006e+05
1.558371106454441615e+05
1.561969799883645901e+05
1.565558279717956320e+05
1.569135952915220696e+05
1.572699308081157214e+05
1.576248798577127163e+05
1.579779134458123881e+05
1.583287626481762272e+05
1.586776067446428351e+05
1.590240023828775738e+05
1.593685576339105028e+05
1.597115660878921335e+05
1.600531980544031248e+05
1.603930807225854078e+05
1.607296046035863110e+05
1.610635544190552901e+05
1.613944499114245700e+05
1.617231045881671016e+05
1.620499669470324006e+05
1.623737495525642880e+05
1.626949070931538590e+05
1.630133281895873079e+05
1.633278800017622125e+05
1.636397244819784537e+05
1.639484603359012399e+05
1.642552406919245259e+05
1.645587601835494570e+05
1.648591542585985153e+05
1.651554296155769553e+05
1.654477002159032563e+05
1.657359222316631058e+05
1.660210418749873643e+05
1.663018606573463185e+05
1.665794121867662179e+05
1.668531025404790416e+05
1.671229726671974640e+05
1.673885794997437042e+05
1.676502844048171828e+05
1.679069722213624336e+05
1.681595146000314853e+05
1.684077568049747788e+05
1.686523380361297750e+05
1.688932795242116845e+05
1.691297952096046647e+05
1.693608554111632402e+05
1.695875378780126921e+05
1.698103539672689221e+05
1.700289429733811994e+05
1.702427694730453077e+05
1.704517837231355079e+05
1.706551060065871570e+05
1.708541644241558097e+05
1.710467442306603771e+05
1.712331055188613827e+05
1.714147681256369979e+05
1.715906643187714217e+05
1.717620435842523293e+05
1.719281031004594406e+05
1.720883007547245652e+05
1.722429332600914640e+05
1.723922607710550074e+05
1.725356801624055952e+05
1.726734524038009113e+05
1.728065149113959633e+05
1.729345658447504975e+05
1.730576743121747568e+05
1.731744272103116382e+05
1.732846321148630523e+05
1.733888199492625135e+05
1.734870319963057409e+05
1.735795837003284832e+05
1.736670605810603593e+05
1.737491443736235669e+05
1.738265915059188264e+05
