5.719221891947686345e+02
5.721419679418527267e+02
5.723824768119102373e+02
5.726155203244047698e+02
5.728498403212977337e+02
5.730803487589125780e+02
5.733075867543573167e+02
5.735242584947336582e+02
5.737298856938676863e+02
5.739277653770441248e+02
5.741167947393780651e+02
5.742945917940662639e+02
5.744610969194545760e+02
5.746169038257104376e+02
5.747666469860990901e+02
5.749060117641490706e+02
5.750457004761204871e+02
5.751830979372550701e+02
5.753181504114968448e+02
5.754463257285578948e+02
5.755630275390694806e+02
5.756872771965653328e+02
5.758299901477995490e+02
5.759735070244994404e+02
5.761312975604064377e+02
5.762832358177654442e+02
5.764678957781607096e+02
5.766553757131493967e+02
5.768333204169600776e+02
5.769990002177347606e+02
5.771580973103732504e+02
5.773089255951698533e+02
5.774485856899409555e+02
5.775797792151004160e+02
5.776983790690512706e+02
5.778312373115641094e+02
5.779634668988617250e+02
5.780845618022228791e+02
5.782428082374394762e+02
5.783912164725036291e+02
5.785276033214726112e+02
5.786545947657580200e+02
5.787700138104275993e+02
5.788725171508267522e+02
5.789721279174998472e+02
5.790774438903200689e+02
5.791964150857643290e+02
5.793520169017799617e+02
5.794968375605230904e+02
5.796288036227695102e+02
5.797500895433566939e+02
5.798590748536814772e+02
5.799552969044148085e+02
5.800388209179733394e+02
5.801097296119503426e+02
5.801701072645851127e+02
5.802211447186177793e+02
5.802981780894789381e+02
5.803701449683824194e+02
5.804325629823329109e+02
5.804869617226211176e+02
5.805323087782815037e+02
5.805854202158670887e+02
5.806679590618118709e+02
5.807786169318104612e+02
5.808780301630924896e+02
5.809837005620438504e+02
5.811170155306856486e+02
5.812454661879249898e+02
5.813682132707257324e+02
5.815074840572027597e+02
5.816635799305491901e+02
5.818102957274586515e+02
5.819929532525653713e+02
5.821670577495608541e+02
5.823304739991828001e+02
5.824839326562512269e+02
5.826281004854466801e+02
5.827925837119972812e+02
5.829662276889289387e+02
5.831337322962127701e+02
5.832994336930452164e+02
5.834554832106159665e+02
5.836042832545829242e+02
5.837924866794326135e+02
5.839782485427349457e+02
5.841746511677943090e+02
5.843850279157427394e+02
5.845895211696209799e+02
5.847845599499602258e+02
5.849779820543413962e+02
5.851607949050796833e+02
5.853330319949172917e+02
5.854947390157083191e+02
5.856587258862757608e+02
5.858650793294708592e+02
5.860879760895680874e+02
5.863714717790578561e+02
5.866511378337711449e+02
5.869248477023442092e+02
5.871960084475254007e+02
5.874579013275720172e+02
5.877202024856237585e+02
5.879960129004537066e+02
5.883672770119599136e+02
5.887463007634275982e+02
5.891229847711440470e+02
5.894946579722810611e+02
5.898633404616064126e+02
5.902224466180637137e+02
5.906377921294217685e+02
5.910606895993864782e+02
5.914735953296141133e+02
5.918855335834165317e+02
5.923169710833151385e+02
5.927868076187819497e+02
5.932603081578465662e+02
5.937238584944502691e+02
5.941785282298587845e+02
5.946280978361986627e+02
5.950803740665749046e+02
5.955488473846071429e+02
5.960071944793221519e+02
5.964565556753346982e+02
5.969013943120118029e+02
5.973363381665212728e+02
5.977639018719870592e+02
5.981941938382645958e+02
5.986178923040156405e+02
5.990328323491949050e+02
5.994809956478711683e+02
5.999839146033333463e+02
6.005008225720405335e+02
6.010899111968144553e+02
6.017289782149331359e+02
6.024488579396027035e+02
6.031888960707240130e+02
6.039166987675091605e+02
6.046324566543021319e+02
6.053442632466329769e+02
6.060479808890647746e+02
6.067402967371597242e+02
6.074181435673494889e+02
6.081022089252812748e+02
6.088152385910472049e+02
6.095432130898299192e+02
6.102592223901961006e+02
6.109583872049327056e+02
6.116427535266079758e+02
6.123113906670121196e+02
6.129952161100786725e+02
6.136843492311803629e+02
6.143822375204553055e+02
6.150708812930909062e+02
6.157847595279880579e+02
6.164854616552337347e+02
6.171933481749490511e+02
6.179029144176884074e+02
6.186134282637556225e+02
6.193197964339474311e+02
6.200037929907356329e+02
6.206663349761205382e+02
6.213100806888606940e+02
6.219448779871499937e+02
6.225767124894581457e+02
6.232964292347930950e+02
6.240196529377897150e+02
6.247506899659582587e+02
6.254750693106102517e+02
6.261749990075395544e+02
6.269062611579836357e+02
6.277454087775277003e+02
6.285839449181474947e+02
6.293970623783558267e+02
6.301848249639274400e+02
6.309738830263499949e+02
6.317565383464570914e+02
6.325320066010241362e+02
6.333523916917670249e+02
6.341902680236531751e+02
6.350439840066934494e+02
6.359066525244679724e+02
6.367411041412696022e+02
6.375754231820742461e+02
6.384491372128524063e+02
6.393179905283187736e+02
6.401780616105729678e+02
6.410090706765665800e+02
6.418094994028776910e+02
6.425786729404918560e+02
6.433162210554497733e+02
6.440500388445516364e+02
6.448026001650794115e+02
6.455570675338842648e+02
6.462841087086593461e+02
6.470088633588711673e+02
6.477001331275757821e+02
6.483830551981973258e+02
6.490923600949430465e+02
6.497802435542845387e+02
6.504611348218877538e+02
6.511075393538386606e+02
6.517213193072050217e+02
6.523122291377496822e+02
6.528903258135271699e+02
6.534382047720803257e+02
6.539539154336650881e+02
6.544442484285904129e+02
6.549862053883648514e+02
6.555385044710917555e+02
6.560625663331420583e+02
6.566161952681181901e+02
6.571933138976471582e+02
6.577352202926367681e+02
6.582418849489913555e+02
6.587133090896162457e+02
6.592012040365486882e+02
6.597076125040954366e+02
6.601830475788822241e+02
6.606252453102198388e+02
6.610322943183151665e+02
6.614448403468836659e+02
6.618424638701765161e+02
6.622324915883577887e+02
6.626135313404593035e+02
6.630324189323205246e+02
6.634660999088939661e+02
6.639007687532722457e+02
6.643779871942558657e+02
6.648628753685229640e+02
6.653439186573971256e+02
6.657913357994069656e+02
6.663096790983606752e+02
6.668397868892565157e+02
6.673647627991982745e+02
6.679171172752166967e+02
6.684427286833517883e+02
6.689526633777641109e+02
6.694538290719553970e+02
6.699283727381173321e+02
6.703879403515196600e+02
6.708405718335171741e+02
6.712618517599340748e+02
6.716531682116425372e+02
6.720161398932891643e+02
6.723487228141129890e+02
6.726746929367335497e+02
6.729888052402188805e+02
6.733431470922014341e+02
6.736964522162998037e+02
6.740723490755417515e+02
6.744635608874955324e+02
6.748318100726243074e+02
6.751718047506593621e+02
6.754836888816270175e+02
6.757855031431384987e+02
6.761137953819273889e+02
6.764406122312202569e+02
6.767611714027650578e+02
6.770889220585484054e+02
6.774178082817694531e+02
6.777593532071409754e+02
6.781156649426637841e+02
6.784440122095028300e+02
6.787517024286858032e+02
6.790685422184322988e+02
6.793617191323693305e+02
6.796264049828637326e+02
6.799075431190162817e+02
6.801925902911099229e+02
6.805037026030938705e+02
6.808036048583857109e+02
6.810741704071217555e+02
6.813649481463787652e+02
6.816584950562587437e+02
6.819775056663640953e+02
6.822691444938312770e+02
6.825943502670236285e+02
6.829250869199464660e+02
6.832740523157347070e+02
6.836360979647829481e+02
6.839727475865956876e+02
6.843541655654472606e+02
6.847078124519208586e+02
6.850402317216005486e+02
6.854393430071467037e+02
6.858458181201422121e+02
6.862209521747045073e+02
6.865652655998729870e+02
6.868826026682495467e+02
6.872011320086769501e+02
6.875344751141532242e+02
6.879189611040485488e+02
6.883385917258819973e+02
6.887676180255148211e+02
6.891960451947660431e+02
6.896159222363339723e+02
6.900536317789276382e+02
6.904750181813385552e+02
6.908720592162853791e+02
6.912533882788252413e+02
6.916391009730831456e+02
6.921325651232048131e+02
6.926691623150936721e+02
6.931830671901232108e+02
6.936600031113576961e+02
6.941306770001388031e+02
6.946753976314520287e+02
6.952185195788658802e+02
6.957824155687430903e+02
6.963093809388337831e+02
6.968414823793621053e+02
6.974134501683180360e+02
6.979720575019653097e+02
6.985298143629694323e+02
6.991020348074129060e+02
6.996701344887253526e+02
7.002276036428231691e+02
7.007721079931851591e+02
7.013116795554278724e+02
7.018422156678657302e+02
7.023779126189381259e+02
7.029550815051711652e+02
7.035724614488417501e+02
7.042409545838235090e+02
7.048958109897224631e+02
7.055369336302810552e+02
7.061994880741701763e+02
7.068968926530509407e+02
7.076218722678888753e+02
7.083567244293050180e+02
7.090599856238605980e+02
7.097276675600094222e+02
7.103952583240431977e+02
7.110678314291646984e+02
7.117451090310139534e+02
7.124049790058102190e+02
7.130328983928677644e+02
7.136779674772054705e+02
7.143491597545707918e+02
7.149857522744908920e+02
7.156460833442446301e+02
7.163573857633017496e+02
7.170336361193088806e+02
7.176693371102392121e+02
7.182640888875687324e+02
7.188175337145887625e+02
7.193399072922846926e+02
7.198371505120273923e+02
7.202922922823306635e+02
7.207160511202885118e+02
7.211263778447259938e+02
7.215112555042621807e+02
7.219042701347816546e+02
7.223025824103015111e+02
7.226871219569411551e+02
7.230824685656120892e+02
7.234642543335889968e+02
7.238203610661076937e+02
7.241649834191211994e+02
7.244666039219364393e+02
7.247862259068875801e+02
7.251372696837165677e+02
7.255112740537424543e+02
7.258422327629054962e+02
7.261674305742831166e+02
7.266031253766948339e+02
7.270486465774293947e+02
7.275409150370073803e+02
7.280293028852506723e+02
7.284738130244802505e+02
7.289021122216939830e+02
7.293508156118692796e+02
7.298843976612447477e+02
7.303792088796950566e+02
7.308884433249072572e+02
7.314099298695965672e+02
7.319583695634121341e+02
7.324811774996896929e+02
7.329614372082401133e+02
7.334007564393152734e+02
7.338194458048481010e+02
7.342103044652179733e+02
7.346354905560375528e+02
7.350634295107217895e+02
7.354496708200788362e+02
7.357898665278222552e+02
7.360841816075748056e+02
7.363328337906913248e+02
7.365360888127136150e+02
7.367227352052260585e+02
7.369165292356591408e+02
7.370658456366015798e+02
7.371710032516577940e+02
7.372744011891754781e+02
7.373961576683003614e+02
7.375064919396604637e+02
7.375802341187984439e+02
7.376962184579487030e+02
7.377928259842637999e+02
7.378469462004572961e+02
7.378586666232070002e+02
7.378424333118310869e+02
7.378772689399445426e+02
7.379016041566796957e+02
7.379014281720112649e+02
7.379175124254180673e+02
7.379300655371237099e+02
7.379490684987779332e+02
7.379691170294302083e+02
7.380116964286501116e+02
7.380633686288205126e+02
7.380921447017641412e+02
7.380856551305265612e+02
7.380339075657038848e+02
7.379379986462485022e+02
7.377953652630934585e+02
7.376056052766869016e+02
7.373683613268929093e+02
7.371383174745053566e+02
7.369407552055927226e+02
7.367439324501053761e+02
7.365357705311710106e+02
7.363309797458388175e+02
7.360800007428272238e+02
7.357882120079063952e+02
7.354793024998846249e+02
7.352077293887564338e+02
7.349303748119277770e+02
7.346964499888209730e+02
7.344262584737679163e+02
7.341482112805822453e+02
7.339020819667961177e+02
7.336917950360348186e+02
7.334543799661880712e+02
7.331928891446438001e+02
7.329282504641536207e+02
7.326295450298198375e+02
7.323173857693698210e+02
7.320268828313619451e+02
7.317171990382482818e+02
7.313593292631906024e+02
7.309905345780938433e+02
7.306109170596225795e+02
7.302803003427353588e+02
7.299371664606717331e+02
7.296122107701265804e+02
7.292926856701678844e+02
7.289915445925344102e+02
7.286439008613302803e+02
7.282642732876752234e+02
7.278768039727666519e+02
7.274749894673971085e+02
7.270566687017418417e+02
7.266528615142465242e+02
7.262072146349308923e+02
7.257968942424761281e+02
7.254594465300181128e+02
7.251080267059703601e+02
7.247136808358384314e+02
7.242870154516997445e+02
7.238729970204983601e+02
7.234661951008914684e+02
7.230351476182488568e+02
7.226213175388086256e+02
7.221732957439916163e+02
7.216878708019676196e+02
7.211605789293230373e+02
7.205914963930499653e+02
7.199807009667931652e+02
7.193458937752902784e+02
7.186880775085428468e+02
7.180040812218014707e+02
7.173062993250084673e+02
7.165669694293608245e+02
7.158263611262187851e+02
7.150953886817917464e+02
7.143686000806853826e+02
7.136215793758069594e+02
7.128542624384785995e+02
7.121003953840076974e+02
7.113258916615129692e+02
7.105487004769839814e+02
7.097875273362200232e+02
7.090208903733889656e+02
7.082603844064691430e+02
7.074870263650182096e+02
7.067021053880366708e+02
7.058920395264409535e+02
7.050774154932921647e+02
7.042993296810642505e+02
7.035154433893660553e+02
7.026980306193178194e+02
7.018304685304528903e+02
7.009475517786469254e+02
7.001244004777654482e+02
6.993026004206857351e+02
6.984357226910635745e+02
6.975269820203983500e+02
6.966014732186029050e+02
6.956206342796176614e+02
6.945870111863087004e+02
6.935480676035973602e+02
6.924817064474757444e+02
6.914546457046610612e+02
6.904503744793413489e+02
6.894232629043176530e+02
6.883382051149362724e+02
6.871995981138360321e+02
6.860478176723216848e+02
6.848379678882440658e+02
6.835701895730353499e+02
6.822447228237716672e+02
6.808924953287186099e+02
6.795044537100905018e+02
6.781300400465709117e+02
6.767629270789468592e+02
6.753954003392325376e+02
6.740325671563671222e+02
6.726500338676268029e+02
6.712137503353435477e+02
6.697692303118687960e+02
6.683166012166653900e+02
6.669838721552620200e+02
6.657389870812602339e+02
6.645185433766123424e+02
6.633053827385648447e+02
6.620657524428296483e+02
6.607919311656821719e+02
6.594733655598066662e+02
6.581539756159727403e+02
6.567866257605321607e+02
6.554080334047976066e+02
6.539951046333278555e+02
6.525389623399378252e+02
6.510632699051927830e+02
6.495921943811107440e+02
6.480795965699534236e+02
6.465744516584728672e+02
6.450277817990588574e+02
6.434749447669687470e+02
6.419201998920393635e+02
6.403252667997521712e+02
6.387058544737697048e+02
6.371256992143072466e+02
6.355766693479046126e+02
6.340312519562720581e+02
6.324778567361598789e+02
6.308999887591678544e+02
6.292998607548622658e+02
6.276925791017883967e+02
6.260535542418879231e+02
6.243837669788803169e+02
6.226842048211988185e+02
6.209565797184516214e+02
6.192644672107921906e+02
6.175953954934649346e+02
6.159278529799997841e+02
6.142398962915018501e+02
6.125892010965927739e+02
6.109526810214779289e+02
6.093473152539750117e+02
6.078022568667022369e+02
6.063008806300404103e+02
6.047945965244848594e+02
6.032671406280283009e+02
6.017799892108758968e+02
6.003219791836642116e+02
5.988874375599340283e+02
5.974606502066629901e+02
5.960320920520736081e+02
5.946056893611551004e+02
5.931908481118299505e+02
5.917761791800932087e+02
5.903387771879181400e+02
5.888784994583577372e+02
5.874232854348929322e+02
5.859567540829843892e+02
5.845245915545899607e+02
5.830848345175622853e+02
5.816958895717320956e+02
5.803047236586438657e+02
5.789329448060738059e+02
5.775697107098740162e+02
5.762307085581292085e+02
5.748684920884638814e+02
5.735510676847202376e+02
5.722655159961595928e+02
5.710013433381161576e+02
5.697391431511134670e+02
5.684766158916531822e+02
5.671880599457504104e+02
5.658732516816897942e+02
5.645466127997577814e+02
5.632708989053469395e+02
5.620565818429327010e+02
5.608428434443644619e+02
5.596499848538471724e+02
5.584470560873635350e+02
5.573437317460766280e+02
5.562547907739449329e+02
5.551908323018637930e+02
5.542284139863038490e+02
5.533056456023082319e+02
5.523638472830255068e+02
5.514576852598897858e+02
5.505743746490870762e+02
5.497490090678583101e+02
5.489100406037555331e+02
5.480946479380442042e+02
5.473212669568335969e+02
5.465163526488867092e+02
5.456796673558648081e+02
5.448129453048554751e+02
5.439654395691420632e+02
5.432158382404879831e+02
5.424565434259100130e+02
5.416691395430220837e+02
5.408772238414409230e+02
5.400999888560005502e+02
5.393181922315869770e+02
5.385180078958431977e+02
5.376859152831344772e+02
5.368862364519935682e+02
5.360945919718717505e+02
5.352716538882677924e+02
5.344683998249098522e+02
5.336617688304351077e+02
5.328258956349379787e+02
5.320033555418465312e+02
5.312449944664172108e+02
5.304978466653435589e+02
5.297798445469500166e+02
5.290804409331523175e+02
5.284845240019212724e+02
5.279329151243121032e+02
5.273578911954602972e+02
5.267541813349971562e+02
5.261721889459506656e+02
5.256422799014766269e+02
5.251316686850898350e+02
5.245923900736003134e+02
5.240243758605984112e+02
5.234632086280254271e+02
5.229221438306490199e+02
5.223579562806223748e+02
5.217647036223944497e+02
5.211502276743766515e+02
5.205407471165908646e+02
5.199476776058241967e+02
5.193897335541670373e+02
5.188422919224265115e+02
5.182675091399308940e+02
5.176646872016427778e+02
5.170331909527508287e+02
5.163717770085762595e+02
5.156845362566521089e+02
5.150596359989783650e+02
5.144275742693087068e+02
5.137774875643744963e+02
5.130961194163571690e+02
5.124286743868847225e+02
5.118120260213416373e+02
5.112793735237621604e+02
5.107303435445313653e+02
5.101621332409539491e+02
5.095620360283764398e+02
5.089336421769542085e+02
5.082718750674654871e+02
5.075776038155481729e+02
5.068600453952882390e+02
5.061370575674205838e+02
5.053984080305301632e+02
5.046258849835066940e+02
5.038454213144249820e+02
5.030530975095857116e+02
5.022495527226445233e+02
5.014325607421681639e+02
5.005979341995639516e+02
4.997644687005159199e+02
4.989154555912788283e+02
4.980475094241264742e+02
4.971895620206022386e+02
4.963950485836161874e+02
4.955791790778984591e+02
4.947608404806562703e+02
4.939197981906225436e+02
4.930662481265232486e+02
4.921801034522680425e+02
4.912614387171022940e+02
4.903122233771707101e+02
4.893463908423364046e+02
4.883516751877966726e+02
4.873720161733245959e+02
4.864319872641826805e+02
4.854877169206575900e+02
4.845206586258493644e+02
4.835611576955106443e+02
4.825913614232519535e+02
4.816421525367248364e+02
4.806740534612687270e+02
4.796827618957894970e+02
4.786864348105212912e+02
4.776590104877745944e+02
4.766154207732240593e+02
4.755910685324062683e+02
4.745470791568157551e+02
4.734781501597653346e+02
4.723852236055502090e+02
4.712649008670312014e+02
4.701125735007701678e+02
4.689337324310026247e+02
4.677222204045365856e+02
4.664766350740172811e+02
4.651969987763561107e+02
4.638843403000666399e+02
4.625426921921250027e+02
4.612042478268326136e+02
4.598968551741374995e+02
4.585602513063249717e+02
4.571922447078199525e+02
4.558436992838297783e+02
4.544704526874328963e+02
4.530651291355104604e+02
4.516498204316166607e+02
4.502236215804288122e+02
4.487696908669017830e+02
4.473364808515073605e+02
4.459065347269461199e+02
4.444739062546188961e+02
4.430280449322904133e+02
4.415538149931364842e+02
4.400683911482989856e+02
4.386008474709293523e+02
4.371403646083597891e+02
4.357519109710053726e+02
4.343714653546969089e+02
4.329879135450689205e+02
4.316559978656563317e+02
4.303153372786399018e+02
4.289699580784837849e+02
4.275941160327268449e+02
4.261874511041060032e+02
4.247835932455153056e+02
4.233567387739848868e+02
4.218997027309531518e+02
4.204151486353646305e+02
4.189446962685481139e+02
4.174891846963472517e+02
4.160053450541534517e+02
4.144953058198569806e+02
4.129578294893425436e+02
4.113913629628638091e+02
4.097962989706248322e+02
4.081730752080208617e+02
4.065815385110973921e+02
4.049982174414895439e+02
4.034139336443444108e+02
4.018285188036178965e+02
4.002751080451559460e+02
3.987018792240751281e+02
3.971124704648234456e+02
3.955017246000594469e+02
3.938726651917142476e+02
3.922495449929112965e+02
3.906358288317962888e+02
3.890181357986195962e+02
3.873815369341648420e+02
3.858082569464994549e+02
3.842720519923773281e+02
3.827414324041230316e+02
3.811912108936949153e+02
3.796228069093059503e+02
3.780395323770035816e+02
3.764406947566941426e+02
3.748364916094800492e+02
3.732410067666967848e+02
3.716320466553936512e+02
3.700414766070399537e+02
3.684599443936145349e+02
3.668933795868214247e+02
3.653154161249944991e+02
3.637609038270961719e+02
3.622044694224579189e+02
3.606599182877677663e+02
3.591305508005448246e+02
3.575885049178268673e+02
3.560808995618451149e+02
3.545936638084310744e+02
3.531395145268518263e+02
3.516745949961352267e+02
3.502333055386041565e+02
3.487956545227481229e+02
3.473511058292177154e+02
3.458962451122046105e+02
3.444375727767346689e+02
3.430420333215695337e+02
3.416394947098016814e+02
3.402230741159987701e+02
3.387948066993030807e+02
3.373533323973961160e+02
3.359113136569544622e+02
3.344757052343120449e+02
3.330420631859537934e+02
3.316195242220941850e+02
3.301839789770284028e+02
3.287566686439307659e+02
3.273602597192027588e+02
3.259952599807791671e+02
3.246190603965650325e+02
3.232322396965350890e+02
3.218605012062153037e+02
3.205317862277572658e+02
3.191921444392262401e+02
3.178456742720693455e+02
3.165341627932822348e+02
3.152624874351558333e+02
3.140255548533958745e+02
3.127848539072573431e+02
3.115428824560675594e+02
3.102924225367132749e+02
3.090739540983347524e+02
3.078691447918922677e+02
3.066855699020490533e+02
3.055066508845850421e+02
3.043183855272604319e+02
3.031487904014414312e+02
3.019918857162057861e+02
3.008491248074082023e+02
2.997469246165422305e+02
2.987182153314615221e+02
2.976945940542864264e+02
2.966648052484291043e+02
2.956591373781187144e+02
2.947109654202587876e+02
2.937816732059669675e+02
2.928542309309646612e+02
2.919219805524758726e+02
2.909964799127638457e+02
2.900670373094527577e+02
2.892098736585081724e+02
2.883813763282497575e+02
2.875528799996291127e+02
2.867188399248250334e+02
2.858794172752270697e+02
2.850347854632106532e+02
2.841851297154760232e+02
2.833584175920042298e+02
2.825450500644660679e+02
2.817418212658534458e+02
2.809738846490005244e+02
2.802271662041499667e+02
2.794794190149931978e+02
2.787590197820601361e+02
2.780444932172987365e+02
2.773527274648774892e+02
2.766936316679289689e+02
2.760510847833822936e+02
2.754097447804193166e+02
2.747659169023852996e+02
2.741208753444992681e+02
2.734780778833458044e+02
2.728529314507403001e+02
2.722258517958920265e+02
2.715963669765600343e+02
2.709757640910472105e+02
2.703614618263246712e+02
2.697514989516142236e+02
2.691899532168706628e+02
2.686535881312088350e+02
2.681213355929974114e+02
2.675960696694290846e+02
2.671178594192882656e+02
2.666491148028878797e+02
2.662459679012754350e+02
2.659146684114703021e+02
2.655884957888059716e+02
2.652799346669161196e+02
2.650193447828324338e+02
2.647822518919243748e+02
2.645452118265730519e+02
2.643075788012852172e+02
2.640770174664960450e+02
2.638967085502115424e+02
2.637693629498388646e+02
2.636403208560783469e+02
2.635094517186872736e+02
2.633766359675792614e+02
2.632417657258269514e+02
2.631053369965359252e+02
2.629926265319050458e+02
2.628964698693880564e+02
2.627978857953870033e+02
2.627043777401033822e+02
2.626557420554287319e+02
2.626081595755365470e+02
2.625606220289629391e+02
2.625466888887773393e+02
2.625367589105690058e+02
2.625241476094513473e+02
2.625083391387455549e+02
2.624892494476503657e+02
2.624723571858567084e+02
2.624678222431163022e+02
2.625064394219610904e+02
2.625447164328234635e+02
2.625900091754095911e+02
2.626333752771936361e+02
2.626799459368093039e+02
2.627265814102956369e+02
2.627767114186410140e+02
2.628244463019191244e+02
2.628698479667109495e+02
2.629113398075020314e+02
2.629749924346837133e+02
2.630455158878376096e+02
2.631119495384550646e+02
2.631742083895378528e+02
2.632390212570688846e+02
2.633670967079821139e+02
2.635303387930247823e+02
2.636932853100087755e+02
2.638542735305682072e+02
2.640227907765330428e+02
2.642355172835154349e+02
2.644771281786140662e+02
2.647501209898658772e+02
2.650333030161977490e+02
2.653643930082216684e+02
2.656946800590506541e+02
2.660190886954740108e+02
2.663408329157666117e+02
2.666641338818456006e+02
2.669834614325797588e+02
2.672954606950426069e+02
2.676031777257239241e+02
2.679036956185377676e+02
2.681978658741122672e+02
2.684887730497463849e+02
2.687756904359175678e+02
2.690548426005801161e+02
2.693538145698814219e+02
2.696512712315640101e+02
2.699474475678732119e+02
2.702485775140550004e+02
2.705433199248265055e+02
2.708383077643816250e+02
2.711318374411333707e+02
2.714205903002862783e+02
2.717011365664263280e+02
2.719752203492619742e+02
2.722478863068287183e+02
2.725416247912388599e+02
2.728450128053858066e+02
2.731909853256368024e+02
2.735324878253967995e+02
2.738774858909255272e+02
2.742216075284453609e+02
2.745587086529452563e+02
2.748889002629643983e+02
2.752148809688677602e+02
2.755744373243855421e+02
2.759386740414449832e+02
2.763055446301850679e+02
2.766694187490925287e+02
2.770733565097643805e+02
2.774769350685879772e+02
2.778740169965873292e+02
2.782645875544901628e+02
2.786486253666604398e+02
2.790286081480211919e+02
2.794020309602817633e+02
2.797721402804784248e+02
2.801361327510570618e+02
2.804959634454286288e+02
2.808575729348568188e+02
2.812164695293822092e+02
2.815719903945919782e+02
2.819231791003008993e+02
2.822689585513127781e+02
2.826125650805560099e+02
2.829510680267815133e+02
2.832853766487163512e+02
2.836214135667994469e+02
2.839550251574422646e+02
2.842856319390662065e+02
2.846123014389739865e+02
2.849322503581139472e+02
2.852474090923286667e+02
2.855624253785124438e+02
2.858749215628251932e+02
2.861828244083166055e+02
2.864831294423812551e+02
2.867758046011734336e+02
2.870754167577292719e+02
2.873735335019532613e+02
2.876660638314407379e+02
2.879508542632124204e+02
2.882357146504527918e+02
2.885155009426300126e+02
