3.022556543952822103e+05
3.032837997571694432e+05
3.043152673008760903e+05
3.053472691237309482e+05
3.063772447947205510e+05
3.074103260063601774e+05
3.084450140663394122e+05
3.094765455212271190e+05
3.105070695984585327e+05
3.115388686944633373e+05
3.125725337339974358e+05
3.136122397114491323e+05
3.146493018671346945e+05
3.156893511043318431e+05
3.167334051480999915e+05
3.177838502342897700e+05
3.188367529393463628e+05
3.198820535827855347e+05
3.209222475751626189e+05
3.219613261488691205e+05
3.230088617738661123e+05
3.240537882346737315e+05
3.250961542565801064e+05
3.261350404411281925e+05
3.271773653477246989e+05
3.282223415377779165e+05
3.292718443198633613e+05
3.303196899298732169e+05
3.313640514428507304e+05
3.324050701014128281e+05
3.334424506024519214e+05
3.344834015562150744e+05
3.355292673784319195e+05
3.365738249022131786e+05
3.376147944671403966e+05
3.386551209568380145e+05
3.397013378667550860e+05
3.407518450072647538e+05
3.418151621441151365e+05
3.428782800074618426e+05
3.439373377183683915e+05
3.450060384152486804e+05
3.460687862185575068e+05
3.471287500075697899e+05
3.481918785003006924e+05
3.492573501774425968e+05
3.503199534972163383e+05
3.513751309146002168e+05
3.524230092022319441e+05
3.534638495357151842e+05
3.545035480603239266e+05
3.555379314349549823e+05
3.565682533964251052e+05
3.575932347594121820e+05
3.586171771698130760e+05
3.596380600250448333e+05
3.606526984231606475e+05
3.616589576703865314e+05
3.626621953946193680e+05
3.636644770056512789e+05
3.646631708206160692e+05
3.656680111848772503e+05
3.666732651386563666e+05
3.676799260781736812e+05
3.686823182897967054e+05
3.696817734137265943e+05
3.706836329181180336e+05
3.716857779112659628e+05
3.726892614974376047e+05
3.736950265300491592e+05
3.746968689904757193e+05
3.756909713096290943e+05
3.766845403236072743e+05
3.776674781371094869e+05
3.786536420494980412e+05
3.796381900804715115e+05
3.806266627459202427e+05
3.816089283328393940e+05
3.825820456655389862e+05
3.835517583709870232e+05
3.845161274784852285e+05
3.854775599730355316e+05
3.864364588227157947e+05
3.874001832625549869e+05
3.883596498928437941e+05
3.893163001845662366e+05
3.902717927565102582e+05
3.912201542600848479e+05
3.921667693201994989e+05
3.931102131124124862e+05
3.940512981225907570e+05
3.949881620580342715e+05
3.959100131438356475e+05
3.968238562569020432e+05
3.977278382290976588e+05
3.986239157929375069e+05
3.995232725474480540e+05
4.004225626238454133e+05
4.013213515516550979e+05
4.022208205916350707e+05
4.031158430582512519e+05
4.040084091857982567e+05
4.048940329989612219e+05
4.057746582219214761e+05
4.066413662295385730e+05
4.075003890251051052e+05
4.083527626688702730e+05
4.092064949525755947e+05
4.100554407868907438e+05
4.109100462510476355e+05
4.117568465377329849e+05
4.126063882867618813e+05
4.134531521472079912e+05
4.142944099866573815e+05
4.151306473177214502e+05
4.159592705658503110e+05
4.167778614888755837e+05
4.175970712129457388e+05
4.184103958990807296e+05
4.192102654967199196e+05
4.200097881018410553e+05
4.208122663956335164e+05
4.216168390796103049e+05
4.224152893684768351e+05
4.232006219534195261e+05
4.239795024497947888e+05
4.247520516162266140e+05
4.255201540530005004e+05
4.262750336235320428e+05
4.270199465576584334e+05
4.277613702901632059e+05
4.284992324720292818e+05
4.292386742367261322e+05
4.299840156073839171e+05
4.307317831919422606e+05
4.314756211397551233e+05
4.322166090368038276e+05
4.329493928717775270e+05
4.336760484483120381e+05
4.344022567089442164e+05
4.351305550484250998e+05
4.358532128498349921e+05
4.365779766057495144e+05
4.372908108809721889e+05
4.379920407544196933e+05
4.386757273428429035e+05
4.393493924879060360e+05
4.400195049039294245e+05
4.406801648402085411e+05
4.413437188674495555e+05
4.420074927600528463e+05
4.426676007906913874e+05
4.433265656630365993e+05
4.439849012720619212e+05
4.446395639464614214e+05
4.452876068291636184e+05
4.459280491251986241e+05
4.465551263055253075e+05
4.471781544040784938e+05
4.477960574731405359e+05
4.483999736652504653e+05
4.490111776781474473e+05
4.496119106732309447e+05
4.502095191514959442e+05
4.508089207654843922e+05
4.514035148627739982e+05
4.519884225388718769e+05
4.525749625167129561e+05
4.531619682110734866e+05
4.537482038409857778e+05
4.543299860977913486e+05
4.549069877863877919e+05
4.554648584420614643e+05
4.560034602178990608e+05
4.565352862353543751e+05
4.570561007018930395e+05
4.575636644933269126e+05
4.580576558470577002e+05
4.585356323081022128e+05
4.590028978410956333e+05
4.594723546612603241e+05
4.599326343904360547e+05
4.603954353237347677e+05
4.608582346037800307e+05
4.613052351378464955e+05
4.617381791065007565e+05
4.621728085723280092e+05
4.625996685501959291e+05
4.630255168559832382e+05
4.634503856659084558e+05
4.638613473697342561e+05
4.642620649977331050e+05
4.646557848021621467e+05
4.650431976432575029e+05
4.654312883035390987e+05
4.658208591266617877e+05
4.662104114790963940e+05
4.665895611126623116e+05
4.669589594034295296e+05
4.673214089086446911e+05
4.676802104691271088e+05
4.680286452667709091e+05
4.683633553976680851e+05
4.686825149808782735e+05
4.689799515544603928e+05
4.692586120697241277e+05
4.695255529572317610e+05
4.697784951723294216e+05
4.700145672776892316e+05
4.702346971240587882e+05
4.704464948595045134e+05
4.706510479787828517e+05
4.708494389964627335e+05
4.710473032558078412e+05
4.712512211551113869e+05
4.714488139138000552e+05
4.716490606023637229e+05
4.718552937042224803e+05
4.720574178360151127e+05
4.722574620796694653e+05
4.724535149218038423e+05
4.726495210792920552e+05
4.728402952784119407e+05
4.730243458954513771e+05
4.731975770052594016e+05
4.733610622538492898e+05
4.735163547815363854e+05
4.736605792159430566e+05
4.738013391948285280e+05
4.739354996729863342e+05
4.740569137482367223e+05
4.741718521449723048e+05
4.742907472869872581e+05
4.744000793898727279e+05
4.744960724125793786e+05
4.745840277465840918e+05
4.746688806800480234e+05
4.747443095631623291e+05
4.748133005153489648e+05
4.748774297431614832e+05
4.749549724329928868e+05
4.750258593128735665e+05
4.750948833877134020e+05
4.751637594230337418e+05
4.752314450213275850e+05
4.753020933636805275e+05
4.753700831481331261e+05
4.754295231686019106e+05
4.754766642421431025e+05
4.755213083383089979e+05
4.755659600064357510e+05
4.755997694980652304e+05
4.756237886032653041e+05
4.756415662476756261e+05
4.756582981091672555e+05
4.756693845478392905e+05
4.756764776901866426e+05
4.756816521565662697e+05
4.756841760514357593e+05
4.756787150703308871e+05
4.756653151245503104e+05
4.756486241760200355e+05
4.756331282320055179e+05
4.756084484666406061e+05
4.755704453826895915e+05
4.755247924068878638e+05
4.754782415219258401e+05
4.754259982425224734e+05
4.753679504536466557e+05
4.752973019682507147e+05
4.752208284694018075e+05
4.751410475849179202e+05
4.750638450045173522e+05
4.749835627216096036e+05
4.748970390761322342e+05
4.747983668000110192e+05
4.746838477660572971e+05
4.745579693784711999e+05
4.744215300093526603e+05
4.742710180553998216e+05
4.741118942127580522e+05
4.739363156152621959e+05
4.737453436367246322e+05
4.735410400068093440e+05
4.733358360257273307e+05
4.731215900669149123e+05
4.729038599330255529e+05
4.726793820979155134e+05
4.724538477977720322e+05
4.722201103234656621e+05
4.719839039372476400e+05
4.717424593958486803e+05
4.714830876920864685e+05
4.712120662502191844e+05
4.709421013666342478e+05
4.706700463611671585e+05
4.703903934639648651e+05
4.701051931689321063e+05
4.698162822219067020e+05
4.695192762084584101e+05
4.692191580571001978e+05
4.689148540046385606e+05
4.686017100672508241e+05
4.682822940120731364e+05
4.679522987128266250e+05
4.676058613443151116e+05
4.672515768107971526e+05
4.668895314596697572e+05
4.665163447730617481e+05
4.661228127565077739e+05
4.657171689373842673e+05
4.653204079790344695e+05
4.649175195818729699e+05
4.645036508797552669e+05
4.640857032173847547e+05
4.636664633767430205e+05
4.632392629537535831e+05
4.628005826806932455e+05
4.623486649901261553e+05
4.618836947598719271e+05
4.614192898052397650e+05
4.609509352242582245e+05
4.604744117312637391e+05
4.599911690158148995e+05
4.595048608874468482e+05
4.590121035610755207e+05
4.585095673435648205e+05
4.579908649966762168e+05
4.574712123762943665e+05
4.569449759560410166e+05
4.564178743884222931e+05
4.558839303180845454e+05
4.553462016859345604e+05
4.548115432981310878e+05
4.542783781930759433e+05
4.537348233020187472e+05
4.531939709007440251e+05
4.526476273160438286e+05
4.520884431234532967e+05
4.515221663388875313e+05
4.509478911756164744e+05
4.503645077346597100e+05
4.497680667223788332e+05
4.491647422208337230e+05
4.485427212205120013e+05
4.479072834614556632e+05
4.472658839370294008e+05
4.466190478945854702e+05
4.459704446498673642e+05
4.453180581228361116e+05
4.446499954897663556e+05
4.439662780604740256e+05
4.432770970054126810e+05
4.425711034821910434e+05
4.418522854128394392e+05
4.411405652697309270e+05
4.404291482475091470e+05
4.397078851524185156e+05
4.389781435261568404e+05
4.382377608816417633e+05
4.374844541625078418e+05
4.367185268011559383e+05
4.359471441813875572e+05
4.351650511058077682e+05
4.343718932246537297e+05
4.335750311534385546e+05
4.327766571549118380e+05
4.319751138991524931e+05
4.311669425558839575e+05
4.303517151509112446e+05
4.295258613257623510e+05
4.286845682429807493e+05
4.278456728075460996e+05
4.270068759999943431e+05
4.261739251741868793e+05
4.253430594900541473e+05
4.245119330340103479e+05
4.236702844885422383e+05
4.228246879024066729e+05
4.219705578948438633e+05
4.211008770712525002e+05
4.202158936155061820e+05
4.193216800812701695e+05
4.184258825764362118e+05
4.175284978759897058e+05
4.166361407940273639e+05
4.157348651965588797e+05
4.148273925320425187e+05
4.139208409464008873e+05
4.130126915540335467e+05
4.121048073015654809e+05
4.111886866134732263e+05
4.102672757353599300e+05
4.093391401905698003e+05
4.084197268094915780e+05
4.075002288091628579e+05
4.065896618700519903e+05
4.056798754938086495e+05
4.047684731599428342e+05
4.038599709306878503e+05
4.029581400595484301e+05
4.020588904453555006e+05
4.011591218395116739e+05
4.002572847698138212e+05
3.993564417533823871e+05
3.984539680985466111e+05
3.975399160974444821e+05
3.966218376598954783e+05
3.957030516926189302e+05
3.947836943597609061e+05
3.938643433607086772e+05
3.929391146289629978e+05
3.920171685091236141e+05
3.910907065215500770e+05
3.901617237222066033e+05
3.892384818697312148e+05
3.883112297032306669e+05
3.873748393562238780e+05
3.864303770364273223e+05
3.854842931543054292e+05
3.845374875053158030e+05
3.835859949811181868e+05
3.826316389696712140e+05
3.816794902110522962e+05
3.807326287389469217e+05
3.797910982863323297e+05
3.788506326156105497e+05
3.778996934531154693e+05
3.769475290414602496e+05
3.760024515162964817e+05
3.750702662303209654e+05
3.741435905062683159e+05
3.732126064837323502e+05
3.722794610320074717e+05
3.713487116659426247e+05
3.704134253478752216e+05
3.694815895850581583e+05
3.685470926033126889e+05
3.676065560609569657e+05
3.666573406118135317e+05
3.657140249001280754e+05
3.647731467435385566e+05
3.638311016578570125e+05
3.628895788443905185e+05
3.619436388990891865e+05
3.609934212057441473e+05
3.600408698577148025e+05
3.590806835789432516e+05
3.581152700753976242e+05
3.571510270292371861e+05
3.561842721702244598e+05
3.552133242974666646e+05
3.542436313951001503e+05
3.532729707080448861e+05
3.522982588660847396e+05
3.513217139966599061e+05
3.503381425811485387e+05
3.493547664269694360e+05
3.483699945515758009e+05
3.473769751553667011e+05
3.463855813824958750e+05
3.453905950596099719e+05
3.443901951418057433e+05
3.433851819018656388e+05
3.423772677501155995e+05
3.413697411172841676e+05
3.403624584324206808e+05
3.393559913639149163e+05
3.383462551984700840e+05
3.373351540665297071e+05
3.363206393292799476e+05
3.353029404812234570e+05
3.342827724745305022e+05
3.332619033679636195e+05
3.322350749602073920e+05
3.312084863105229451e+05
3.301792437750542886e+05
3.291454057868759846e+05
3.281125827558254241e+05
3.270767378837154829e+05
3.260380748110469431e+05
3.250001051116358722e+05
3.239632294915426755e+05
3.229276478024243843e+05
3.218914395524571300e+05
3.208536245381032350e+05
3.198089385055784951e+05
3.187599779521225719e+05
3.177113381302215857e+05
3.166604680855764309e+05
3.156041614935997059e+05
3.145494604495218955e+05
3.134895906948386692e+05
3.124254563191789784e+05
3.113587343205868965e+05
3.102875185196723905e+05
3.092151266014714492e+05
3.081502933871404384e+05
3.070841704522579093e+05
3.060185528646974126e+05
3.049519908538347227e+05
3.038831911744251847e+05
3.028171622775482829e+05
3.017536255687978119e+05
3.006888449904625304e+05
2.996260124577339739e+05
2.985603215626564925e+05
2.974934022739027278e+05
2.964342839240559260e+05
2.953771522464419832e+05
2.943175515384210739e+05
2.932560017840228393e+05
2.921968834844358498e+05
2.911397213044236996e+05
2.900819027420323691e+05
2.890214506943488959e+05
2.879646607468306902e+05
2.869074391761794104e+05
2.858501136108970968e+05
2.847954133092750562e+05
2.837563329475703649e+05
2.827219085023823427e+05
2.816895666234211531e+05
2.806595988498647930e+05
2.796343950030920678e+05
2.786120151225708541e+05
2.775973984529948793e+05
2.765880237994741765e+05
2.755739849176857970e+05
2.745565431477617822e+05
2.735445631664430839e+05
2.725320640405646991e+05
2.715221280666312668e+05
2.705129019370195456e+05
2.695048028947883868e+05
2.684977247956082574e+05
2.674889178244335344e+05
2.664814980385788367e+05
2.654729675961214816e+05
2.644678463014941663e+05
2.634664233075674856e+05
2.624680709016888286e+05
2.614713265912213537e+05
2.604785319432616234e+05
2.594903954811415460e+05
2.585078847355493344e+05
2.575276604780541966e+05
2.565472591397535289e+05
2.555653980569850537e+05
2.545880818501235044e+05
2.536155742667336599e+05
2.526446438469551213e+05
2.516754219285338768e+05
2.507050403745821386e+05
2.497383594528185495e+05
2.487731247296737274e+05
2.478112446136113140e+05
2.468578377750710351e+05
2.459073925438852748e+05
2.449616189052050468e+05
2.440164254697402066e+05
2.430713104228429147e+05
2.421270414858368458e+05
2.411794459527928848e+05
2.402328577551034978e+05
2.392860755564030260e+05
2.383407053573384765e+05
2.373960669799318421e+05
2.364536021167114086e+05
2.355175168059502903e+05
2.345831064813019184e+05
2.336543991182651953e+05
2.327264468422264908e+05
2.318057299892797309e+05
2.308915464297917206e+05
2.299773841791775194e+05
2.290639338668114506e+05
2.281516999975213548e+05
2.272438839042618056e+05
2.263370411438336305e+05
2.254310009747323056e+05
2.245258490971532883e+05
2.236207942929092096e+05
2.227213110757869435e+05
2.218293589377737371e+05
2.209413357469752082e+05
2.200547660290595959e+05
2.191705100556194375e+05
2.182895304831060348e+05
2.174107019577663741e+05
2.165345644939687627e+05
2.156641051874470722e+05
2.147967125342508662e+05
2.139337715181967360e+05
2.130787457254210312e+05
2.122304149372149259e+05
2.113875429326880258e+05
2.105477627214646491e+05
2.097102320368154615e+05
2.088744624416901497e+05
2.080414415580750792e+05
2.072139205426881381e+05
2.063961210270146839e+05
2.055836550750207971e+05
2.047733787613074528e+05
2.039674888835185557e+05
2.031675397881325334e+05
2.023711758778443036e+05
2.015805058914092951e+05
2.007983749353759922e+05
2.000232464129611908e+05
1.992493381056463695e+05
1.984783884458183893e+05
1.977120266797352233e+05
1.969526939356649236e+05
1.961969059013744118e+05
1.954478112330089207e+05
1.947003162441992608e+05
1.939553890297189937e+05
1.932129526931280270e+05
1.924808002448877669e+05
1.917572484437381499e+05
1.910453806095356704e+05
1.903395473591987102e+05
1.896397427866730723e+05
1.889477839121233847e+05
1.882613262085155584e+05
1.875817164566417050e+05
1.869080923948393902e+05
1.862415973008867586e+05
1.855819648732682690e+05
1.849273865852075396e+05
1.842809316957752744e+05
1.836407115604869323e+05
1.830038566375230730e+05
1.823689707307144708e+05
1.817368003013041744e+05
1.811088447264361603e+05
1.804870090196358506e+05
1.798751708657073323e+05
1.792682006697034230e+05
1.786654295506453782e+05
1.780680873572909331e+05
1.774761745026876451e+05
1.768875418429335114e+05
1.763055658658297907e+05
1.757293622283656732e+05
1.751591856404950377e+05
1.745976146614684258e+05
1.740410733956986223e+05
1.734907681268232409e+05
1.729452149677863927e+05
1.724033260697275691e+05
1.718689150428476569e+05
1.713381934704915911e+05
1.708135557616958977e+05
1.702953380238506070e+05
1.697827597433103656e+05
1.692763121887634334e+05
1.687733150475038274e+05
1.682749856192295556e+05
1.677802030700145988e+05
1.672915593288588570e+05
1.668083382291689632e+05
1.663314156429895957e+05
1.658607733601358195e+05
1.653991908656561864e+05
1.649441451751384884e+05
1.644939411669266410e+05
1.640479885237285635e+05
1.636063637502103229e+05
1.631711152287346194e+05
1.627408366541269934e+05
1.623140223135428969e+05
1.618904548223474994e+05
1.614707409429202089e+05
1.610567005925475096e+05
1.606471588286154147e+05
1.602420478788939945e+05
1.598402948446802038e+05
1.594416261575561075e+05
1.590477618202924787e+05
1.586577089570923999e+05
1.582730220589600503e+05
1.578918102641137957e+05
1.575150906884744763e+05
1.571464780766037875e+05
1.567832721189748554e+05
1.564262719848656561e+05
1.560750486387945712e+05
1.557306369467470504e+05
1.553927672776186664e+05
1.550599652149120229e+05
1.547339771584659175e+05
1.544174638281891530e+05
1.541117713560783013e+05
1.538111341545391479e+05
1.535139107116133382e+05
1.532241369359824166e+05
1.529399931816186581e+05
1.526607070413232141e+05
1.523849275853694417e+05
1.521124115668955201e+05
1.518428319775061682e+05
1.515802700545389962e+05
1.513221458250595024e+05
1.510693904391670949e+05
1.508233594404711039e+05
1.505852944093647529e+05
1.503522899921564676e+05
1.501246036493042484e+05
1.499002680545890762e+05
1.496808418239840830e+05
1.494675079819041712e+05
1.492620495604235330e+05
1.490615386943777266e+05
1.488692325700523215e+05
1.486867027704803040e+05
1.485117933608662861e+05
1.483438009916715091e+05
1.481845354665362393e+05
1.480316860506859957e+05
1.478843384748192912e+05
1.477429337625348708e+05
1.476088661727962899e+05
1.474817037659207417e+05
1.473590193416703842e+05
1.472434322196929133e+05
1.471318074421461206e+05
1.470263049296303652e+05
1.469237809235965251e+05
1.468264532714474190e+05
1.467364017571581062e+05
1.466505515198776848e+05
1.465701677806394291e+05
1.464926864062082605e+05
1.464189494974465633e+05
1.463530456467410841e+05
1.462962234570594737e+05
1.462446052546038700e+05
1.461965975670804910e+05
1.461565419310826692e+05
1.461216556459231360e+05
1.460911852598332043e+05
1.460645619313319912e+05
1.460436751513480849e+05
1.460267016368509794e+05
1.460140106908742455e+05
1.460058052845147904e+05
1.460026531772547751e+05
1.460037758729821362e+05
1.460093932409819972e+05
1.460227860068515583e+05
1.460416080049812736e+05
1.460661067093797901e+05
1.460963503089331207e+05
1.461309720736371819e+05
1.461708654767639237e+05
1.462166072168293758e+05
1.462656632792775345e+05
1.463223501535232062e+05
1.463834824464358680e+05
1.464506571009885520e+05
1.465225614302998583e+05
1.466023225945956947e+05
1.466887556918940390e+05
1.467821637456522731e+05
1.468845410142444598e+05
1.469918200548374443e+05
1.471038412755565078e+05
1.472211467891652719e+05
1.473418933817567304e+05
1.474684906954240869e+05
1.475986612462432822e+05
1.477333012230413733e+05
1.478723493908082601e+05
1.480171627782690339e+05
1.481705641351974627e+05
1.483273215936561755e+05
1.484895464747087681e+05
1.486582565533281886e+05
1.488331834038021043e+05
1.490174732978413813e+05
1.492077651295856049e+05
1.494035657472863095e+05
1.496035676253523561e+05
1.498117747377042833e+05
1.500294827352705179e+05
1.502525310020128381e+05
1.504791522986125783e+05
1.507106338874054491e+05
1.509465767439916672e+05
1.511872061391659954e+05
1.514315014890115417e+05
1.516797943064594583e+05
1.519324919505572761e+05
1.521904090671103622e+05
1.524565393758269201e+05
1.527324960715103662e+05
1.530151169688742957e+05
1.533051885881636699e+05
1.536021403082286124e+05
1.539062928569082869e+05
1.542149223624342994e+05
1.545281291112141917e+05
1.548466475549944735e+05
1.551702297679040639e+05
1.555009280119356699e+05
1.558389831616735319e+05
1.561884619149545615e+05
1.565489710865767556e+05
1.569169066853830300e+05
1.572912291642620112e+05
1.576688425651365833e+05
1.580506110409135290e+05
1.584364859631350264e+05
1.588278202225208806e+05
1.592274874755599012e+05
1.596334416286715714e+05
1.600441284568174160e+05
1.604577378502273350e+05
1.608759857575904171e+05
1.612977733281858673e+05
1.617236898460306984e+05
1.621577710365756066e+05
1.625964086398052459e+05
1.630404590125413088e+05
1.634891337229845522e+05
1.639431661629648879e+05
1.644036746942711470e+05
1.648691944351492275e+05
1.653394191123366472e+05
1.658134641685952083e+05
1.662923926729565428e+05
1.667751260660804110e+05
1.672623885371182405e+05
1.677549599655210041e+05
1.682522883663637331e+05
1.687543435638550727e+05
1.692609575003807549e+05
1.697717630242030718e+05
1.702886463647168421e+05
1.708109709383686422e+05
1.713373837778814486e+05
1.718644611414270767e+05
1.723934534783975396e+05
1.729260545663541416e+05
1.734639800928228069e+05
1.740091137571513245e+05
1.745598145204983884e+05
1.751181947461161180e+05
1.756791164498297148e+05
1.762445505128654768e+05
1.768180717765273585e+05
1.773959848045915423e+05
1.779765290970860224e+05
1.785628530290478375e+05
1.791515968390901689e+05
1.797419843770435546e+05
1.803347996886530891e+05
1.809309036942379607e+05
1.815335723270312592e+05
1.821415451874791179e+05
1.827540318114623078e+05
1.833694624752590607e+05
1.839876466782693460e+05
1.846112244060287485e+05
1.852420034171301522e+05
1.858798029142826563e+05
1.865206726731782255e+05
1.871644593826741911e+05
1.878132409227431344e+05
1.884660750400451070e+05
1.891229619536629179e+05
1.897825835400764481e+05
1.904455743619101413e+05
1.911121765306711022e+05
1.917861526917310548e+05
1.924651989846157958e+05
1.931462190038721892e+05
1.938286773480798001e+05
1.945125943593404954e+05
1.952007079391341249e+05
1.958937495527830324e+05
1.965904839187572943e+05
1.972948036028289062e+05
1.980050394064619031e+05
1.987228713049506478e+05
1.994490611231635557e+05
2.001860045005985885e+05
2.009306128317033872e+05
2.016806703585256182e+05
2.024378875796077191e+05
2.032032359788661997e+05
2.039731967605257523e+05
2.047454936260755348e+05
2.055271821739865700e+05
2.063155389532214322e+05
2.071080231942069950e+05
2.079037691843932262e+05
2.087035213050477905e+05
2.095046746114687412e+05
2.103075618146666093e+05
2.111151490556795325e+05
2.119277111084179196e+05
2.127445480233450362e+05
2.135677272842389066e+05
2.143982849561022012e+05
2.152320053447868559e+05
2.160717883758503303e+05
2.169124298895480752e+05
2.177586099340587098e+05
2.186108907178300724e+05
2.194644732550966437e+05
2.203258522373634041e+05
2.211934483951491420e+05
2.220690338764524495e+05
2.229466638944333536e+05
2.238289440874790307e+05
2.247124257413233281e+05
2.256014812791817822e+05
2.264966339398465643e+05
2.274002468975287047e+05
2.283075978997188795e+05
2.292162478816900402e+05
2.301270604761137220e+05
2.310432539109693025e+05
2.319603957002271200e+05
2.328832346997120767e+05
2.338077075909638952e+05
2.347326040857578046e+05
2.356545168369582389e+05
2.365749171207272448e+05
2.375007003530634393e+05
2.384309434840854374e+05
2.393621917609724624e+05
2.402944036290759686e+05
2.412274062806886504e+05
2.421669532456839224e+05
2.431139074097832781e+05
2.440632599626166630e+05
2.450169001647646655e+05
2.459672987376853125e+05
2.469186735336431593e+05
2.478714718599376793e+05
2.488254649125814904e+05
2.497845864781715500e+05
2.507458007886682753e+05
2.517095334542880009e+05
2.526747794906725758e+05
2.536398057381635590e+05
2.546083047450358572e+05
2.555832384795840480e+05
2.565602960529115808e+05
2.575365324310506985e+05
2.585166034755184082e+05
2.594955503007989610e+05
2.604709315281654417e+05
2.614448983560461202e+05
2.624229722889210680e+05
2.634009019581006723e+05
2.643775961565045873e+05
2.653547926020355080e+05
2.663314243415318779e+05
2.673080614159586257e+05
2.682866911336692283e+05
2.692716349751261878e+05
2.702616576841793139e+05
2.712536606681374833e+05
2.722411641214361880e+05
2.732281923651219113e+05
2.742118593714979943e+05
2.751906337987132138e+05
2.761686964458830189e+05
2.771524498814515537e+05
2.781343106562715839e+05
2.791154492542905500e+05
2.800992288975350675e+05
2.810810597070649965e+05
2.820668587346901768e+05
2.830539923020112328e+05
2.840431866275968496e+05
2.850354961030786508e+05
2.860285029911004822e+05
2.870211003716564155e+05
2.880124345424730564e+05
2.890020060612374218e+05
2.900036515265569906e+05
2.910118028474411694e+05
2.920174336669672048e+05
2.930281446567319799e+05
2.940476583078672411e+05
2.950715773688449408e+05
2.960973853544942685e+05
2.971282167960795923e+05
2.981521444057415356e+05
2.991771993347316748e+05
3.002037476936639287e+05
3.012299193901151302e+05
3.022556543952822103e+05
