7.185059871015585031e+01
7.198663641832449400e+01
7.211919821499921568e+01
7.224831584557051656e+01
7.237403523844906772e+01
7.249641616572240821e+01
7.261553162971490849e+01
7.273146698641761532e+01
7.284431882075324438e+01
7.295419359237705237e+01
7.306120607410997536e+01
7.316547760812140666e+01
7.327529297654493234e+01
7.338749507021147167e+01
7.349734130680083410e+01
7.360495998614733537e+01
7.371047555810265806e+01
7.381400642355772845e+01
7.391566277375152083e+01
7.401554449955584403e+01
7.411373920093784307e+01
7.424378927605533818e+01
7.444500341147865186e+01
7.464460844311923893e+01
7.484255724810599020e+01
7.503878671840872983e+01
7.523321845549705245e+01
7.542575961795068906e+01
7.562755695037989767e+01
7.582901769213607679e+01
7.602823447878314767e+01
7.622506835019230209e+01
7.641937178026184085e+01
7.661099003200656909e+01
7.679976252115206137e+01
7.698552416686445099e+01
7.716810670928229854e+01
7.734733997490120316e+01
7.752305307255100786e+01
7.769507550466092027e+01
7.786323818067452862e+01
7.802737432181348254e+01
7.818732024883425424e+01
7.834291604693063960e+01
7.849400610445384530e+01
7.864043952459550724e+01
7.882572853774620114e+01
7.906859926087008716e+01
7.930629119418826178e+01
7.953860568182197710e+01
7.976535307692051902e+01
7.998635407428898247e+01
8.020144088062534138e+01
8.041045821232397373e+01
8.061326411323405239e+01
8.081368678326538202e+01
8.110990265183626491e+01
8.139949278891226925e+01
8.168230362256493038e+01
8.195835344845443160e+01
8.224024978376158401e+01
8.251502007418251594e+01
8.278259055801156308e+01
8.304290928396974891e+01
8.329594640024923535e+01
8.354169417161651268e+01
8.378016672623846262e+01
8.404065254713567867e+01
8.437089291373587230e+01
8.469393464972058894e+01
8.500980294341304955e+01
8.531854362341836406e+01
8.562022309956597610e+01
8.591492805402648969e+01
8.620276488464728004e+01
8.648385890594080649e+01
8.675835331650793592e+01
8.702640794492268128e+01
8.728819778919994121e+01
8.754391136785122285e+01
8.779374890316448443e+01
8.803792035967198615e+01
8.827664336275492474e+01
8.851014102394411509e+01
8.873863970068026674e+01
8.896236671907864491e+01
8.919731323826546543e+01
8.951836909311261081e+01
8.983523674424847627e+01
9.014805580809044727e+01
9.045695951372668731e+01
9.076207438930084948e+01
9.106352001672442498e+01
9.136140885126100386e+01
9.165584610169375424e+01
9.194692966611384577e+01
9.223475011786054267e+01
9.251939073580710726e+01
9.280092757302274720e+01
9.307942955784187689e+01
9.335495862153453572e+01
9.362756984707594654e+01
9.389731163394981195e+01
9.416422587446568571e+01
9.442834813770450353e+01
9.468970785790371281e+01
9.494832852483128249e+01
9.520422787444570645e+01
9.545741807887658581e+01
9.570790593545507363e+01
9.595569305515815017e+01
9.620077605137781518e+01
9.644314673036750207e+01
9.668279228503956801e+01
9.691969549397161643e+01
9.715383492752084749e+01
9.738926420880410717e+01
9.772399842355213195e+01
9.805580766268380444e+01
9.839206662667082526e+01
9.873074189959694991e+01
9.906618029259830394e+01
9.939828390699240401e+01
9.972696063321950533e+01
1.000521257476153494e+02
1.003737033664103961e+02
1.006916277346330730e+02
1.010058443295020822e+02
1.013163107601191228e+02
1.016229974477924998e+02
1.019258880741072772e+02
1.022975222012239840e+02
1.026989883982908083e+02
1.030965710638814272e+02
1.034902391155202679e+02
1.038799777058445528e+02
1.042657887436586464e+02
1.046476910917747176e+02
1.050257204334496350e+02
1.053999288045072120e+02
1.057703837936699074e+02
1.061371674191231449e+02
1.065003746948014509e+02
1.068601119052163142e+02
1.072164946127436167e+02
1.075696454260541941e+02
1.079196915627130124e+02
1.082667622428036083e+02
1.086109859536736195e+02
1.089776216976775771e+02
1.094227131985255141e+02
1.098953168429889899e+02
1.104414633040036762e+02
1.109849821753422248e+02
1.115258099722562406e+02
1.120638740803933331e+02
1.125990935760790421e+02
1.131313800934344584e+02
1.136606387278598334e+02
1.141867689649949682e+02
1.147096656239777417e+02
1.152292198036497695e+02
1.157453198203029388e+02
1.162578521256102420e+02
1.167667021935351244e+02
1.172717553652562259e+02
1.177728976414758506e+02
1.182700164118933372e+02
1.187630011121195537e+02
1.192517437988816766e+02
1.197361396350214449e+02
1.202160872765255704e+02
1.206914891546482806e+02
1.211622516470957720e+02
1.216282851332453561e+02
1.220895039294712205e+02
1.225458261018454635e+02
1.229971731547785083e+02
1.234434695955536228e+02
1.238846423761910387e+02
1.243206202156379163e+02
1.247513328069103125e+02
1.251767099154919549e+02
1.255966803770037217e+02
1.260111710038696060e+02
1.264201054123954009e+02
1.268234027833069320e+02
1.272209765703410085e+02
1.276127331729017271e+02
1.279985705900569712e+02
1.283783770742201114e+02
1.287520298037059092e+02
1.291671026563856230e+02
1.296342093013425085e+02
1.301854137618216782e+02
1.307450124260341227e+02
1.312972688280896421e+02
1.318418442278127145e+02
1.323783935695769856e+02
1.329065679264957964e+02
1.334260168989095519e+02
1.339363909380259088e+02
1.344373435678215287e+02
1.349285334809555934e+02
1.354096264874086728e+02
1.358802972977863703e+02
1.363402311266336255e+02
1.367891251046343655e+02
1.372266894921390872e+02
1.376526486900119437e+02
1.380667420472412346e+02
1.384687244680634421e+02
1.388583668244457954e+02
1.392354561826155077e+02
1.395997958548655902e+02
1.399512052900828110e+02
1.402895198183025798e+02
1.406145902660817910e+02
1.409262824605925744e+02
1.412244766410639443e+02
1.415090667965599778e+02
1.417799599490765559e+02
1.420370754006007417e+02
1.422803439621238795e+02
1.425097071816617529e+02
1.427251165871515184e+02
1.429265329586945938e+02
1.431139256430381010e+02
1.432872719214765596e+02
1.434465564405380746e+02
1.435917707129467829e+02
1.437229126944480697e+02
1.438399864401901880e+02
1.439430018424984610e+02
1.440319744500908428e+02
1.441069253670878538e+02
1.441678812285907725e+02
1.442148742481557520e+02
1.442479423311959863e+02
1.442671292472099367e+02
1.442724848527692529e+02
1.442640653564121180e+02
1.442419336159802867e+02
1.442061594585054820e+02
1.441568200125003045e+02
1.440940000424243976e+02
1.440177922751843766e+02
1.439282977087640916e+02
1.438256258934724485e+02
1.437098951768248298e+02
1.435812329037205188e+02
1.434397755643473147e+02
1.432856688831050178e+02
1.431190678427875014e+02
1.429401366392843613e+02
1.427490485631367392e+02
1.425459858054000222e+02
1.423311391864119457e+02
1.421047078072181193e+02
1.418668986245641861e+02
1.416179259514969715e+02
1.413580108867235481e+02
1.410873806769334067e+02
1.408062680172889145e+02
1.405149102962128325e+02
1.402135487914388818e+02
1.399024278250352324e+02
1.395817938857364027e+02
1.392518947274357402e+02
1.389129784530678364e+02
1.385652925933617325e+02
1.382090831900470107e+02
1.378445938930549062e+02
1.374720650810685925e+02
1.370917330144357891e+02
1.367038290289782196e+02
1.363085787786037315e+02
1.359062015338727747e+02
1.354969095427871082e+02
1.350809074590764567e+02
1.346583918421699195e+02
1.342295507318706882e+02
1.337945632995245546e+02
1.333535995762093194e+02
1.329068202571905601e+02
1.324543765806209876e+02
1.319964102772265164e+02
1.315330535865462593e+02
1.310644293342093363e+02
1.305906510637516362e+02
1.301118232156336774e+02
1.296280413454300913e+02
1.291393923726476203e+02
1.286459548512959543e+02
1.281477992532093992e+02
1.276449882551925299e+02
1.271375770213480507e+02
1.266256134724378768e+02
1.261091385348192517e+02
1.255881863623764048e+02
1.250627845259180049e+02
1.245329541657088441e+02
1.239987101041255642e+02
1.234600609168438439e+02
1.229170089624403914e+02
1.223695503718010542e+02
1.218176750002215272e+02
1.212613663465404130e+02
1.207006014450139730e+02
1.201353507368969389e+02
1.195655779297973424e+02
1.189912398538005505e+02
1.184993192910479678e+02
1.180218436805977262e+02
1.176310969618777307e+02
1.172498980542434168e+02
1.168634223103170200e+02
1.164714607014549870e+02
1.160738094666558737e+02
1.156702731767450700e+02
1.152606676442539424e+02
1.148448226444655660e+02
1.144225844161583865e+02
1.139938179140460335e+02
1.135584087887141322e+02
1.131162650739227331e+02
1.126673185653862816e+02
1.122115258794958095e+02
1.117488691848177211e+02
1.112793566035250450e+02
1.108030222841170627e+02
1.103282441346020022e+02
1.100324838929101219e+02
1.097484179837778981e+02
1.094576428130009162e+02
1.091601802061707644e+02
1.088560818472523124e+02
1.085454304582794549e+02
1.082283405823261404e+02
1.079049589519887320e+02
1.075754644306560266e+02
1.072400675191723565e+02
1.068990094260544339e+02
1.065525607051160222e+02
1.062010194701012864e+02
1.058447092016443065e+02
1.054839761674596446e+02
1.051191864820454782e+02
1.047783215112973778e+02
1.045127717212404974e+02
1.042442591480837280e+02
1.039794849037066626e+02
1.038122770123213172e+02
1.036430664846665337e+02
1.034721313248059147e+02
1.032997492054998929e+02
1.031261960199673950e+02
1.029517443051202719e+02
1.027766615473090468e+02
1.026012083842548037e+02
1.024256367193696633e+02
1.022670023428751591e+02
1.021981018706537867e+02
1.021296841259155741e+02
1.020618771079539044e+02
1.019947936604714727e+02
1.019285311111316759e+02
1.018631709068438767e+02
1.017987782479105476e+02
1.017354017254029088e+02
1.016730729672748907e+02
1.016118062997306026e+02
1.015515984312044964e+02
1.014924281669649844e+02
1.014342561627890404e+02
1.013770247263665283e+02
1.013206576750622929e+02
1.012650602583933477e+02
1.012101191530696838e+02
1.011557025377085495e+02
1.011016602533823203e+02
1.010478240550191060e+02
1.009940079573722755e+02
1.009400086778377101e+02
1.008856061768660481e+02
1.008305642951251144e+02
1.007746314849558757e+02
1.007175416320713595e+02
1.006590149619165686e+02
1.005987590236673839e+02
1.005364697435394987e+02
1.004718325379336363e+02
1.004045234759840923e+02
1.003342104803323451e+02
1.002605545544252976e+02
1.001832110243519054e+02
1.001018307831892997e+02
1.000160615260204366e+02
9.992554896420958244e+01
9.982993800815971497e+01
9.972887390861201595e+01
9.962200334755577558e+01
9.950897547097049767e+01
9.938944285689220237e+01
9.926306241364515870e+01
9.918859844674580017e+01
9.915368734806295947e+01
9.911082286460742807e+01
9.905961889770424023e+01
9.899970128628825705e+01
9.893070982281901138e+01
9.885230011113384307e+01
9.876414524841014497e+01
9.866593731606049289e+01
9.864962756791254606e+01
9.863661791750894281e+01
9.861262550569401242e+01
9.857736240852220533e+01
9.853056868969788695e+01
9.847201413145315030e+01
9.840149965289468525e+01
9.831885840163951684e+01
9.822395650898478436e+01
9.811669350337042772e+01
9.799700238142544606e+01
9.786484934036067784e+01
9.772023317981614809e+01
9.756318438542569993e+01
9.749065093632309242e+01
9.741509039658959068e+01
9.732723058054881449e+01
9.722714734097120015e+01
9.711494435644219436e+01
9.699075229499540285e+01
9.685810528190371826e+01
9.672346091462472373e+01
9.657737043657992615e+01
9.642006020469617056e+01
9.625177601031045072e+01
9.607278100268283083e+01
9.588335347045908463e+01
9.568378450450025241e+01
9.547437556676706549e+01
9.525543599091504632e+01
9.505850592814644529e+01
9.492764205644520814e+01
9.478810548486397636e+01
9.464014294132893212e+01
9.448400025213878450e+01
9.431992157200750171e+01
9.414814864147187734e+01
9.396892007039227224e+01
9.378247064626417284e+01
9.358903066616156252e+01
9.338882529133370269e+01
9.318207392375943243e+01
9.296898960430360148e+01
9.274977843250042042e+01
9.252463900838554878e+01
9.229376189718968249e+01
9.205732911807359642e+01
9.181551365840783774e+01
9.156847901536485779e+01
9.131637876678661314e+01
9.105935617340352906e+01
9.080092377094081257e+01
9.064064583543846254e+01
9.047573656972997469e+01
9.030622529790534259e+01
9.013213297472491092e+01
8.995347362074475939e+01
8.977025572251008612e+01
8.958248357478925072e+01
8.939015854318293464e+01
8.919328022717883186e+01
8.899184750580886316e+01
8.878585945046002337e+01
8.857531609205075540e+01
8.836021903266586719e+01
8.814057189478019438e+01
8.791638060434425483e+01
8.768765350718155105e+01
8.745440132130323718e+01
8.721663693080787993e+01
8.698692732463457844e+01
8.675321601958195572e+01
8.652735675288758443e+01
8.629776831824548822e+01
8.612144497450910308e+01
8.598919032706227483e+01
8.585242710599479210e+01
8.573170061041777501e+01
8.569193947139967804e+01
8.564740838857639460e+01
8.559798022375750293e+01
8.554353266065959360e+01
8.549212450257530804e+01
8.544033206070021436e+01
8.538320256817813458e+01
8.532065203266708409e+01
8.525260948969352626e+01
8.517901801118783567e+01
8.509983546469341320e+01
8.501503501386358153e+01
8.492460535478038253e+01
8.482855068665112697e+01
8.472689041948891031e+01
8.461965862539624084e+01
8.450690324397288578e+01
8.438868505609849535e+01
8.426507644383087836e+01
8.414955264863880302e+01
8.412161812639331515e+01
8.408848474019475816e+01
8.405018624843739872e+01
8.400676297605183152e+01
8.395826141487634686e+01
8.390473372204017721e+01
8.384623712473928947e+01
8.378283324117354880e+01
8.371458732868032371e+01
8.365218941112031814e+01
8.358749760056501543e+01
8.351817438491453061e+01
8.344429179984490474e+01
8.336592112306327351e+01
8.328313196663928863e+01
8.323460408093423268e+01
8.324936186634836588e+01
8.325979469630613039e+01
8.326588869682487370e+01
8.326762836310584248e+01
8.326499757421181869e+01
8.325798061578647946e+01
8.324656319429314522e+01
8.323073342621506754e+01
8.321048278588384051e+01
8.318580699608432383e+01
8.315670684631146514e+01
8.312318892452181274e+01
8.308526624940601835e+01
8.304295879159965921e+01
8.299629387381862955e+01
8.294530644163505428e+01
8.289003919846967960e+01
8.283054260034161587e+01
8.277874680729723877e+01
8.272400503493625479e+01
8.266523103726072463e+01
8.260250413532044433e+01
8.253590926145044193e+01
8.246553613462685917e+01
8.239147832182317188e+01
8.231383219675998930e+01
8.223269580899278708e+01
8.215516869958385371e+01
8.208037824269378291e+01
8.200239053833864489e+01
8.192129851392743944e+01
8.189155048361200784e+01
8.191068431905313219e+01
8.192685155940708341e+01
8.194005013893998068e+01
8.195027227215548749e+01
8.195750490112547482e+01
8.196173014748285368e+01
8.196292576071192570e+01
8.197117023007363912e+01
8.197925640523536117e+01
8.198422556894196589e+01
8.198604288933401563e+01
8.198467110712064709e+01
8.198007083092200276e+01
8.197220079551175331e+01
8.196101808296933200e+01
8.194647830799436861e+01
8.192853576981225672e+01
8.190714357417093083e+01
8.188225372987389505e+01
8.185381722508290636e+01
8.182178408923731183e+01
8.178610344686163103e+01
8.174672356975266041e+01
8.170359193405623444e+01
8.165665528855191724e+01
8.160585974007527454e+01
8.155960070486761992e+01
8.151395545668606246e+01
8.146428823330235502e+01
8.141054469402584459e+01
8.135267069859911260e+01
8.129061257683254382e+01
8.122431743266157866e+01
8.115373348048223079e+01
8.107881041040513992e+01
8.099949977791636968e+01
8.091575541237472180e+01
8.082753383783492040e+01
8.073479469889912252e+01
8.063750118367667596e+01
8.053562043550381588e+01
8.042912394484430649e+01
8.031798791277763883e+01
8.020219357767723523e+01
8.008172749709440552e+01
7.995658177747961304e+01
7.982675424518596685e+01
7.969224855318712741e+01
7.955307421908699439e+01
7.940924659127280449e+01
7.926078674143819569e+01
7.910772128315018392e+01
7.895008211761509642e+01
7.878790610928388105e+01
7.862123469539224629e+01
7.845011343491630385e+01
7.828160759783919787e+01
7.811476893425809465e+01
7.795149856956645351e+01
7.788233309615134203e+01
7.780891460324295394e+01
7.773123297563707013e+01
7.764928152597614996e+01
7.756305798101588778e+01
7.747256541647507788e+01
7.737781312747988238e+01
7.727881742272100496e+01
7.717560233171933248e+01
7.706820021602663928e+01
7.695665227673299569e+01
7.684339378203691240e+01
7.673674649826487837e+01
7.662613432771193800e+01
7.651163741004901908e+01
7.639334555738481924e+01
7.627135807407046286e+01
7.614578346670961650e+01
7.601673904991811526e+01
7.588435045469381635e+01
7.574875104742501719e+01
7.561008126856704337e+01
7.546848790084465008e+01
7.532412327748190251e+01
7.517714444142180241e+01
7.502771226677198513e+01
7.487599055380856328e+01
7.472214510878984584e+01
7.456634281958957899e+01
7.440875073776827264e+01
7.425913449336701433e+01
7.411149202070505737e+01
7.397276221043038902e+01
7.383572094682142506e+01
7.369770129493045374e+01
7.355885505992240780e+01
7.341932872027038570e+01
7.327926285957902053e+01
7.313879166600010251e+01
7.299804250133165340e+01
7.285713554096294331e+01
7.271618348493834105e+01
7.257529133958351508e+01
7.243455626836568229e+01
7.229406750996241726e+01
7.215390636088699239e+01
7.201414621947323269e+01
7.187485268755283130e+01
7.173608372577299974e+01
7.159788985819086804e+01
7.146031442155054947e+01
7.132339385448733537e+01
7.118715802181445440e+01
7.105163056902159724e+01
7.091682930214693670e+01
7.078276658827142853e+01
7.064944977201770371e+01
7.051688160361118207e+01
7.038506067427188384e+01
7.025398185494469772e+01
7.012363673464021474e+01
6.999401405493937034e+01
6.986510013750944381e+01
6.973687930178196837e+01
6.960933427024838238e+01
6.948244655913556755e+01
6.935619685252447653e+01
6.923056535826917468e+01
6.910553214435913105e+01
6.898107745463831009e+01
6.885718200305456094e+01
6.873382724585393078e+01
6.861099563136187385e+01
6.850103996612472201e+01
6.839686460220252684e+01
6.830157541345377581e+01
6.820675652912925102e+01
6.811239982568349660e+01
6.801849920408648131e+01
6.792505068808999624e+01
6.783205250322264135e+01
6.773950513739832502e+01
6.764741138407937626e+01
6.755577636898000549e+01
6.746460756132611891e+01
6.737391477070784163e+01
6.728371013057029870e+01
6.719400806938881487e+01
6.710482527056609570e+01
6.701618062207353432e+01
6.692809515683732968e+01
6.684059198484197850e+01
6.675369621789175767e+01
6.666743488793522943e+01
6.658183685981768463e+01
6.649693273928538417e+01
6.641275477702130559e+01
6.632933676944767853e+01
6.624671395698413789e+01
6.616492292040486234e+01
6.608400147589166806e+01
6.600398856933446723e+01
6.592492417038528174e+01
6.584684916672924260e+01
6.576980525899131180e+01
6.569383485665869671e+01
6.561898097535681984e+01
6.554528713578078225e+01
6.547279726454651438e+01
6.540155559719258349e+01
6.533160658353044425e+01
6.526299479551107652e+01
6.519576483774675069e+01
6.512996126080058445e+01
6.506562847733169974e+01
6.500281068116051131e+01
6.494155176929848494e+01
6.488189526696653786e+01
6.482388425560949941e+01
6.476756130389722443e+01
6.471296840169003417e+01
6.466014689693126627e+01
6.460913743542060672e+01
6.455997990340975434e+01
6.451271337295460739e+01
6.446737604994977744e+01
6.442400522476494018e+01
6.438263722539716127e+01
6.434330737304894399e+01
6.430604994003778074e+01
6.427089810994061736e+01
6.423788393987479139e+01
6.420703832481513018e+01
6.417839096384730624e+01
6.415197032825616930e+01
6.412780363135020423e+01
6.410591679992195679e+01
6.408633444724846129e+01
6.406907984753493679e+01
6.405417491170950939e+01
6.404164016447799668e+01
6.403149472255118724e+01
6.402375627396024527e+01
6.401844105837919585e+01
6.401556384837705593e+01
6.401513793152629717e+01
6.401717509329785116e+01
6.402168560067735825e+01
6.402867818644175202e+01
6.403816003403902357e+01
6.405013676301963699e+01
6.406461241497129322e+01
6.408158943991460887e+01
6.410106868312138317e+01
6.412304937232208601e+01
6.414752910527386121e+01
6.417450383766586697e+01
6.420396787134296801e+01
6.423591384283427885e+01
6.427033271217787558e+01
6.430721375203812329e+01
6.434654453711712563e+01
6.438831093386708915e+01
6.443249709051478646e+01
6.447908542741579652e+01
6.452805662775959661e+01
6.457938962865344479e+01
6.463306161261674276e+01
6.468904799952356655e+01
6.474732243903571316e+01
6.480785680357396927e+01
6.487062118188021032e+01
6.493558387322781300e+01
6.500271138234344903e+01
6.507196841510696572e+01
6.514331787510275262e+01
6.521672086109843747e+01
6.529213666553332018e+01
6.536952277410249224e+01
6.544883486652639704e+01
6.553002681860107259e+01
6.561305070562679020e+01
6.569785680731739319e+01
6.578439361429532539e+01
6.587260783628117622e+01
6.596244441208818898e+01
6.605384652153591674e+01
6.614675559939716720e+01
6.624111135149604479e+01
6.633685177307347658e+01
6.643391316953855608e+01
6.653223017972285902e+01
6.663589877218011281e+01
6.674955593533952936e+01
6.686898663988607439e+01
6.699770597799202676e+01
6.712733365294521093e+01
6.725779645283650154e+01
6.738901974195717060e+01
6.752092750813864086e+01
6.765344241349352217e+01
6.778648584862216353e+01
6.791997799033529759e+01
6.805383786293111825e+01
6.818798340304969940e+01
6.832233152811059540e+01
6.845679820832241091e+01
6.859129854223189682e+01
6.872574683575955135e+01
6.886005668464412111e+01
6.899414106019406745e+01
6.912791239821669365e+01
6.927307739608620807e+01
6.943202156295141947e+01
6.959038990659041701e+01
6.974809517295915384e+01
6.990505005855172271e+01
7.006116731409721865e+01
7.021635984962865962e+01
7.037054084052023484e+01
7.052362383404930313e+01
7.067552285599904849e+01
7.082615251677727031e+01
7.097542811648796146e+01
7.112326574835000770e+01
7.126958239982235455e+01
7.141429605075548182e+01
7.155732576785537447e+01
7.169859179471474420e+01
7.184791733834555316e+01
7.199845372899045515e+01
7.214699636341258326e+01
7.230076764349375651e+01
7.245813547572554114e+01
7.261329483516436767e+01
7.276617769098153587e+01
7.291671765395678051e+01
7.306484999026699256e+01
7.321051162278138236e+01
7.335364111917066055e+01
7.349417866620532891e+01
7.363206602969394510e+01
7.377582509632807728e+01
7.392127521218760933e+01
7.406391053943653446e+01
7.420367921141534850e+01
7.434053051313421179e+01
7.447441474986666776e+01
7.460528310099830662e+01
7.473308745975788270e+01
7.485778025967015026e+01
7.497931428880033877e+01
7.509764249309698414e+01
7.521271777038998607e+01
7.532449275685543455e+01
7.543291960801785478e+01
7.553794977662238352e+01
7.563953378996554022e+01
7.573762102952662190e+01
7.583215951597948390e+01
7.592309570289091880e+01
7.601037428261361129e+01
7.609393800805818842e+01
7.617372753417397746e+01
7.624968128307349957e+01
7.632173533679778643e+01
7.638982336173302201e+01
7.645387656864399162e+01
7.651382371218664957e+01
7.656959113359194191e+01
7.662110284997076803e+01
7.666828069337762486e+01
7.671104450237569949e+01
7.674931236837926463e+01
7.678300093849738062e+01
7.681202577597731818e+01
7.683630177864236543e+01
7.685574365494491644e+01
7.687026645641486766e+01
7.687978616438600454e+01
7.688422032793499739e+01
7.688348874898571239e+01
7.687751420952092474e+01
7.686622323482883701e+01
7.684954688570012138e+01
7.682815725557898645e+01
7.681355696631332819e+01
7.679340067339114739e+01
7.676764653163856167e+01
7.673626131298233588e+01
7.669922117275699236e+01
7.665651237169485910e+01
7.660813194100239798e+01
7.655408827785140602e+01
7.649920348355122712e+01
7.644693805765695060e+01
7.638910846658737341e+01
7.632577345629246679e+01
7.625700464906434206e+01
7.618288647688247295e+01
7.610351597167721138e+01
7.601900240674824261e+01
7.592946678535574279e+01
7.583504117444479675e+01
7.573586788354425892e+01
7.563209849106758043e+01
7.552389272250913166e+01
7.541141718733548771e+01
7.530021622653151780e+01
7.519275302882078904e+01
7.508154771617586221e+01
7.496678009569647827e+01
7.484862882035561427e+01
7.472726954585432679e+01
7.460287305389532264e+01
7.455623581958620605e+01
7.453240452699880336e+01
7.450587617918787942e+01
7.447671633721846263e+01
7.444498117584184627e+01
7.441071744592917980e+01
7.437396247347396638e+01
7.433474419509673226e+01
7.429308123058611102e+01
7.424898299360816623e+01
7.421279652514624559e+01
7.417685187528256563e+01
7.413844802598345041e+01
7.409756025868098561e+01
7.405415584946099727e+01
7.400819445799362484e+01
7.395962857277764613e+01
7.390840401508692992e+01
7.385446050341377600e+01
7.379773227942023084e+01
7.373814879543698453e+01
7.367563546241107986e+01
7.361011445591633162e+01
7.354150557643242792e+01
7.346972715860265168e+01
7.339469702263617990e+01
7.331633345946576696e+01
7.323455623975299034e+01
7.314928763539606393e+01
7.306045344088160221e+01
7.296798398068197855e+01
7.287874541232811509e+01
7.279185105479572826e+01
7.270115028870607432e+01
7.260660157840099771e+01
7.250817221298215998e+01
7.240583890747143414e+01
7.229958828339731269e+01
7.218941721596952732e+01
7.207533303661053026e+01
7.195735358151851813e+01
7.183550707911660993e+01
7.170983187165766992e+01
7.158037596885300502e+01
7.144719643413156973e+01
7.131035860695052975e+01
7.116993516741463566e+01
7.102600505225430538e+01
7.087865223390569724e+01
7.077716616865734522e+01
7.072941279420585658e+01
7.072567197142551265e+01
7.077760470249606328e+01
7.082678437557466111e+01
7.088507326849200751e+01
7.093996526624040655e+01
7.099142949804482328e+01
7.104848637638963282e+01
7.110606632697560769e+01
7.116017738289022532e+01
7.121082534886831183e+01
7.127154562617691624e+01
7.142152465585961352e+01
7.156803956061659733e+01
7.171106758662030245e+01
7.185059871015586452e+01
