9.385056008750821377e+01
9.420636747975916592e+01
9.456215179397818815e+01
9.491759803160651643e+01
9.527237649721300272e+01
9.562614363879757207e+01
9.597854291652473080e+01
9.632920569244775777e+01
9.667775213397658263e+01
9.702379212423684862e+01
9.736692617304612440e+01
9.770674632298161555e+01
9.804283704590754667e+01
9.837477612634151569e+01
9.870213552913331512e+01
9.902448225007768201e+01
9.934137914923934431e+01
9.965238576790542879e+01
9.995705913115290286e+01
1.003106198633697375e+02
1.007074669808284284e+02
1.010965368178096355e+02
1.014773162708886645e+02
1.018492978420255781e+02
1.022119820109086277e+02
1.025690913448631534e+02
1.030179277970808585e+02
1.034559647521522692e+02
1.038826872780702786e+02
1.042976022951047383e+02
1.047002418922771483e+02
1.050901664130236668e+02
1.054669672790502659e+02
1.058302695249874859e+02
1.061797340203981292e+02
1.065150593599215370e+02
1.068359834067695573e+02
1.071422844793654434e+02
1.074337821755434987e+02
1.077103378333468982e+02
1.079718546319912775e+02
1.082182773409340371e+02
1.084495917291447284e+02
1.086824816186011446e+02
1.089898931076270969e+02
1.092945129992216948e+02
1.095850294617093823e+02
1.098607240169975796e+02
1.101217399157582690e+02
1.103682562076551505e+02
1.106107436522986660e+02
1.108419673758924660e+02
1.110594363485582790e+02
1.112764850121883455e+02
1.114804244603847678e+02
1.116716198747617312e+02
1.118504603822771060e+02
1.120173566970527190e+02
1.122532234150471311e+02
1.125036937583603276e+02
1.127434324631593228e+02
1.129728440986632734e+02
1.131923464223527986e+02
1.134023692568424195e+02
1.136033532953598808e+02
1.137957488337153791e+02
1.139800144275280473e+02
1.141566154745059833e+02
1.143260227227158765e+02
1.144887107070148033e+02
1.146451561171168549e+02
1.147958361021013616e+02
1.149412265175199082e+02
1.150818001225809297e+02
1.152180247361737599e+02
1.153503613616988730e+02
1.154792622917776015e+02
1.156051692049079804e+02
1.157285112669788418e+02
1.158497032512518672e+02
1.159691436909462112e+02
1.160872130789084906e+02
1.162042721290143703e+02
1.163206601139229406e+02
1.164366932935924126e+02
1.165526634485697457e+02
1.166688365314906832e+02
1.167854514494824514e+02
1.169027189892579486e+02
1.170208208956412363e+02
1.171399091130846273e+02
1.172601051984422185e+02
1.173814999118714866e+02
1.175041529912614635e+02
1.176280931140465356e+02
1.177533180486826296e+02
1.178797949964509115e+02
1.180074611226268360e+02
1.181362242744357616e+02
1.182659638816087408e+02
1.183965320337866558e+02
1.185277547274908585e+02
1.186594332739132795e+02
1.187913458573725052e+02
1.189232492329606998e+02
1.190548805506618635e+02
1.191859592920740738e+02
1.193161893048206252e+02
1.194452609187916465e+02
1.195728531275264714e+02
1.196986358173386833e+02
1.198222720261959751e+02
1.199434202139145356e+02
1.200617365249074453e+02
1.201768770245544999e+02
1.202884998902357268e+02
1.203962675382066436e+02
1.204998486677901752e+02
1.206741666015157222e+02
1.208745761855349201e+02
1.210697412288283488e+02
1.212593064638798097e+02
1.214524796452506479e+02
1.216428906671584826e+02
1.218267629982323967e+02
1.220038340712794991e+02
1.221738696604598999e+02
1.223366653287024661e+02
1.224920474900512630e+02
1.226398740732740720e+02
1.228381342028406635e+02
1.230767239652256535e+02
1.233074120732245547e+02
1.235301131626044366e+02
1.237447748625726689e+02
1.239513776608308007e+02
1.241499343409051050e+02
1.243404889990684978e+02
1.245231156544452915e+02
1.247736163740727307e+02
1.250468798202087015e+02
1.253124763700717494e+02
1.255705112525487976e+02
1.258605516670826461e+02
1.262100518516837866e+02
1.266187979048121122e+02
1.270601470285578500e+02
1.274944121246516886e+02
1.279216755540910526e+02
1.283420399768758671e+02
1.287556285400309264e+02
1.291625847868745893e+02
1.295630722848348171e+02
1.299572739734197171e+02
1.303453912382054511e+02
1.307276427208333587e+02
1.311042628789229809e+02
1.314755003134432911e+02
1.318969507143138458e+02
1.323643910013325922e+02
1.328271518054591240e+02
1.332854497770573516e+02
1.337395088674616659e+02
1.341895593524967580e+02
1.346358367235526146e+02
1.350785804541485504e+02
1.355180326512104330e+02
1.359544366014579566e+02
1.363880352243618006e+02
1.368190694440760922e+02
1.372477764935820232e+02
1.376743881649919388e+02
1.380991290205642201e+02
1.385222145794640198e+02
1.389438494956776822e+02
1.393642257427482036e+02
1.397835208211430427e+02
1.402018960040939817e+02
1.406194946376586472e+02
1.410364405105383412e+02
1.414528363088454910e+02
1.418687621705414585e+02
1.422842743536520516e+02
1.426994040316160977e+02
1.431141562282215602e+02
1.435285089035363626e+02
1.439424122010422025e+02
1.443557878648348094e+02
1.448046049570266405e+02
1.453227626989894361e+02
1.458398894850489569e+02
1.463557227394560982e+02
1.468699752197947532e+02
1.473823371323582876e+02
1.478924783465629957e+02
1.484000506795193246e+02
1.489046902216852004e+02
1.494060196747277018e+02
1.499036506733195893e+02
1.503971860635697340e+02
1.508862221121206346e+02
1.513703506216154153e+02
1.518491609302103882e+02
1.523222417750641284e+02
1.527891830022276451e+02
1.532495771080681664e+02
1.537030206002273474e+02
1.541491151691279242e+02
1.545874686641280675e+02
1.550176958715789226e+02
1.554394190951811083e+02
1.558522685421641825e+02
1.562558825218443133e+02
1.566499074660447945e+02
1.570339977836258356e+02
1.574078155639352019e+02
1.577710301463257849e+02
1.581233175749425186e+02
1.584643599597388004e+02
1.587938447661034900e+02
1.591114640565416778e+02
1.594169137085293926e+02
1.597098926329437631e+02
1.599901020173365680e+02
1.602572446177667871e+02
1.605850936270215357e+02
1.609313757198034693e+02
1.612635829409190080e+02
1.615813516634640905e+02
1.618843222280825955e+02
1.621721404983374271e+02
1.624444594886891764e+02
1.627009410484985494e+02
1.629412575839634769e+02
1.631650937986327961e+02
1.633721484320905120e+02
1.635621359756225957e+02
1.637347883431404512e+02
1.638898564753819187e+02
1.640271118554195766e+02
1.641463479138101036e+02
1.642473813022920410e+02
1.643300530158146557e+02
1.643942293438252591e+02
1.644398026331805909e+02
1.644666918467523544e+02
1.644748429037731512e+02
1.644642287901926352e+02
1.644348494297791774e+02
1.643867313093790301e+02
1.643199268546133567e+02
1.642345135553271973e+02
1.641305928432619226e+02
1.640082887276718111e+02
1.638677461979061150e+02
1.637091294052774231e+02
1.635326196397954277e+02
1.633384131205049812e+02
1.631267186211831870e+02
1.628977549559613465e+02
1.626517483520034375e+02
1.623889297386322710e+02
1.621095319842085303e+02
1.618137871135924399e+02
1.615823314320468285e+02
1.613960714789071744e+02
1.612648481561080871e+02
1.611178573384325716e+02
1.609551557501701495e+02
1.607767940901814256e+02
1.605828181057416941e+02
1.603732697073008637e+02
1.601481881063362493e+02
1.599076109595121693e+02
1.596515755036752466e+02
1.593801196677521261e+02
1.590932831493295794e+02
1.587911084455355137e+02
1.584736418297397051e+02
1.581409342675111702e+02
1.577930422671478539e+02
1.574300286618876896e+02
1.570519633225722202e+02
1.566589238010318752e+02
1.562509959057590549e+02
1.558282742125094273e+02
1.553908625133098269e+02
1.549388742079317467e+02
1.544724326422317233e+02
1.539916713978402072e+02
1.534967345375380035e+02
1.529877768102966229e+02
1.524649638193939722e+02
1.519284721562977438e+02
1.513784895021375121e+02
1.508152146976237304e+02
1.502388577812281767e+02
1.496496399943704887e+02
1.490477937512774531e+02
1.484335625701453694e+02
1.478072009612563420e+02
1.471689742668262966e+02
1.465191584466031998e+02
1.458580398026302873e+02
1.451859146361486523e+02
1.445030888293646001e+02
1.438098773447556482e+02
1.431751148250108940e+02
1.425682761146419750e+02
1.419519284384362550e+02
1.413263486817266426e+02
1.406918232249965683e+02
1.400486483792745673e+02
1.393971306125148999e+02
1.387375865445341390e+02
1.380703426918276762e+02
1.373957349478166350e+02
1.368075865285839541e+02
1.362254368166019844e+02
1.356368453728253485e+02
1.350421082583167163e+02
1.344415289402253109e+02
1.338354176992697830e+02
1.332240907156491687e+02
1.326078688379221830e+02
1.319870760460262602e+02
1.313620376261354181e+02
1.307330780813431659e+02
1.301005188080746109e+02
1.294646755735604415e+02
1.288258558345352469e+02
1.282868109580973623e+02
1.277518555991557889e+02
1.272248553028625224e+02
1.267331702270124083e+02
1.263083395386303494e+02
1.258816298620245959e+02
1.254530972058022940e+02
1.250227809806756341e+02
1.245907048442342102e+02
1.241568776251336033e+02
1.237212943248610060e+02
1.232839371943505284e+02
1.228447768817430585e+02
1.224037736465161714e+02
1.219608786340657645e+02
1.215160352036159281e+02
1.210691803010772247e+02
1.206202458671949387e+02
1.201691602700416865e+02
1.197158497496453577e+02
1.192602398613264825e+02
1.188022569031839595e+02
1.183418293121458618e+02
1.178788890121192736e+02
1.174133726970797653e+02
1.169452230314490748e+02
1.164743897498677541e+02
1.160008306384998633e+02
1.155245123803304779e+02
1.150454112475649708e+02
1.145635136252157764e+02
1.140788163512858517e+02
1.136053462410265951e+02
1.132212809592585359e+02
1.128343891936242187e+02
1.124446397963272659e+02
1.120520142064262927e+02
1.116565070974455267e+02
1.112581267237256810e+02
1.108568949490925633e+02
1.104528469467220049e+02
1.100460305647540196e+02
1.096365053581396722e+02
1.092243412932742928e+02
1.089125023997264634e+02
1.086606196012429422e+02
1.084532072565874756e+02
1.082885318801400558e+02
1.081820521913202668e+02
1.080727990268666048e+02
1.079606825323965040e+02
1.078456243211657721e+02
1.077275585550016359e+02
1.076968635719695158e+02
1.076787862630500712e+02
1.076574540494697487e+02
1.076327880804168160e+02
1.077108980214813982e+02
1.077855300164462733e+02
1.078565559628400621e+02
1.079239011046708754e+02
1.079875124583565764e+02
1.080473593086573203e+02
1.081034332726542573e+02
1.081557479401062380e+02
1.082501088770820985e+02
1.084012111722830696e+02
1.085486157709952835e+02
1.086923444762222459e+02
1.088324376500556809e+02
1.089689533738599465e+02
1.091019662994927728e+02
1.092315662108999277e+02
1.093578563185871673e+02
1.094809513122911540e+02
1.096009751996188015e+02
1.097180589604775491e+02
1.098323380487719447e+02
1.099439497740783906e+02
1.100530305968296574e+02
1.101597133709401675e+02
1.102641245677888548e+02
1.103663815150537175e+02
1.104665896830764069e+02
1.105648400502371231e+02
1.106612065772658013e+02
1.107557438185246923e+02
1.108635924250549465e+02
1.110607441802793574e+02
1.112560113883045716e+02
1.114492815856852133e+02
1.116404174028234024e+02
1.118292570430765522e+02
1.120156149405954551e+02
1.121992825785250290e+02
1.123800294477105552e+02
1.125576041249896377e+02
1.127331058460893161e+02
1.130097074977735900e+02
1.132821972609556411e+02
1.135501830378122463e+02
1.138132616145880576e+02
1.140710216185516543e+02
1.143343390095435126e+02
1.145932412630106541e+02
1.148455711433719131e+02
1.150921644914813839e+02
1.153431368738973504e+02
1.155863042955025008e+02
1.158212700010531364e+02
1.160476465165282320e+02
1.162650567223882092e+02
1.164731346566383934e+02
1.166715260555456553e+02
1.168598886449345002e+02
1.170378921996672688e+02
1.172052183931107976e+02
1.174373951485996201e+02
1.176886175867137041e+02
1.179281539456728041e+02
1.181556614861221988e+02
1.183708109437167337e+02
1.186292854822160336e+02
1.189249636684341880e+02
1.192072758979238642e+02
1.194758856650509671e+02
1.197304771584784362e+02
1.199707572472722461e+02
1.201964573349367811e+02
1.204073350656375681e+02
1.206031758676451773e+02
1.207966508371651031e+02
1.209749239688878788e+02
1.211376973635371286e+02
1.212848800527945770e+02
1.214164136818392024e+02
1.215322728279556657e+02
1.216324650878083133e+02
1.217170309303592859e+02
1.217892640787052301e+02
1.218558593362682956e+02
1.219071427609611646e+02
1.219432809096607429e+02
1.219644689925783894e+02
1.219709293666193588e+02
1.219629098279835802e+02
1.219406817162672780e+02
1.219045378439665797e+02
1.218547902668110083e+02
1.217917679117554570e+02
1.217158140807244990e+02
1.216272838493197241e+02
1.215265413806629482e+02
1.214139571753480737e+02
1.212899052791035501e+02
1.211547604702268046e+02
1.210088954491311739e+02
1.209203089676723692e+02
1.208602660714514343e+02
1.207904653024787933e+02
1.207111762397383217e+02
1.206226575179718594e+02
1.205251560535778452e+02
1.204189063303226845e+02
1.203041297407960855e+02
1.201810339802890013e+02
1.200498124907250030e+02
1.199106439533892114e+02
1.197636918304351212e+02
1.196091039564624623e+02
1.194470121827913687e+02
1.192775320783735253e+02
1.191007626925140528e+02
1.189167863856898180e+02
1.187256687356926079e+02
1.185274585270514223e+02
1.183221878321710250e+02
1.181098721928192532e+02
1.178905109104932620e+02
1.176640874537681327e+02
1.174305699899790909e+02
1.171899120475080309e+02
1.169420533135487119e+02
1.166869205705278745e+02
1.164244287723920621e+02
1.161544822597642792e+02
1.158769761105737075e+02
1.155921115985407681e+02
1.153121732748997630e+02
1.150243211381354485e+02
1.147284299202195967e+02
1.144243735751379916e+02
1.141120272253536854e+02
1.137912691477044831e+02
1.134690151582769033e+02
1.131441227741227777e+02
1.128104935356874563e+02
1.124680389043470683e+02
1.121166831672210265e+02
1.117563651370458899e+02
1.113870397125164686e+02
1.110086792743508397e+02
1.106212748940183701e+02
1.102248373342338823e+02
1.098193978229347181e+02
1.094050085854864562e+02
1.089817431232496290e+02
1.085496962303338790e+02
1.081089837442922459e+02
1.076597420305992046e+02
1.072021272049285869e+02
1.067363141014259185e+02
1.062710543818852074e+02
1.058488509586364046e+02
1.054788732288023994e+02
1.051014552153466752e+02
1.047167745926331435e+02
1.043250212306617186e+02
1.039568909356806188e+02
1.036577974904249970e+02
1.033521750992513120e+02
1.030933200352400547e+02
1.028813127968386851e+02
1.026631890029663197e+02
1.024390764030336385e+02
1.022091183805294605e+02
1.019768347192819391e+02
1.017487165107074532e+02
1.015152899279618595e+02
1.012767724429168084e+02
1.010334011627300299e+02
1.007854327525292462e+02
1.005331430529589909e+02
1.002768263965599260e+02
1.000167946315199714e+02
9.975337586570978488e+01
9.948691294802200957e+01
9.921776170780697157e+01
9.894628897658282085e+01
9.867287041914536871e+01
9.839788820367455457e+01
9.812172854240027675e+01
9.784477913583320685e+01
9.756742655447359880e+01
9.729005359228767702e+01
9.701303662609187484e+01
9.673674301433183587e+01
9.646152856760845395e+01
9.618773512172080586e+01
9.591568824200626864e+01
9.564569508539898379e+01
9.537804244395321973e+01
9.511299499063424889e+01
9.485079374501771099e+01
9.459165477321580795e+01
9.433576813291408314e+01
9.408329707091299099e+01
9.383437747707276344e+01
9.358911759510550610e+01
9.334759798730151203e+01
9.310987174704715130e+01
9.287596494994377849e+01
9.264587733149940618e+01
9.241958317677355694e+01
9.219703240503949360e+01
9.197815183051065446e+01
9.176284657848204063e+01
9.155100163487182385e+01
9.134248350613361822e+01
9.113714196584372473e+01
9.093481186395217719e+01
9.073531497472647800e+01
9.053846185979040229e+01
9.034405372336864559e+01
9.015188423786288752e+01
8.996174131919222816e+01
8.977340883290183626e+01
8.958666821384942125e+01
8.940129998428726310e+01
8.921708515733712375e+01
8.903380651515780642e+01
8.885124975350696275e+01
8.866920448684359712e+01
8.848746511057716191e+01
8.830583151949316800e+01
8.812410968374130960e+01
8.794482871297712734e+01
8.777540613206251408e+01
8.760535429272002261e+01
8.743450730031040052e+01
8.728738846327847511e+01
8.722067497669284819e+01
8.715262261309761982e+01
8.708302357998849175e+01
8.701167985608219624e+01
8.693840441075411718e+01
8.686302231751729153e+01
8.678537175218953337e+01
8.670591750655432861e+01
8.663633257989933156e+01
8.656408119992387640e+01
8.648906212168685670e+01
8.641119022542243044e+01
8.633039670018996503e+01
8.624662908539086459e+01
8.615985117256926173e+01
8.607004277146550919e+01
8.597997162135671090e+01
8.589713528268809739e+01
8.581130065507836946e+01
8.572250753809909440e+01
8.563080878009903074e+01
8.554762390635329439e+01
8.546499088266799049e+01
8.539107384498943532e+01
8.531457722777611252e+01
8.523560599519173309e+01
8.515427196640355589e+01
8.507069267079951658e+01
8.498499020345015253e+01
8.489729009211652055e+01
8.480772018645703270e+01
8.471640957932089577e+01
8.462348756916584591e+01
8.452908267170688816e+01
8.443332168792390746e+01
8.433660226184532860e+01
8.425152976199419186e+01
8.416546370513329123e+01
8.407851678508282589e+01
8.399079634383689097e+01
8.390240386983546728e+01
8.381343457391444929e+01
8.372397704219666537e+01
8.363411296440588671e+01
8.354391693537581887e+01
8.345345632689694071e+01
8.336279122649564499e+01
8.327197443927387610e+01
8.318105154855450678e+01
8.309006103077420846e+01
8.299903441984118047e+01
8.290799651602468145e+01
8.281696563436386782e+01
8.272595388756701595e+01
8.263496749841864641e+01
8.254400713680804813e+01
8.245306827664012417e+01
8.236214156807528752e+01
8.227121322076706633e+01
8.218026539401847685e+01
8.208927659005038890e+01
8.199822204686940097e+01
8.190707412752489347e+01
8.181580270285846268e+01
8.172437552516291248e+01
8.163275859048219729e+01
8.155185831076111924e+01
8.147278652108624897e+01
8.139341722324826378e+01
8.131371347462491883e+01
8.123363815943889676e+01
8.115315425199642618e+01
8.107222506075835611e+01
8.099081445311500715e+01
8.090888706093137728e+01
8.082640846710542348e+01
8.074334537354133090e+01
8.065966575107832170e+01
8.057533897204024242e+01
8.049033592617344368e+01
8.040462912083137326e+01
8.031819276633541449e+01
8.023100284750009337e+01
8.014303718235476026e+01
8.005427546912437720e+01
7.996469932255072877e+01
7.987429230064337560e+01
7.978303992294731017e+01
7.969092968140192568e+01
7.959795104484642536e+01
7.950409545819883306e+01
7.940935633730276777e+01
7.931372906039305803e+01
7.921721095709067129e+01
7.911980129578209642e+01
7.902150127018900605e+01
7.892231398587435365e+01
7.882224444737052238e+01
7.872129954655473227e+01
7.861948805282899855e+01
7.851682060559754461e+01
7.841330970946557954e+01
7.831154194628507526e+01
7.821942059527782476e+01
7.812650540132545984e+01
7.803281709988652892e+01
7.793837831852668785e+01
7.784321359347637781e+01
7.774734938989006139e+01
7.765081412565703545e+01
7.755363819854110830e+01
7.745585401635358380e+01
7.735749602979113604e+01
7.725860076749972905e+01
7.715920687285171198e+01
7.705935514185669888e+01
7.695908856155429589e+01
7.685845234817170990e+01
7.675749398426162884e+01
7.665626325397425944e+01
7.655481227555402768e+01
7.645319553009686331e+01
7.635146988554662073e+01
7.624969461486196565e+01
7.614793140723941178e+01
7.604624437123851521e+01
7.594470002862327362e+01
7.584336729770792829e+01
7.574231746497835616e+01
7.564162414375054766e+01
7.554136321863188641e+01
7.544161277456007042e+01
7.534245300922205502e+01
7.524396612769048431e+01
7.514623621816775767e+01
7.504934910779306279e+01
7.495339219754956162e+01
7.485845427540841968e+01
7.476462530695960140e+01
7.467199620291611950e+01
7.458065856302805230e+01
7.449405438561758785e+01
7.441860731185259681e+01
7.435558063853619615e+01
7.429639444204171639e+01
7.423896124061157309e+01
7.418337156396063392e+01
7.412971417992723389e+01
7.407807565751785717e+01
7.402853991204509043e+01
7.398118773437509788e+01
7.393609630661666188e+01
7.389333870690268213e+01
7.385298340623255342e+01
7.381509376065511674e+01
7.377972750237378818e+01
7.374693623364071016e+01
7.371676492757366361e+01
7.368925144026574969e+01
7.366442603876737394e+01
7.364231094968597802e+01
7.362291993327457362e+01
7.360625788795384494e+01
7.359232049022948274e+01
7.358109387492599751e+01
7.357255436054555275e+01
7.356666822438445763e+01
7.356339153178373635e+01
7.356267002356311480e+01
7.356443906527917420e+01
7.356862366146455656e+01
7.357513853744333687e+01
7.358388829068321968e+01
7.359476761294055791e+01
7.360766158368654999e+01
7.362244603447969382e+01
7.363898798308032667e+01
7.365714613519841691e+01
7.367677145083871437e+01
7.369770777127267536e+01
7.371979250173865239e+01
7.374285734406730342e+01
7.376672907256717338e+01
7.379123034569973072e+01
7.381807072350113685e+01
7.385631826012561874e+01
7.389464796058737761e+01
7.393287530577275390e+01
7.397081594943865923e+01
7.400828655456766114e+01
7.404510559921551760e+01
7.408109414203065057e+01
7.411607653802802531e+01
7.414988109577410569e+01
7.418729464427890719e+01
7.423127872611784994e+01
7.427360018492638005e+01
7.431410903297125969e+01
7.435266139476514979e+01
7.438911967948551762e+01
7.442335266190801235e+01
7.445523547266836317e+01
7.448464950021670461e+01
7.451148220836823555e+01
7.453562687484891569e+01
7.455698225765830500e+01
7.457545219739046161e+01
7.459094516484451276e+01
7.460942933204577798e+01
7.463174141210488699e+01
7.472680010502760695e+01
7.484873916689926432e+01
7.497828115276539052e+01
7.510610684731537390e+01
7.523015453553917098e+01
7.535029541359293148e+01
7.546640818521413507e+01
7.557838004776961327e+01
7.568610761262748099e+01
7.578949774971088971e+01
7.588846834728956026e+01
7.598294897937465464e+01
7.607288147447822269e+01
7.615822038095045343e+01
7.623893332558678537e+01
7.631500126367316739e+01
7.638641862008373096e+01
7.645319332243461474e+01
7.651534672860519493e+01
7.657291345214305522e+01
7.662594109015428501e+01
7.667448985922885640e+01
7.671863214575233769e+01
7.675845197760503424e+01
7.679404442473787640e+01
7.682551493645053142e+01
7.685297862337564823e+01
7.687655949220875584e+01
7.689638964112252495e+01
7.691260842357802119e+01
7.692536158791575929e+01
7.694303605642102184e+01
7.696234818265315880e+01
7.697866270852442483e+01
7.699214285885599907e+01
7.700295381325376809e+01
7.701126182759495009e+01
7.701723336825743615e+01
7.702103426204323000e+01
7.702282886423354569e+01
7.702277924675712484e+01
7.702104440806282071e+01
7.702388787601979914e+01
7.703302033582434660e+01
7.705320588370258861e+01
7.707229914580410934e+01
7.710251310573733008e+01
7.713284892282392491e+01
7.716247376706539285e+01
7.719149881813176250e+01
7.722002621803042643e+01
7.725272850715262507e+01
7.729355989825936035e+01
7.733414187247333871e+01
7.737453637600727063e+01
7.742130577056060758e+01
7.747449755615238587e+01
7.752762018047089043e+01
7.758068969333240261e+01
7.763370995960403320e+01
7.768667256565751700e+01
7.773955678965754146e+01
7.779232963884292928e+01
7.784494595659742799e+01
7.790947991649271387e+01
7.797463207697693122e+01
7.803942286855290433e+01
7.810376176686740735e+01
7.816754772482235580e+01
7.823066972319787737e+01
7.829300739158682632e+01
7.835443169595950508e+01
7.841480568809322449e+01
7.847398531102228958e+01
7.853182025361212482e+01
7.858815484636838278e+01
7.864282898967877600e+01
7.869567910488504481e+01
7.874653909791712181e+01
7.879524132471308917e+01
7.884161754732855343e+01
7.888549986951201731e+01
7.892672164061595197e+01
7.896511831703033124e+01
7.900052827087007756e+01
7.903279353642723493e+01
7.907012967098289380e+01
7.910868139370033703e+01
7.914364410140291284e+01
7.917488117919252488e+01
7.920226222224974322e+01
7.922566327910347184e+01
7.924496700434191609e+01
7.926006272370598538e+01
7.927084641635701701e+01
7.927722062088885480e+01
7.928577804932430695e+01
7.929609793932449691e+01
7.930175455134488516e+01
7.930267526685148027e+01
7.929879274810292600e+01
7.932897994040239098e+01
7.942149430834334112e+01
7.950893488847329138e+01
7.959118378219777412e+01
7.973144136643952606e+01
7.990915529375629944e+01
8.008126274924285326e+01
8.024761720763939365e+01
8.040808949485334267e+01
8.056257053949288149e+01
8.071097394315644635e+01
8.085323833138221516e+01
8.098932944970090375e+01
8.111924197231365952e+01
8.124578980920742310e+01
8.137648348092703543e+01
8.150117026291883349e+01
8.161997271132266007e+01
8.173304618022045531e+01
8.184093327223085623e+01
8.195617518570284687e+01
8.206634607225778666e+01
8.217172561055781443e+01
8.227262055196072765e+01
8.236936247405355971e+01
8.246230521214862108e+01
8.255182199683113708e+01
8.263830232936221876e+01
8.277382983396151417e+01
8.296163189360210310e+01
8.314752393309505862e+01
8.333185728109295098e+01
8.351498542860289831e+01
8.369726171850160767e+01
8.387903696896508166e+01
8.406065705088865059e+01
8.424246044013302992e+01
8.450413056686615221e+01
8.479343146409479459e+01
8.508373901086697799e+01
8.537527075181712632e+01
8.566822953006030161e+01
8.596280289646833239e+01
8.625916254998779209e+01
8.655746380627938663e+01
8.685784509273410947e+01
8.716042746880059156e+01
8.746531417148499088e+01
8.777259018683261615e+01
8.808232184911821605e+01
8.839455647033480545e+01
8.870932200332870821e+01
8.902662674256788478e+01
8.934645906700644957e+01
8.967056939490063883e+01
9.000837280813713903e+01
9.034854846693218633e+01
9.069100427978376899e+01
9.103562775290558307e+01
9.138228608352230253e+01
9.173082632458822161e+01
9.208107562271800361e+01
9.243284153010444015e+01
9.278591239012249048e+01
9.314005779520454098e+01
9.349502911446876396e+01
9.385056008750821377e+01
