9.342577069758189623e+01
9.356137712984305210e+01
9.369410407959247777e+01
9.382389671139354448e+01
9.395070157160981239e+01
9.407446652753435501e+01
9.419514067656099598e+01
9.431267422868725703e+01
9.442701836622616440e+01
9.453812508514343449e+01
9.464594702291645945e+01
9.475043727822614414e+01
9.485154922813038070e+01
9.494923634862047379e+01
9.504345204462121899e+01
9.513436676915654289e+01
9.522386268644935114e+01
9.530974569968836363e+01
9.539196777943713812e+01
9.547048032687041541e+01
9.554523418313029026e+01
9.561617968580507920e+01
9.568326677582049911e+01
9.574644515716383353e+01
9.580566451089249824e+01
9.586087476382405725e+01
9.591202641117557448e+01
9.595907089124141010e+01
9.600196100898345719e+01
9.604065140418555302e+01
9.607509905861454058e+01
9.610526383546496731e+01
9.613110904326624961e+01
9.615260201543004825e+01
9.616971469574018272e+01
9.618242421935964614e+01
9.619071347837930830e+01
9.619457166057637210e+01
9.619399474991244858e+01
9.618898597738917999e+01
9.617955621120779597e+01
9.616572427575205495e+01
9.614751718972560468e+01
9.612938288896118877e+01
9.610747586268107057e+01
9.608132545867528052e+01
9.605099225642202043e+01
9.601654475475409356e+01
9.597805899500416160e+01
9.593561807579246192e+01
9.589038120531598963e+01
9.587424486719882566e+01
9.585524918696124530e+01
9.583374173340278901e+01
9.580866461881824137e+01
9.578009554584143359e+01
9.574811722543996950e+01
9.571281710917958208e+01
9.567428701164274685e+01
9.563262262513418932e+01
9.558792293139596552e+01
9.554166510941618640e+01
9.552218787777115949e+01
9.549994487571578361e+01
9.547500349891005555e+01
9.544832854890991314e+01
9.542126424402800922e+01
9.539344809835553463e+01
9.536321537197193265e+01
9.533063889687406345e+01
9.529579182939286852e+01
9.525874723041017944e+01
9.521986703825149334e+01
9.518057365655077717e+01
9.513929627417155643e+01
9.509610219115010921e+01
9.505105561597108021e+01
9.500421695892184459e+01
9.495564211863593584e+01
9.490538177547607290e+01
9.485348070553469313e+01
9.480073668676685372e+01
9.474727892086207248e+01
9.469227321673990616e+01
9.463573485743809499e+01
9.457767055965776137e+01
9.451807817617280705e+01
9.445694649848248048e+01
9.439425516640078229e+01
9.432997468972858712e+01
9.426406658554743956e+01
9.419648363303139149e+01
9.412717024601703031e+01
9.405606296191885463e+01
9.398309104394687097e+01
9.390817719198901159e+01
9.383123835597305629e+01
9.375218664403602986e+01
9.367093031641022094e+01
9.358737485459492689e+01
9.350142409413165012e+01
9.341298140814780027e+01
9.332195092779286938e+01
9.322823878477197468e+01
9.313175436040407362e+01
9.303339081081480799e+01
9.293377780528172138e+01
9.283115263294004649e+01
9.272544988614883721e+01
9.266017614171603611e+01
9.259552857526917080e+01
9.256392114453468878e+01
9.253275998994199369e+01
9.249845529765359231e+01
9.246071494847603844e+01
9.241952193985082431e+01
9.237487778402439176e+01
9.232680325414051481e+01
9.227589382312162058e+01
9.222290895616562523e+01
9.216667502417055857e+01
9.212547902594801030e+01
9.210160122719017295e+01
9.207709278845536005e+01
9.204982578722544417e+01
9.201996218184666532e+01
9.198799634267079739e+01
9.195517445371653764e+01
9.193786001039954670e+01
9.195611440769003764e+01
9.198565351132519652e+01
9.201364289510554784e+01
9.204023259067392360e+01
9.206681955607447776e+01
9.211981009973284529e+01
9.219828019836002397e+01
9.227596100029028037e+01
9.235299848679281354e+01
9.242954155465899646e+01
9.250574144054009196e+01
9.258175102029326808e+01
9.265772398835099466e+01
9.273381392521771716e+01
9.281017326421059010e+01
9.289109313457770156e+01
9.297307272955407598e+01
9.305576113449703257e+01
9.313929466514400701e+01
9.322380238738801950e+01
9.330940485371553450e+01
9.339621287969158914e+01
9.348432638476417367e+01
9.357383332117811392e+01
9.366480871375034667e+01
9.375731383167087074e+01
9.385139551137270075e+01
9.394708564688949082e+01
9.404815028638063268e+01
9.415250597510978992e+01
9.425847435629459881e+01
9.436602651646660433e+01
9.448933443635891649e+01
9.463599473157701425e+01
9.478401369831206580e+01
9.493327168025012952e+01
9.508364028114468169e+01
9.523498452039011397e+01
9.538716501814148785e+01
9.554004016430680224e+01
9.569346822539120012e+01
9.584730934382780276e+01
9.600142738609991966e+01
9.615569159862600657e+01
9.630997803399974089e+01
9.646417071469859650e+01
9.661935064683572705e+01
9.677705781826766440e+01
9.693575494872354170e+01
9.709398748193170547e+01
9.727288239296348138e+01
9.747173669301977839e+01
9.766992844208157010e+01
9.789354758221008979e+01
9.814306736838688039e+01
9.841831706155802806e+01
9.869255778213063479e+01
9.896926786788166908e+01
9.927875552756829336e+01
9.961625316341273617e+01
9.997361344567362096e+01
1.003390337936398566e+02
1.007024573778343637e+02
1.010636802205801956e+02
1.014225084664714984e+02
1.017787599136244268e+02
1.021322652724088584e+02
1.024828691362802005e+02
1.028342648212986887e+02
1.032055979684515279e+02
1.035870202694638920e+02
1.039817510145728221e+02
1.043729670505717735e+02
1.047605635998971252e+02
1.051444515347836699e+02
1.055245572818891588e+02
1.059008224753775096e+02
1.062732033706916468e+02
1.066416700345876905e+02
1.070062053298924809e+02
1.073668037158647195e+02
1.077234698869601317e+02
1.080762172742347786e+02
1.084325023785071238e+02
1.087860234170007914e+02
1.091357027488471090e+02
1.094815723768746665e+02
1.098236643766890950e+02
1.101620091054325741e+02
1.104966334459391248e+02
1.108275591072459889e+02
1.111548010007732330e+02
1.114783657097068073e+02
1.117982500672460446e+02
1.121144398574430028e+02
1.124269086503894499e+02
1.127736197905649789e+02
1.131173048756523514e+02
1.134570320984889946e+02
1.137926820415904672e+02
1.141241223395678333e+02
1.144512083153509252e+02
1.147953983701136593e+02
1.151556144705367331e+02
1.155162992229960537e+02
1.158745652790860987e+02
1.162274706938759863e+02
1.165747841151962945e+02
1.169162719542120499e+02
1.172517000372182991e+02
1.175808351468239010e+02
1.179034464321457563e+02
1.182193066710923262e+02
1.185281933714081646e+02
1.188298897007926058e+02
1.191271537371428337e+02
1.194174485244958959e+02
1.196999434388490187e+02
1.199744502507590482e+02
1.202407883849741381e+02
1.204987848143926783e+02
1.207497763762378185e+02
1.209925797337340043e+02
1.212265646378718316e+02
1.214515845985000198e+02
1.216699649104674421e+02
1.218913639642957776e+02
1.221429137123647166e+02
1.223849151796983676e+02
1.226172070796368558e+02
1.228413672152783818e+02
1.230559951526624332e+02
1.232604461505656133e+02
1.234545696015873375e+02
1.236382173099419219e+02
1.238112434001769628e+02
1.239735042280644137e+02
1.241248582952282362e+02
1.242651661690403273e+02
1.243942904093642170e+02
1.245121109653402982e+02
1.246214699481769941e+02
1.247323250812367661e+02
1.248698286976418927e+02
1.249954639790573196e+02
1.251090845874260538e+02
1.252105471770597376e+02
1.252997119433209292e+02
1.253764431757072373e+02
1.254607360082398486e+02
1.255498431012564140e+02
1.256260819429959810e+02
1.256893023328390484e+02
1.257393632965933392e+02
1.257761344762474209e+02
1.257994974232789787e+02
1.258093467736755287e+02
1.258055912846604372e+02
1.257881547153374413e+02
1.257569765360421314e+02
1.257120124540720241e+02
1.256532347466015835e+02
1.255806323949216790e+02
1.254942110176089471e+02
1.253939926037585479e+02
1.252800150509455506e+02
1.251789798893994572e+02
1.250805261804686239e+02
1.249684542638744205e+02
1.248428216723292223e+02
1.247036993893734120e+02
1.245514640004393812e+02
1.243874520297442388e+02
1.242194775300150837e+02
1.240671621583618531e+02
1.239046463036388417e+02
1.237301383897474096e+02
1.235428378874814115e+02
1.233428640055230261e+02
1.231303450549747822e+02
1.229054180468479274e+02
1.226829485910737247e+02
1.224829854228703567e+02
1.222985952869566972e+02
1.221111178483090640e+02
1.219118506087979767e+02
1.217009054559357679e+02
1.214784046997258287e+02
1.212444819037743287e+02
1.209992825786911794e+02
1.207429647211076684e+02
1.204756991841853022e+02
1.201976698682931897e+02
1.199090737235365083e+02
1.196101205589641268e+02
1.193010326565097614e+02
1.189820441909678692e+02
1.186534004605097579e+02
1.183153569353537335e+02
1.179681781351578138e+02
1.176195147933686798e+02
1.172888246143422464e+02
1.169497869486787494e+02
1.166026513998631060e+02
1.162476711871933475e+02
1.158851022850899568e+02
1.155156447675550027e+02
1.151408469071976270e+02
1.147592348987455324e+02
1.143710653601585392e+02
1.139765920070102112e+02
1.135760643220042709e+02
1.131697261904028124e+02
1.127578145181708607e+02
1.123494126501838792e+02
1.119637616521184356e+02
1.116097439829800351e+02
1.112508766236460787e+02
1.108872698339486078e+02
1.105190244423664865e+02
1.101462326275711376e+02
1.097689786904928013e+02
1.093873398000720556e+02
1.090013866977271420e+02
1.086111843477601298e+02
1.082167925233690653e+02
1.078182663205525955e+02
1.074156565948951680e+02
1.070090103189321979e+02
1.065983708604206868e+02
1.061837781843073145e+02
1.057652689834206967e+02
1.053433850976224022e+02
1.049485482272217354e+02
1.045498468338565772e+02
1.041472675074467702e+02
1.037414289860549417e+02
1.033328621656414583e+02
1.029203726363945179e+02
1.025039465798633529e+02
1.020835718059134081e+02
1.016592382805816044e+02
1.012309385535867534e+02
1.007986680802914634e+02
1.003624254342129234e+02
9.992221240754125233e+01
9.947803399853145834e+01
9.906584893759671218e+01
9.865234876922437479e+01
9.825129077853219428e+01
9.788091991654935953e+01
9.755098438539005201e+01
9.721690428595059075e+01
9.687862936060983543e+01
9.653611719360559107e+01
9.618933404288192435e+01
9.583825545110707367e+01
9.548286662586785667e+01
9.512468232350869357e+01
9.476249348334117428e+01
9.439600849151192108e+01
9.405480389292418408e+01
9.371529340053345436e+01
9.339478806478429362e+01
9.309785189851049836e+01
9.281384639212858190e+01
9.254644715556612766e+01
9.227468396041597032e+01
9.201833100893630046e+01
9.180975945340264843e+01
9.162233287633000600e+01
9.143036629100507184e+01
9.123381929328928663e+01
9.105500390326754712e+01
9.092498937312781493e+01
9.080020521018870738e+01
9.067075240926536139e+01
9.053663358914066350e+01
9.040513737755972556e+01
9.029441853202564516e+01
9.017912280231107047e+01
9.006292741280093139e+01
8.997113912929779644e+01
8.987496238023260275e+01
8.979370741864195793e+01
8.974049818600647654e+01
8.968320419601278104e+01
8.962196416874257920e+01
8.955694540712852358e+01
8.948834363656870039e+01
8.941638237070587536e+01
8.934131180041070763e+01
8.926340721042657833e+01
8.918296693561791244e+01
8.910030987618299037e+01
8.903208726894226288e+01
8.898129881634361027e+01
8.892928698556120537e+01
8.887638375588976203e+01
8.882292619848115578e+01
8.881829740839374665e+01
8.881617219076657932e+01
8.884236400944566014e+01
8.887918437547514827e+01
8.891689556879667578e+01
8.895572580575490917e+01
8.901979573544581115e+01
8.912776236515206563e+01
8.929367384230741322e+01
8.946618188040271491e+01
8.964577045073691863e+01
8.982707062953198829e+01
9.001140172250312332e+01
9.019833968549849601e+01
9.038692373242551525e+01
9.057709686197712529e+01
9.080770107806149838e+01
9.105402448428253592e+01
9.130161520222695515e+01
9.155032230452971476e+01
9.179998054043440447e+01
9.205082111319644866e+01
9.231369594579773263e+01
9.260368226111043555e+01
9.290477227171862751e+01
9.320573521639938974e+01
9.350629960129775498e+01
9.380618698292197166e+01
9.410511343566608389e+01
9.440279094683548067e+01
9.469892872942016027e+01
9.499323444379402304e+01
9.528541532054545371e+01
9.557517917776662841e+01
9.586223532734234709e+01
9.614629536607904470e+01
9.642707384888691990e+01
9.670428884265629677e+01
9.697766236093448811e+01
9.724692068098853781e+01
9.751179454630509724e+01
9.777201925900945412e+01
9.802733466805214846e+01
9.830551991696435721e+01
9.858031488214203364e+01
9.887658660967562696e+01
9.917792697448264505e+01
9.947291349978075914e+01
9.976124382625006604e+01
1.000426251647725167e+02
1.003167753905231052e+02
1.005834239429178751e+02
1.008423125164347027e+02
1.010931955320439357e+02
1.013358403839852002e+02
1.015700274617698824e+02
1.018146816571152300e+02
1.020769413869999482e+02
1.023376208632149940e+02
1.026336124219088504e+02
1.029566832162007017e+02
1.032704343841990209e+02
1.035741918448238295e+02
1.038677410284644225e+02
1.041638691497236096e+02
1.044674565100931716e+02
1.047602334623718292e+02
1.050420141587534175e+02
1.053126321650112232e+02
1.055719413193829439e+02
1.058198163525298128e+02
1.060561532584365807e+02
1.062808694098049784e+02
1.064939034153646986e+02
1.066952147205037278e+02
1.068847829566366983e+02
1.070626070487070507e+02
1.072287040940731515e+02
1.073831080296896658e+02
1.075258681078811236e+02
1.076570472040513096e+02
1.077767199823149156e+02
1.078849709472233940e+02
1.079818924114439085e+02
1.080675824104060894e+02
1.081421425955364697e+02
1.082264567840835809e+02
1.083141515225438951e+02
1.083909617005164137e+02
1.084569467132806579e+02
1.085121623289243047e+02
1.085566599862477659e+02
1.085904861959949272e+02
1.086136820473491582e+02
1.086262828202905553e+02
1.086283177032171636e+02
1.086198096141996245e+02
1.086007751233648975e+02
1.085712244731880816e+02
1.085311616928963758e+02
1.084805848027458950e+02
1.084194861035982029e+02
1.083478525469753606e+02
1.082656661805954172e+02
1.081729046642503675e+02
1.080695418507741863e+02
1.079555484267318803e+02
1.078308926073271721e+02
1.076955408798628895e+02
1.075494587898788410e+02
1.073926117638365838e+02
1.072249659619104847e+02
1.070464891540855916e+02
1.068757599036942167e+02
1.067227461843376375e+02
1.065587727246085166e+02
1.063837876781209246e+02
1.061977473372931371e+02
1.060006177984171956e+02
1.057923765424581717e+02
1.055730139089359767e+02
1.053436957344629263e+02
1.051043043482502242e+02
1.048840974653009681e+02
1.046551522824468918e+02
1.044151993115922750e+02
1.041642931792145959e+02
1.039025099769995109e+02
1.036299481422855138e+02
1.033467290271277221e+02
1.030529971388989452e+02
1.027489200409162748e+02
1.024356483057173932e+02
1.021132373892763354e+02
1.017811162955128452e+02
1.014395370647860517e+02
1.011197890888900446e+02
1.008262664534787660e+02
1.005282182089340353e+02
1.002216921459394712e+02
9.990693683978736317e+01
9.958421255841902564e+01
9.925379002858718991e+01
9.893687475186059999e+01
9.862407233702127485e+01
9.830436855019408426e+01
9.797802363101153844e+01
9.764530200148423944e+01
9.730647102862043596e+01
9.696179966358545244e+01
9.661155697661884290e+01
9.625601060992030966e+01
9.592439372843841738e+01
9.558886692225314619e+01
9.524874046792679394e+01
9.490422497677216995e+01
9.455552460932617009e+01
9.420283651403062208e+01
9.384635028759547026e+01
9.348624746351993053e+01
9.312270103513959896e+01
9.275587501927485334e+01
9.238592406607699559e+01
9.201299312001484054e+01
9.163721713612304143e+01
9.125872085467092631e+01
9.087761863632792370e+01
9.049401435873100752e+01
9.010800137413374955e+01
8.971966252657367136e+01
8.932907022577212786e+01
8.893628657381451319e+01
8.854136353959118821e+01
8.814434317503652494e+01
8.774525786642458058e+01
8.734413061338261741e+01
8.697302492003701957e+01
8.660478160568143835e+01
8.623444119115112017e+01
8.586404719382916539e+01
8.549435576795245595e+01
8.512758541139466217e+01
8.477546872976607517e+01
8.444072006320469370e+01
8.410348763083992196e+01
8.376367318565154108e+01
8.342118101231085348e+01
8.307591925722400106e+01
8.272780102488729881e+01
8.240201370013005544e+01
8.207923519218647357e+01
8.175330806305174747e+01
8.143572493046808347e+01
8.114147521825607612e+01
8.085528255585084878e+01
8.056554890632686750e+01
8.027218104909678686e+01
7.999605406508644023e+01
7.972570542554935002e+01
7.945366821218584619e+01
7.917973974340638676e+01
7.890175965377227385e+01
7.861967549125827759e+01
7.833687188826537806e+01
7.807957516610140658e+01
7.782699740912424602e+01
7.757015760350189737e+01
7.730902967139863335e+01
7.704359937829671878e+01
7.677386369083387763e+01
7.649982995432007726e+01
7.622151491149716662e+01
7.593894358650921106e+01
7.565214805993053915e+01
7.537933802770223224e+01
7.513036823279114174e+01
7.487724826839775005e+01
7.461998954725548572e+01
7.435860584541600815e+01
7.409311282925025921e+01
7.382352761003150476e+01
7.354986833381532563e+01
7.327215381266732663e+01
7.299040320153767425e+01
7.270463572329192914e+01
7.241487044263412542e+01
7.212112608794735991e+01
7.183280222299852369e+01
7.157986634050004682e+01
7.132296194161253311e+01
7.106207089500618679e+01
7.079717627123794443e+01
7.053051838618911518e+01
7.026009808965990544e+01
6.998563890369131002e+01
6.970713658011922575e+01
6.942459161810015189e+01
6.913800972856104465e+01
6.884740218540581225e+01
6.855278605527182378e+01
6.825418430075710319e+01
6.795162575525753823e+01
6.764514497078458533e+01
6.733478194328249344e+01
6.702058172294243832e+01
6.670259391974293806e+01
6.641561594897491716e+01
6.615533809814411370e+01
6.589932953622707146e+01
6.563968311636661213e+01
6.538789720627006830e+01
6.513237843336936805e+01
6.487351889339689137e+01
6.461465037705976044e+01
6.435390881462542723e+01
6.409012453181898650e+01
6.382273477931574490e+01
6.355344940665354869e+01
6.328258357060472150e+01
6.300945101736755305e+01
6.273441209756250458e+01
6.245613177956185069e+01
6.217470923408951933e+01
6.189025081563207920e+01
6.160286912957661798e+01
6.131268198905872424e+01
6.101981127919666648e+01
6.072438174770165631e+01
6.043412061099449772e+01
6.014578652395697844e+01
5.985682437564891956e+01
5.956589782540908828e+01
5.927303620200291334e+01
5.897835505704791359e+01
5.868196397227347205e+01
5.838396547737379905e+01
5.808445406285278523e+01
5.778351530045168971e+01
5.748122508169054612e+01
5.717764898288703534e+01
5.687284176279253245e+01
5.656684699673523653e+01
5.627942020726867156e+01
5.602438180444791271e+01
5.576818058599902628e+01
5.551078821905138483e+01
5.525216692101744087e+01
5.499227049282917079e+01
5.473104542958395768e+01
5.446843209003936437e+01
5.420436590598923488e+01
5.393877861247997174e+01
5.367159948006957393e+01
5.340275653088540508e+01
5.313217772105983983e+01
5.286122769137028854e+01
5.258996523198937467e+01
5.231676164473114454e+01
5.204155541561329557e+01
5.176428984946235801e+01
5.148491375836137252e+01
5.120342102024796560e+01
5.092339736474757217e+01
5.065856516692247169e+01
5.044388807299786492e+01
5.023993095333021586e+01
5.003355687953796860e+01
4.982469540968586585e+01
4.961328801091035956e+01
4.939928932207466517e+01
4.918266819045707194e+01
4.896340846318866369e+01
4.874150951829776091e+01
4.851698652471305451e+01
4.830343197345332129e+01
4.811563410447399747e+01
4.792530078470326060e+01
4.773247089936986498e+01
4.753719847281423938e+01
4.733955222197512569e+01
4.714803542081383370e+01
4.697844373952048613e+01
4.680671610978029662e+01
4.663293360930916975e+01
4.646880533531038537e+01
4.633057841410991529e+01
4.619520954068094198e+01
4.605987166610765371e+01
4.592290981081722379e+01
4.579398556850527058e+01
4.568830017905947471e+01
4.558126094167430153e+01
4.547294864070649112e+01
4.536344984898979504e+01
4.525285638082388573e+01
4.514126457826608174e+01
4.502877443897576626e+01
4.491548859753507372e+01
4.480151117563502794e+01
4.468694651967526710e+01
4.459153564363224120e+01
4.451496000977710565e+01
4.444565677395909375e+01
4.437854631623820012e+01
4.431119753695331553e+01
4.424365592730421781e+01
4.417596130215273575e+01
4.410814726858856716e+01
4.405028540031071316e+01
4.401950503293645056e+01
4.398861479502124894e+01
4.395758194631679316e+01
4.392636760136567631e+01
4.389492735365881515e+01
4.386321189137272825e+01
4.383116758907058852e+01
4.379873706032987712e+01
4.376585965726769700e+01
4.373247190435862564e+01
4.369850785574992358e+01
4.366389936743399858e+01
4.362857627808579508e+01
4.359246649505167426e+01
4.355549598481115225e+01
4.351758867015104926e+01
4.347913020627766656e+01
4.344293678543746040e+01
4.340556402680443426e+01
4.336692525491959316e+01
4.332693011250266579e+01
4.328548409757907223e+01
4.326325001255793268e+01
4.325001793632588942e+01
4.323707434827867502e+01
4.323368222295866303e+01
4.325973054204363422e+01
4.328344076506297000e+01
4.330461662747511298e+01
4.332306261087955335e+01
4.333858556730211120e+01
4.335099629701684876e+01
4.336461142533475766e+01
4.337655363425268007e+01
4.338676093673014122e+01
4.339316864937842411e+01
4.339562849931267152e+01
4.339400361627345148e+01
4.338816930314618503e+01
4.337801364555207329e+01
4.336343795614625662e+01
4.334435705177588005e+01
4.332069936414939093e+01
4.329240688711112028e+01
4.325943496596477189e+01
4.322175193651954572e+01
4.317933862360681729e+01
4.313218771071366575e+01
4.308030299407124630e+01
4.302369853600325911e+01
4.296239773356035840e+01
4.289799966278008014e+01
4.282959365736202528e+01
4.275660752116068863e+01
4.267909172710307075e+01
4.259710076748232410e+01
4.251069208457579407e+01
4.244375303622708628e+01
4.238253613806810449e+01
4.231701676050013816e+01
4.224721841564699787e+01
4.217316574513812810e+01
4.209488478821701563e+01
4.201240328423546089e+01
4.192575099762478175e+01
4.183655212066227591e+01
4.174564237652931098e+01
4.165200485861318924e+01
4.155434316943892981e+01
4.145270237040786299e+01
4.134713132812457559e+01
4.123768289197553116e+01
4.112441401908368732e+01
4.100738584314090929e+01
4.088666368532232553e+01
4.076231700718092554e+01
4.063441930706606797e+01
4.050304796316059708e+01
4.036828402764713530e+01
4.023021197776067481e+01
4.008891943052705642e+01
3.994449682880006947e+01
3.979703710677403450e+01
3.964757551447801376e+01
3.949615003813377712e+01
3.934197789409981993e+01
3.918515863867166615e+01
3.905242085581422629e+01
3.892192653058463492e+01
3.878901754323218398e+01
3.865375954207652853e+01
3.851622088867319604e+01
3.837647342009911711e+01
3.823459316688094844e+01
3.809066100715560310e+01
3.794476323871182899e+01
3.779699205208653012e+01
3.764872140233851638e+01
3.750046505222362470e+01
3.735065042505587485e+01
3.720444941565791908e+01
3.706385887335483886e+01
3.692762900894955891e+01
3.679035216101957673e+01
3.665217020608893961e+01
3.651322913966192374e+01
3.637367819309803707e+01
3.623366884236446595e+01
3.610380798426476900e+01
3.599477033978937612e+01
3.588568023157483822e+01
3.577745667844446587e+01
3.567102706282494040e+01
3.556487773386349716e+01
3.546521690095281087e+01
3.536633443099958640e+01
3.527078372702622744e+01
3.517606678944579812e+01
3.508213916200322302e+01
3.499340646286432133e+01
3.491598081790010610e+01
3.483960123429275058e+01
3.476434190576433991e+01
3.469163146555132471e+01
3.463218706313836748e+01
3.460929001324852550e+01
3.460728005381559313e+01
3.460659845154155079e+01
3.460724126506716658e+01
3.461063787273532455e+01
3.461588173774751453e+01
3.462239371414261768e+01
3.463134744837892498e+01
3.464226570293268281e+01
3.465434056531061202e+01
3.467325117063439421e+01
3.469405160509845132e+01
3.471586040809354046e+01
3.473862344883461617e+01
3.476228547119420398e+01
3.478679087345395970e+01
3.481208447048548038e+01
3.483811222650857786e+01
3.486482194640905874e+01
3.489216391367936154e+01
3.492009146338730119e+01
3.495086459580711136e+01
3.498223160353989414e+01
3.501406733442853891e+01
3.504634154639873600e+01
3.508199849581527729e+01
3.512163227575857860e+01
3.516231222658378641e+01
3.520551707392267105e+01
3.524907773216910556e+01
3.529298966836601181e+01
3.533765031667082468e+01
3.538567869261382270e+01
3.543954308919282425e+01
3.549874466591276700e+01
3.558941046339701586e+01
3.569979393199727014e+01
3.581355913593657903e+01
3.595885021165298667e+01
3.610433238000694445e+01
3.624992909786906381e+01
3.639744073330956553e+01
3.655116052186413356e+01
3.670476862263113560e+01
3.685819328693322205e+01
3.701136552469613861e+01
3.716421961819972353e+01
3.733237634061512011e+01
3.751433324402026415e+01
3.769800562204503080e+01
3.788113168915592865e+01
3.806366505991672966e+01
3.824556414360981904e+01
3.842679209931165474e+01
3.860731669550077072e+01
3.878711008095929458e+01
3.896614847517707148e+01
3.914441178768337437e+01
3.932188317670060229e+01
3.949854855822353983e+01
3.967439607707759563e+01
3.984941555170043159e+01
4.002359790433420983e+01
4.019693458802687047e+01
4.036941702133594845e+01
4.054103604093720747e+01
4.071178138148079029e+01
4.088164119104769867e+01
4.105131182571633985e+01
4.122100250462939641e+01
4.139036909200928704e+01
4.156107475092100145e+01
4.173079874897892694e+01
4.189951258176653681e+01
4.206718422052495754e+01
4.223377807194983546e+01
4.239925499568394685e+01
4.256357237648309422e+01
4.272668424722499481e+01
4.288854145823248842e+01
4.304909188780246154e+01
4.320828068836664215e+01
4.337017325801981826e+01
4.353094891892465057e+01
4.369648098820131565e+01
4.386519884509766598e+01
4.403362561455899282e+01
4.420032411939509132e+01
4.436522999449250193e+01
4.452827866905522569e+01
4.469103294247847913e+01
4.485194647613280949e+01
4.501081091330642892e+01
4.516756368173445679e+01
4.532214322043489574e+01
4.547448913082265420e+01
4.562454229210107570e+01
