6.162272899884097797e+02
6.161945705360597003e+02
6.161507993313547331e+02
6.160925521395545275e+02
6.160209736150175104e+02
6.159389199161893202e+02
6.158469498846637862e+02
6.157416810429251655e+02
6.156236041700958594e+02
6.155036959260238518e+02
6.153780980111645249e+02
6.152475454005839310e+02
6.151026910861488659e+02
6.149427093004196649e+02
6.147942937179444698e+02
6.146391389263178553e+02
6.144698352618050876e+02
6.142928622404049293e+02
6.141085439420671719e+02
6.139591934996169584e+02
6.137967641349300720e+02
6.136197046276671472e+02
6.134280435141301950e+02
6.132222844062218883e+02
6.130072272119532499e+02
6.127790734371785675e+02
6.125366831166311385e+02
6.122983001253268185e+02
6.121041135107404898e+02
6.119164918956976180e+02
6.117166971168549026e+02
6.115045759495025095e+02
6.112904278283574513e+02
6.110783201361209649e+02
6.108762391908720701e+02
6.106709478394526514e+02
6.104764074372243385e+02
6.102943063000240045e+02
6.100978771253764990e+02
6.098881203834273492e+02
6.096695124553202731e+02
6.094371980259825250e+02
6.091904166771436167e+02
6.089317044644068346e+02
6.086646835076867319e+02
6.083933241410111350e+02
6.081324724229320964e+02
6.079067183795762048e+02
6.077024614906788429e+02
6.074894348273542164e+02
6.072931902255349996e+02
6.071013703631897442e+02
6.069050264501834135e+02
6.067058937217327639e+02
6.065369688394523564e+02
6.063800863455664967e+02
6.062135359392877945e+02
6.060880593074164153e+02
6.059729494352325219e+02
6.058474076350789801e+02
6.057560211882366730e+02
6.056627358309486908e+02
6.055579902895381110e+02
6.054419349309154086e+02
6.053545790913467499e+02
6.052744789906801088e+02
6.052139720545566206e+02
6.051624645824754225e+02
6.051552825552171271e+02
6.051625848038078175e+02
6.051628262335736963e+02
6.051527779722218838e+02
6.051514533760732775e+02
6.051635510480120956e+02
6.051847175135203543e+02
6.052129013759516738e+02
6.052332192523377898e+02
6.052804324834228282e+02
6.053380273200612010e+02
6.053866237860083857e+02
6.054720929305044592e+02
6.055644258276984147e+02
6.056508529566042398e+02
6.057295060463999334e+02
6.058227334788454073e+02
6.059152922739137921e+02
6.060058197433620535e+02
6.060912676241262034e+02
6.062263915548335262e+02
6.063736922849212760e+02
6.065139209050114459e+02
6.066739839005886097e+02
6.068520599633978918e+02
6.070288536351077937e+02
6.072350752318083096e+02
6.074957459748759447e+02
6.077475434669125889e+02
6.079919201564356399e+02
6.082350307274439274e+02
6.084776543693747044e+02
6.087191455562895044e+02
6.089572127971796363e+02
6.091927486188330931e+02
6.094390157831496708e+02
6.096910538414599614e+02
6.099499635849005017e+02
6.102391817394293412e+02
6.105184177105152230e+02
6.108205634633685577e+02
6.111411696804796065e+02
6.114682605834810829e+02
6.117842611348423816e+02
6.121055782812458119e+02
6.124856611932011674e+02
6.128886668095533423e+02
6.133222494249939700e+02
6.137553144811400898e+02
6.142163674397374962e+02
6.146671249003347839e+02
6.151155209273973696e+02
6.155984345715215795e+02
6.160725383046109300e+02
6.165885206373143319e+02
6.171790881129761601e+02
6.177804813571574414e+02
6.183897434884198674e+02
6.189849508268616773e+02
6.195623229202469702e+02
6.201222661347312624e+02
6.206674766616033594e+02
6.211936985674502694e+02
6.217005390899205395e+02
6.221876948385285004e+02
6.226548976757342189e+02
6.231046859617190421e+02
6.235531393653500345e+02
6.240242044029960198e+02
6.244750165017279642e+02
6.249380466999622286e+02
6.253917455185135168e+02
6.258375609632635133e+02
6.263290565544666606e+02
6.268622469372755859e+02
6.273764494960577167e+02
6.279001445588114620e+02
6.284035739220512369e+02
6.289045132338161466e+02
6.293904430054755039e+02
6.298567571011420796e+02
6.303201593301281491e+02
6.307965506223353032e+02
6.312982143185936366e+02
6.317944093601527129e+02
6.323678600767918851e+02
6.329580683545337934e+02
6.335533558891104349e+02
6.341346242450283626e+02
6.347376045143487318e+02
6.353417351581775847e+02
6.359305696633074376e+02
6.365006848623227143e+02
6.370515187897613032e+02
6.375815189682926984e+02
6.381693203760669348e+02
6.387762011605432235e+02
6.393757392433115001e+02
6.400026868118313814e+02
6.406794590656603532e+02
6.413517105122633666e+02
6.420285751638696183e+02
6.426897591126491989e+02
6.433448856644936313e+02
6.440114435146047072e+02
6.446796372352901017e+02
6.453322121881046769e+02
6.459815159420381860e+02
6.466479115515855938e+02
6.473440688619486991e+02
6.480177460518668795e+02
6.486650597009588637e+02
6.492899235828565452e+02
6.499156253335727342e+02
6.505185318748074224e+02
6.511000578693957550e+02
6.516640665180613041e+02
6.522044588268799998e+02
6.527249143694155009e+02
6.532208824954198008e+02
6.537048739900043302e+02
6.541996873648990913e+02
6.547231925437565678e+02
6.552197750102533291e+02
6.556870078030327704e+02
6.561557940308392745e+02
6.566273978485743328e+02
6.570965922719638002e+02
6.575799677756441497e+02
6.580538850309898180e+02
6.585168670069824657e+02
6.589636689190938341e+02
6.593794803492464780e+02
6.597680192217942476e+02
6.602126375052224603e+02
6.606526075906701863e+02
6.610655812937332030e+02
6.614486424214317140e+02
6.618027170968168775e+02
6.621527337351128608e+02
6.624813991852342951e+02
6.627779806035680394e+02
6.630443524091165273e+02
6.633198590526000089e+02
6.636325742413531543e+02
6.640085357069152678e+02
6.643685254947996555e+02
6.647111706566827252e+02
6.651393075949331433e+02
6.655569549541560264e+02
6.659965161879525795e+02
6.664790657958433258e+02
6.669441829485022026e+02
6.673793760308153651e+02
6.678306063040399749e+02
6.682685250035129911e+02
6.687272727142304802e+02
6.691657426152016797e+02
6.695763348533350836e+02
6.699912754929766834e+02
6.704719695305529967e+02
6.709299165699790137e+02
6.713970849263026821e+02
6.718437820218600791e+02
6.722788884433689418e+02
6.726985235996630763e+02
6.731215899965170593e+02
6.735170387376610961e+02
6.738963592997799879e+02
6.742983193094642047e+02
6.747681194488670826e+02
6.752408030892904662e+02
6.757399240960580755e+02
6.762335014974912610e+02
6.766944240683685621e+02
6.771227368333849199e+02
6.775185107064418162e+02
6.778818438357338891e+02
6.782128624222373219e+02
6.785117209785776140e+02
6.788149250414205653e+02
6.791245678583752579e+02
6.794033401178651275e+02
6.796531498252002166e+02
6.798832507651354717e+02
6.800908205881507911e+02
6.802689425402312509e+02
6.804529732755540863e+02
6.806604123494391843e+02
6.808609955294336942e+02
6.810394579015101044e+02
6.811883764881706611e+02
6.813346365707473069e+02
6.814762164825938271e+02
6.815889098224379268e+02
6.817125630056075352e+02
6.818342792762662157e+02
6.819634432751695385e+02
6.820991292022722519e+02
6.822373034215472671e+02
6.823490826047866449e+02
6.825005077485661786e+02
6.826962656596476791e+02
6.828654720637662194e+02
6.830425832130730441e+02
6.832056323005658669e+02
6.833814930406210806e+02
6.835377846904518719e+02
6.836911202136174097e+02
6.838397563027101569e+02
6.839836432972233524e+02
6.841556048103600460e+02
6.843419312912939176e+02
6.845130884602026526e+02
6.847628027612504411e+02
6.850284764290036037e+02
6.853395463945121264e+02
6.856760790480602736e+02
6.860646926783713297e+02
6.864335812303861530e+02
6.867979889200967136e+02
6.871422903648069678e+02
6.874665593875026843e+02
6.877980465992266090e+02
6.881353055557202651e+02
6.884839568463066826e+02
6.888571219717599661e+02
6.892375375992933186e+02
6.896311394853432830e+02
6.899961748608213838e+02
6.903895992265033783e+02
6.907695895420620218e+02
6.911170146264379355e+02
6.914329458033068931e+02
6.917916878724383878e+02
6.921399692744168988e+02
6.924880579961643434e+02
6.928530716530796099e+02
6.933036104478368316e+02
6.937618380656820136e+02
6.941858301299654386e+02
6.945770741406604429e+02
6.949743614343972240e+02
6.953736995797355576e+02
6.957402357783614661e+02
6.960706337977783278e+02
6.963766727748310359e+02
6.966787203581909580e+02
6.969525705791904784e+02
6.972120570063975720e+02
6.974600374522528909e+02
6.977545351833105087e+02
6.980366433079423132e+02
6.982857209879800848e+02
6.985242291680800690e+02
6.988206410852440058e+02
6.991404350373119314e+02
6.994720260175552085e+02
6.998270255856527911e+02
7.001782747100339748e+02
7.005192919768073807e+02
7.009099711726338455e+02
7.013182532389976132e+02
7.016983398777260845e+02
7.020539578264115335e+02
7.024113707321387210e+02
7.027731388457516459e+02
7.031367157236488765e+02
7.034702157152478321e+02
7.038091867125867793e+02
7.042331219883068343e+02
7.046584573344077853e+02
7.050745416660372484e+02
7.054965499735516232e+02
7.060330101777917662e+02
7.065728868074857019e+02
7.070806833522437955e+02
7.075566098515065505e+02
7.080415896697359130e+02
7.085038821561449822e+02
7.089332638144906014e+02
7.093372539224039883e+02
7.097306165479337778e+02
7.101284199842314138e+02
7.105202173113500521e+02
7.108767796866743538e+02
7.112198612432330265e+02
7.115747199474548097e+02
7.118937199146641888e+02
7.121767184700379403e+02
7.124760726741844792e+02
7.127588211131283060e+02
7.130814084013028378e+02
7.134580908567331790e+02
7.138300730507244225e+02
7.142256935110908671e+02
7.146582767600812076e+02
7.150733110321880304e+02
7.154696765711912576e+02
7.158415896591982346e+02
7.161975797780779658e+02
7.165341524613954789e+02
7.169379117537008597e+02
7.173564341083317686e+02
7.177809813453682182e+02
7.181719713213884688e+02
7.185789895655113924e+02
7.190084765337126100e+02
7.194738535399933426e+02
7.199679535327089752e+02
7.204741853616920935e+02
7.209743553014588997e+02
7.214452542419357997e+02
7.219063623037575326e+02
7.223361092191628359e+02
7.227320181115061359e+02
7.231102724609957022e+02
7.234662112335261099e+02
7.237950532353522703e+02
7.241246979627624114e+02
7.244400886405775282e+02
7.247176090164432480e+02
7.249580467972084534e+02
7.251623625278434702e+02
7.253441672348143356e+02
7.255698526383571334e+02
7.257905331484259932e+02
7.259926835648562928e+02
7.261864657467285724e+02
7.263459390926836932e+02
7.265433080161910766e+02
7.267085013275560641e+02
7.269170669350216940e+02
7.271162752947210492e+02
7.272760486087881873e+02
7.274288436695483142e+02
7.275421690663401932e+02
7.276172783861969720e+02
7.276516683770097416e+02
7.276449964865198581e+02
7.276307451819770904e+02
7.275763593529886748e+02
7.275198343251377082e+02
7.274790185498318351e+02
7.274447057466717297e+02
7.274529658179501439e+02
7.274774962668304852e+02
7.274926966214507047e+02
7.274782842800898379e+02
7.274664621627405268e+02
7.274593521826798224e+02
7.274209597324048673e+02
7.273975718947144742e+02
7.273423746564268413e+02
7.272394517688442193e+02
7.271108316968341114e+02
7.269953088133752317e+02
7.268295197256030633e+02
7.266569872730758561e+02
7.265873661383114950e+02
7.265189197102247363e+02
7.264350499512836450e+02
7.263062500434505182e+02
7.262005445860961572e+02
7.261045728885735571e+02
7.260269449065765457e+02
7.259817608168774541e+02
7.258963036582238146e+02
7.257858683547240162e+02
7.256361496731791476e+02
7.254746913996018520e+02
7.253257295055809664e+02
7.251614137213949789e+02
7.249545116615583993e+02
7.247235089155658443e+02
7.244573535245632456e+02
7.242240320287364739e+02
7.240052813273646279e+02
7.237847545646905019e+02
7.235140877982394159e+02
7.232404298425142315e+02
7.229240264054711815e+02
7.225977220990246224e+02
7.222398368949177438e+02
7.218877151197408466e+02
7.215619597825088931e+02
7.211909065192616026e+02
7.207740896937865500e+02
7.203805009279399201e+02
7.200111832709046666e+02
7.196020874897726571e+02
7.191496889147804268e+02
7.186546252526595708e+02
7.181242153000739563e+02
7.175595820168075534e+02
7.170136700294810908e+02
7.164978839894261000e+02
7.159537093724961778e+02
7.153708150210305803e+02
7.147557783557294897e+02
7.141275176303829539e+02
7.135347484946996701e+02
7.129852210536691928e+02
7.124265894703789854e+02
7.118354486117127635e+02
7.112088756813944883e+02
7.105471665191355441e+02
7.098762624383839466e+02
7.092337618809225432e+02
7.085854718572097681e+02
7.079178148154147721e+02
7.072971619994360708e+02
7.067087149584519921e+02
7.060996054724137139e+02
7.054556127889070467e+02
7.048044535212029587e+02
7.041517374137265506e+02
7.034655433841758168e+02
7.027434583616734471e+02
7.020225893175138481e+02
7.013200979597827427e+02
7.006234972309424620e+02
6.999188337374644107e+02
6.992007501500715989e+02
6.984764982503971851e+02
6.977390286023302224e+02
6.970378540476618809e+02
6.963188723778298481e+02
6.955887072437326424e+02
6.948189627754311459e+02
6.940092707456649350e+02
6.931884803983766687e+02
6.923425361726274332e+02
6.915089825081404342e+02
6.906624668999847927e+02
6.897977405772350039e+02
6.889307743997934494e+02
6.880731216737676732e+02
6.872358720299359902e+02
6.863596662128173875e+02
6.855311920166820983e+02
6.847194277957615896e+02
6.839978247029705472e+02
6.832772409901219817e+02
6.825107493876166700e+02
6.816984474602368209e+02
6.808409696460148552e+02
6.799362156858825301e+02
6.790360786854707840e+02
6.781212461542277197e+02
6.772365379108144907e+02
6.763370812062588584e+02
6.754026546878069439e+02
6.744194589734918281e+02
6.733874398318612293e+02
6.723355224621392381e+02
6.712662697922188499e+02
6.701679460347206714e+02
6.690321634965915791e+02
6.679123729175901190e+02
6.667506153593045610e+02
6.655540737034843914e+02
6.643361797843775776e+02
6.631275656660212690e+02
6.620270914112704759e+02
6.609136028044933937e+02
6.598046026731433358e+02
6.587679062653164692e+02
6.577734964360380445e+02
6.567671212362801043e+02
6.557167870677371866e+02
6.546622126294984128e+02
6.536079100462566203e+02
6.525108216722094312e+02
6.513820993640670167e+02
6.502673290449397427e+02
6.491651069898124433e+02
6.480563064389879173e+02
6.469286656306998111e+02
6.457884695343796011e+02
6.446221890930078189e+02
6.434853210090798257e+02
6.423509123501723934e+02
6.412428741679253790e+02
6.401570647438509241e+02
6.390399357621133731e+02
6.379466466263814937e+02
6.368346169267790629e+02
6.357355847323337912e+02
6.346256179031013289e+02
6.335000461816483721e+02
6.323545319084307721e+02
6.312158103993349414e+02
6.300481723749319372e+02
6.288472579626417200e+02
6.276151517013693137e+02
6.263964376379383339e+02
6.251765772306273448e+02
6.239508140389000346e+02
6.227912472067955605e+02
6.216673157116579205e+02
6.205572604048252288e+02
6.194244070266652216e+02
6.182737776178693139e+02
6.171532789138340149e+02
6.160206491960909716e+02
6.148765538478126018e+02
6.137170915806839275e+02
6.126037744446205124e+02
6.115221660033232638e+02
6.104095133253476888e+02
6.092825533693319358e+02
6.081695557434954935e+02
6.070528628421186568e+02
6.059438782659294702e+02
6.048231208888405490e+02
6.037137488446521729e+02
6.026139213956968206e+02
6.015343926073294369e+02
6.004341468074937893e+02
5.993080852156335823e+02
5.981940995665604532e+02
5.970796109816100170e+02
5.959416772634961035e+02
5.948301364069900501e+02
5.937219757395407669e+02
5.926288484409415105e+02
5.915612751014421065e+02
5.904611297434937569e+02
5.894229005244379778e+02
5.884259046549575487e+02
5.875441639957507505e+02
5.866592662912134983e+02
5.858248928673529008e+02
5.849630451551945498e+02
5.840856289248520170e+02
5.832432347157414370e+02
5.824115847813798155e+02
5.815539577772034363e+02
5.807004279342871769e+02
5.798188361605131149e+02
5.789113631208222159e+02
5.779995862553341794e+02
5.770520159110154736e+02
5.760977304792041878e+02
5.751265221313942675e+02
5.741587823352737132e+02
5.731621440705524719e+02
5.721436501692421643e+02
5.711617749773679407e+02
5.701510551229446264e+02
5.691452961488222400e+02
5.681706964598674858e+02
5.672735892143971341e+02
5.663732653723435533e+02
5.654931145095561078e+02
5.646873747552589293e+02
5.638542463765329558e+02
5.629862793488152874e+02
5.620835818523437410e+02
5.611940548244969023e+02
5.602930805990833960e+02
5.593577792618817739e+02
5.583883190038487783e+02
5.573849003785762761e+02
5.563477545263158390e+02
5.553453522630582029e+02
5.543710603594859094e+02
5.533953369823885851e+02
5.523910200996243702e+02
5.514330009396170453e+02
5.504689240991948509e+02
5.495823559156680176e+02
5.487792005617880022e+02
5.480164096423864066e+02
5.472222350975673635e+02
5.463968746555319740e+02
5.455420902614898750e+02
5.446642087742679905e+02
5.437611825804103773e+02
5.428615174683413898e+02
5.419423044125685465e+02
5.410210017605641042e+02
5.401022603039122032e+02
5.391688878658305839e+02
5.382462841904182369e+02
5.373044163184154058e+02
5.364113970560240432e+02
5.354928377149649350e+02
5.345914780322515298e+02
5.337377825252282264e+02
5.329055180722637033e+02
5.320636582979109335e+02
5.312320254093242511e+02
5.304034144397725186e+02
5.295907820480925920e+02
5.287514834738301488e+02
5.278854260920077195e+02
5.270236845616868777e+02
5.261607080720878002e+02
5.253109194531932644e+02
5.245042321527660079e+02
5.236839146607883322e+02
5.228426298707156548e+02
5.220072042648258730e+02
5.211572690579223490e+02
5.202800314690732648e+02
5.193781152915307757e+02
5.184871043739583456e+02
5.176096807596834424e+02
5.167255137261566915e+02
5.158139177697784135e+02
5.148760294920872411e+02
5.139387717286909947e+02
5.130231480998231746e+02
5.121116725934446094e+02
5.112096499827749199e+02
5.103197480612491290e+02
5.094491715140238739e+02
5.086119580674719032e+02
5.078288841052687985e+02
5.070511735696097162e+02
5.062697819294426722e+02
5.054710619910662786e+02
5.046428226853641377e+02
5.037856642056387955e+02
5.028995884113142552e+02
5.019888400019811456e+02
5.010882710988551025e+02
5.001871176228761442e+02
4.992551043723120756e+02
4.982899255352230057e+02
4.972912768255029050e+02
4.962776864508002745e+02
4.952905983279142674e+02
4.943253605954523096e+02
4.933299924294191214e+02
4.923354280870661341e+02
4.913469826763639503e+02
4.903295509346503422e+02
4.892774713383491303e+02
4.881907806538089289e+02
4.871123909481203782e+02
4.860299069898211997e+02
4.849356825985116757e+02
4.838125593010450416e+02
4.826915023543684242e+02
4.815756969119802307e+02
4.804539573756926529e+02
4.793489442313923519e+02
4.782329035791415208e+02
4.771541222255526691e+02
4.760875041348472223e+02
4.750416831449494452e+02
4.740287602805975098e+02
4.730880229802692725e+02
4.721810204047378079e+02
4.713094698559659719e+02
4.704222256686601895e+02
4.695153418722119341e+02
4.686169613147188215e+02
4.677381126181294348e+02
4.668674632221565730e+02
4.659896128195941856e+02
4.651119383160687448e+02
4.642188588698264766e+02
4.633453514079926663e+02
4.624661978813011274e+02
4.616005292235645356e+02
4.607245400128433630e+02
4.598253242752409164e+02
4.589174910738225890e+02
4.580336277183293419e+02
4.571216745888101514e+02
4.561814457275334007e+02
4.552131392332230462e+02
4.542169762764043526e+02
4.531931999114559630e+02
4.521420734013264564e+02
4.510640734546358885e+02
4.499642910851903252e+02
4.488383069527525890e+02
4.477152541583434981e+02
4.466123866189012688e+02
4.455741304396842679e+02
4.445128829563233239e+02
4.434621479663113064e+02
4.424439963956815518e+02
4.414347413426223738e+02
4.404019541842122294e+02
4.393445118667475526e+02
4.382627405889542160e+02
4.371665348060971041e+02
4.360459857288811918e+02
4.349123061830512142e+02
4.337808678719197246e+02
4.326274920511144728e+02
4.314543393868962653e+02
4.302976590892504305e+02
4.291470064123432167e+02
4.279807700811343238e+02
4.268393255230878367e+02
4.256814972584389238e+02
4.245060420451405321e+02
4.233438822032728694e+02
4.221874308614694655e+02
4.210171623106803622e+02
4.199022150965671472e+02
4.187718646329821013e+02
4.176262859331964137e+02
4.165517696084340287e+02
4.154864481806910135e+02
4.144029664332467178e+02
4.133037367605368786e+02
4.121898462697238870e+02
4.110859046562214303e+02
4.099819114754675411e+02
4.088673871209526283e+02
4.077370460015459912e+02
4.066201592522605210e+02
4.054912514649501531e+02
4.043387770109208077e+02
4.031751338478604225e+02
4.020495045615920162e+02
4.009160845031268536e+02
3.997902211585176815e+02
3.986822977769531349e+02
3.975603268705687015e+02
3.964166997002745347e+02
3.952551013748400237e+02
3.940858617506027031e+02
3.929385469926965015e+02
3.917950797894948209e+02
3.906678660989717855e+02
3.895545014155035233e+02
3.884250554459413820e+02
3.872787160508586339e+02
3.861374065324652065e+02
3.850170664069778468e+02
3.839040928115372822e+02
3.828148581072107390e+02
3.817171265372165863e+02
3.806067684904750763e+02
3.794793631801011315e+02
3.783339315466367907e+02
3.771706763064402139e+02
3.759923093720457246e+02
3.748390932114002680e+02
3.736778330345850918e+02
3.725023557631326980e+02
3.713124639719801507e+02
3.701112844118939620e+02
3.688938885390833775e+02
3.676612021557432968e+02
3.664654987892502618e+02
3.652776869876968817e+02
3.641052483791316945e+02
3.629882292814191374e+02
3.618740630812084191e+02
3.607462896617208798e+02
3.596565382387456680e+02
3.585999727008914988e+02
3.575738132081652907e+02
3.565335745205309763e+02
3.555306959745012136e+02
3.545343941605130453e+02
3.535265511755991383e+02
3.525059741317748490e+02
3.514718459138739490e+02
3.504456511752393908e+02
3.494156559012509433e+02
3.483808659453478640e+02
3.473385606460840336e+02
3.462955658066751994e+02
3.452557828280795320e+02
3.442044816427087994e+02
3.431421025516570467e+02
3.420990365261177431e+02
3.410657842377282805e+02
3.400513378644589011e+02
3.390277028982465026e+02
3.380081494402317048e+02
3.370320273369065376e+02
3.362087100222877325e+02
3.353941621217552438e+02
3.346056054674120332e+02
3.338954333522273146e+02
3.331837857295104186e+02
3.324659035950993484e+02
3.317698660944921016e+02
3.311009459892467248e+02
3.304317449594196887e+02
3.297689882917802606e+02
3.291278285624215414e+02
3.285394592255306634e+02
3.279629791872027340e+02
3.273850754464983766e+02
3.268060856397527800e+02
3.262239935375046116e+02
3.256409302882602219e+02
3.250557038146419018e+02
3.244744713443171236e+02
3.239458537466240386e+02
3.234321860309808017e+02
3.229411717611546919e+02
3.224547052216194629e+02
3.220541410164232730e+02
3.216737830202938540e+02
3.212972220379822375e+02
3.209270599504885695e+02
3.205588927489971525e+02
3.201920317599087866e+02
3.198273320175187564e+02
3.195048313173207930e+02
3.192021941860895140e+02
3.189685644559990578e+02
3.187514250529769697e+02
3.185351378034268919e+02
3.183220438330370143e+02
3.181121485274574070e+02
3.179033979527275164e+02
3.176952952538874797e+02
3.175171751670840194e+02
3.173463106986225171e+02
3.171800797052067082e+02
3.170213999587892886e+02
3.168646739305127653e+02
3.167191893451093847e+02
3.165739009874205294e+02
3.164874828075273285e+02
3.164471121023912019e+02
3.164089460289769136e+02
3.164166189139507424e+02
3.164285277583283573e+02
3.164444244404203914e+02
3.164644436195569597e+02
3.164995341816058954e+02
3.165486880254649122e+02
3.165949784386098145e+02
3.166392149222145918e+02
3.166813423433742969e+02
3.167207597444109979e+02
3.167625854015763025e+02
3.168083821092748167e+02
3.168641662242316670e+02
3.170118390585748784e+02
3.171769483271335730e+02
3.173659244321612505e+02
3.175796481450281021e+02
3.177948876679797081e+02
3.180054284132914404e+02
3.182589199173071393e+02
3.185147972085122774e+02
3.187952025649797179e+02
3.190698080303745314e+02
3.193424651844637197e+02
3.196090155025785293e+02
3.198671200176765979e+02
3.201329866712717376e+02
3.204881902941451131e+02
3.208833854849186196e+02
3.212708060668065286e+02
3.216502965432823089e+02
3.220291125816131625e+02
3.224176195290978626e+02
3.228383627066383497e+02
3.232534699107866913e+02
3.236575195413844312e+02
3.240507705592565344e+02
3.244347864546206210e+02
3.248103395680830090e+02
3.251787724051944224e+02
3.255632681133328106e+02
3.259383494303352222e+02
3.263038481769386863e+02
3.266575732439379181e+02
3.270061833089389438e+02
3.273464515543514608e+02
3.276763784031732030e+02
3.279951904451019118e+02
3.283038229635682228e+02
3.286006192042098064e+02
3.288851815819465401e+02
3.291746125483788887e+02
3.294827175447857712e+02
3.297790242226926694e+02
3.300615621523306800e+02
3.303322032379544453e+02
3.306442784978850113e+02
3.309439300685662602e+02
3.312298127234521417e+02
3.315019210501476437e+02
3.317628681735266127e+02
3.320473019766037623e+02
3.323308010586432601e+02
3.326147933339315159e+02
3.328905373326040262e+02
3.331525397057272926e+02
3.334008197578120303e+02
3.336365628027269850e+02
3.338619689304904341e+02
3.340846464945559546e+02
3.343036091667388519e+02
3.345311953454524883e+02
3.347452591331340273e+02
3.349458439496060009e+02
3.351329953631449712e+02
3.353115398548505937e+02
3.354886227223469746e+02
3.356641407978851248e+02
3.358298066358522078e+02
3.359941294385563424e+02
3.361938781592519376e+02
3.363805013811095250e+02
3.365547197658321465e+02
3.367223889304602835e+02
3.368837543463387192e+02
3.370320435207269725e+02
3.371707978482992871e+02
3.373106311662202188e+02
3.374557985633163071e+02
3.376098648809331735e+02
3.377511780558433543e+02
3.378820518014146046e+02
3.380017047764782774e+02
3.381149502954863806e+02
3.382198428113347859e+02
3.383166178334831216e+02
3.384005431919892430e+02
3.384712182001965175e+02
3.385294308170698514e+02
3.385757813020752565e+02
