4.247384754523399124e+02
4.249029064897918033e+02
4.250635393222313496e+02
4.252203036787598194e+02
4.253731395702249074e+02
4.255218542258852494e+02
4.256663220174667686e+02
4.258062836406578526e+02
4.259414200399630772e+02
4.260715856766619254e+02
4.261966412485891738e+02
4.263179229064825222e+02
4.264351918531781962e+02
4.265472295226130086e+02
4.266540145585115624e+02
4.267554752775909606e+02
4.268535113989610750e+02
4.269515965305521377e+02
4.270548922165031627e+02
4.271521458847860231e+02
4.272433569008275072e+02
4.273294282260202976e+02
4.274094141766578332e+02
4.274828807370349750e+02
4.275499304787799701e+02
4.276108784572040804e+02
4.276651820633491070e+02
4.277141119714103752e+02
4.277727522683243251e+02
4.278620702690501503e+02
4.279460407368427468e+02
4.280231321150752137e+02
4.280934052975351278e+02
4.281568819637558363e+02
4.282134442988342471e+02
4.282870297891593054e+02
4.283578700963810206e+02
4.284219385602665398e+02
4.284802110522272756e+02
4.285320054005628663e+02
4.285779696326751491e+02
4.286172746281019386e+02
4.286494796541552432e+02
4.286790840286157618e+02
4.287023787061374946e+02
4.287256872803909573e+02
4.287457441284526567e+02
4.287587917103167001e+02
4.287646425985448104e+02
4.287634690983594510e+02
4.287563068366465586e+02
4.287748183493199576e+02
4.287871289399339503e+02
4.288057867925710980e+02
4.288177632811857052e+02
4.288226461577345390e+02
4.288202750158865229e+02
4.288107861033631707e+02
4.287942481662379919e+02
4.287911330930898544e+02
4.287892753459940991e+02
4.287825049975497222e+02
4.287989497995345118e+02
4.288082100107394581e+02
4.288107617987593585e+02
4.288239887331437217e+02
4.288442714394919903e+02
4.288601215526722399e+02
4.288688846236960899e+02
4.288702871597245121e+02
4.288661395777705820e+02
4.288720887393700423e+02
4.288785265331337087e+02
4.288855968196686490e+02
4.288853427891630190e+02
4.288777782300448962e+02
4.288959224911512820e+02
4.289108553886995310e+02
4.289191746252099620e+02
4.289201798484708661e+02
4.289133136964159121e+02
4.288991450978080024e+02
4.288775911931638802e+02
4.288484218624848268e+02
4.288125534121433020e+02
4.287693945718144732e+02
4.287289200328077641e+02
4.286986486962423442e+02
4.286766354864262212e+02
4.286600803070251118e+02
4.286383031721560997e+02
4.286098146851912816e+02
4.285743961844120236e+02
4.285320596404237108e+02
4.284825198241725275e+02
4.284386557133661313e+02
4.284191553844934788e+02
4.284190011420557198e+02
4.284179765278468608e+02
4.284168642634289768e+02
4.284086359500059302e+02
4.283935073250604546e+02
4.283707046725399437e+02
4.283406137315777187e+02
4.283022104503417609e+02
4.282553588479148061e+02
4.281997260816331163e+02
4.281462528109874484e+02
4.280935093166779097e+02
4.280761811008881068e+02
4.280649351088454750e+02
4.280504516050462485e+02
4.280281058513768357e+02
4.279966061916628632e+02
4.279632656856425683e+02
4.279273697552405338e+02
4.278813892303775788e+02
4.278435131705859931e+02
4.278156066555548591e+02
4.277952786462483346e+02
4.277691218904629977e+02
4.277480688727715687e+02
4.277215036377194224e+02
4.276944728386804400e+02
4.276555287587540306e+02
4.276036650874366956e+02
4.275387871562596729e+02
4.274610686824228196e+02
4.273873266296426436e+02
4.273517362919179732e+02
4.273206622110900526e+02
4.272761307908749586e+02
4.272275484536096428e+02
4.271775772205413659e+02
4.271353004896148491e+02
4.271020246373877853e+02
4.270560954635409416e+02
4.269971003200765836e+02
4.269250340298542028e+02
4.268405099446155191e+02
4.267603694076295824e+02
4.266908052691687203e+02
4.266163048463456562e+02
4.265304017506750824e+02
4.264432564847276126e+02
4.263499322463582075e+02
4.262444682745047544e+02
4.261271526110597847e+02
4.259996441374037204e+02
4.258841016175290406e+02
4.257681529800613589e+02
4.256730517948137731e+02
4.255676837191624600e+02
4.254502994981464781e+02
4.253209406110180453e+02
4.251791636937906560e+02
4.250278753438491322e+02
4.248779003373118144e+02
4.247149567070345597e+02
4.245410193861613379e+02
4.243940775738607272e+02
4.242487469367754329e+02
4.241115291929514797e+02
4.239775826682983961e+02
4.238641962108729331e+02
4.237365467285883369e+02
4.236037757530233421e+02
4.234580292054289430e+02
4.232980519180208603e+02
4.231320329703794414e+02
4.229497499433149414e+02
4.227565619833575283e+02
4.225657616755240724e+02
4.223757435119600814e+02
4.222023624828945003e+02
4.220306180687260849e+02
4.218597231619551167e+02
4.216891891512533448e+02
4.214990064654875823e+02
4.213104432155628274e+02
4.211221717622593701e+02
4.209251219253831664e+02
4.207373457933941268e+02
4.205615837473827696e+02
4.203737791302467031e+02
4.201734224175251029e+02
4.199541283540947347e+02
4.197413733216880019e+02
4.195615079064674546e+02
4.193979858892197967e+02
4.192422553026729020e+02
4.190885583272648205e+02
4.189341236762890048e+02
4.187778440466282746e+02
4.186197729793743747e+02
4.185148633684665356e+02
4.183938447465540094e+02
4.182725195949715271e+02
4.182100397627452253e+02
4.181692436487257396e+02
4.181618425594373321e+02
4.181455408670072416e+02
4.181123852782569088e+02
4.180622204728041424e+02
4.180064775490793636e+02
4.179578660316572041e+02
4.178948289504921831e+02
4.178293221347621511e+02
4.177645584132537238e+02
4.176975447221154241e+02
4.176228439607234009e+02
4.175615696718064100e+02
4.174861901208218455e+02
4.174021586721762560e+02
4.173080630164024569e+02
4.172168867642470786e+02
4.171306436209809476e+02
4.170360278691894109e+02
4.169263178737884914e+02
4.168077905677322974e+02
4.166821343367651025e+02
4.165745635462611176e+02
4.164591762323539115e+02
4.163327811373089276e+02
4.162046925360508567e+02
4.161160839475406874e+02
4.160261490732456195e+02
4.159334439558173244e+02
4.158364031774679006e+02
4.157283646988922783e+02
4.156263487451142282e+02
4.155252153730738200e+02
4.154326940777690993e+02
4.153421358236230390e+02
4.152535869173874516e+02
4.152077543658876380e+02
4.151502452410149999e+02
4.150831283451407216e+02
4.150035117903810260e+02
4.149393413465724620e+02
4.148771312279705512e+02
4.148173913731673110e+02
4.147744087085354181e+02
4.147522873644678043e+02
4.147204499065527443e+02
4.146849245492039699e+02
4.146298786107186061e+02
4.145879397837177294e+02
4.145466287270436396e+02
4.144916466651420706e+02
4.144258056799266683e+02
4.143408309763872239e+02
4.142622774828512320e+02
4.141747253392449011e+02
4.140856649628462378e+02
4.140056556543107149e+02
4.139055063197089339e+02
4.138235413947693360e+02
4.137428960136402338e+02
4.136637375144194380e+02
4.135908128672293742e+02
4.134975532331474142e+02
4.134035489341254674e+02
4.133113514418737395e+02
4.131986075854941873e+02
4.131078298967801175e+02
4.130001834554611833e+02
4.128831267596601720e+02
4.127435982227809177e+02
4.125910121175734275e+02
4.124548948242901361e+02
4.122971830603858052e+02
4.121155976590756609e+02
4.119532897829127478e+02
4.118123963949184940e+02
4.116719101769293729e+02
4.115064019224034837e+02
4.113295365504735628e+02
4.111656511997250618e+02
4.110355609383290130e+02
4.109040044489868251e+02
4.107539768530629090e+02
4.105863888948616705e+02
4.104370091750246274e+02
4.102653267933575307e+02
4.100743331089323078e+02
4.098694932732578309e+02
4.096651829730377017e+02
4.094929908690248226e+02
4.093168064558527135e+02
4.091510840507249327e+02
4.089689764993942163e+02
4.087610244639578241e+02
4.085223077388426418e+02
4.082763738065517032e+02
4.080302741630225682e+02
4.077690833537160415e+02
4.075011607882328235e+02
4.072358389637365690e+02
4.069756050950556983e+02
4.066944734693143459e+02
4.064302354140455691e+02
4.061489443250093245e+02
4.058363696277686472e+02
4.055290788468924461e+02
4.052151141752714238e+02
4.048930262811920784e+02
4.045778902657106073e+02
4.042569008837460842e+02
4.039270412438042399e+02
4.035744284552076806e+02
4.031882844460287743e+02
4.027686654062458729e+02
4.023155363138353096e+02
4.018409789675367847e+02
4.013448487221583605e+02
4.008197302567493807e+02
4.002610459887500269e+02
3.996690491495713786e+02
3.990447352076262177e+02
3.983883549027371487e+02
3.977003817042716491e+02
3.970124198480083919e+02
3.963293783049952026e+02
3.956901083683593470e+02
3.950902936994318679e+02
3.945092458142493683e+02
3.939240027482509277e+02
3.933256471947440787e+02
3.927004926345449576e+02
3.920652824515796055e+02
3.914046384779234131e+02
3.907135883882839380e+02
3.899919027887467564e+02
3.892632537888702586e+02
3.885441817579594499e+02
3.878165364232745560e+02
3.870749666304366201e+02
3.863176703480842207e+02
3.855498302195997553e+02
3.847590682539120053e+02
3.839392805189609703e+02
3.830912218952823878e+02
3.822151632102667236e+02
3.813199824533024866e+02
3.804493778987265955e+02
3.795572040055353682e+02
3.786621767669425935e+02
3.777449808126420976e+02
3.768126835053984678e+02
3.758905297407926582e+02
3.749624759363225621e+02
3.740538415934574914e+02
3.731379827199840520e+02
3.722167995013638802e+02
3.712713519055782285e+02
3.702993148669910397e+02
3.693119244980803160e+02
3.683257893565019003e+02
3.673229241348703340e+02
3.663208576651715020e+02
3.652978443705677591e+02
3.642768843695189389e+02
3.632267322131309015e+02
3.621472509193221754e+02
3.610535568811851590e+02
3.599698541787821569e+02
3.588970692589432474e+02
3.578114355121690551e+02
3.567147585247721508e+02
3.555952162919564898e+02
3.544828993860052151e+02
3.533707392654079058e+02
3.522726024695488718e+02
3.512199019938940410e+02
3.501652419200348731e+02
3.491486169407111220e+02
3.481166470368585806e+02
3.470834032782902341e+02
3.460407531081376646e+02
3.450158769562895031e+02
3.440068950631730900e+02
3.429926917134121140e+02
3.419696605722326694e+02
3.409300846143867716e+02
3.398750929238844947e+02
3.388347772912837854e+02
3.377917911367341617e+02
3.367772008640239392e+02
3.357898276719341766e+02
3.347784648590031793e+02
3.337437382684055933e+02
3.327175431303285791e+02
3.317138511623757040e+02
3.307231013033775753e+02
3.297216445165756795e+02
3.287043508586560847e+02
3.276750621585659928e+02
3.266906468247876205e+02
3.257495425439472569e+02
3.247985076101908248e+02
3.238449239418471279e+02
3.228845291719225088e+02
3.219233758457318118e+02
3.209759683298419759e+02
3.200175291348046471e+02
3.190641748223981153e+02
3.180953106838217650e+02
3.171184726882156610e+02
3.161552093250800226e+02
3.152041535092007507e+02
3.142786315011827583e+02
3.133693371742555769e+02
3.124967832483505390e+02
3.116584147188995075e+02
3.108185277177527155e+02
3.099632043975286706e+02
3.090958716530476522e+02
3.082549946061637343e+02
3.074138522331348895e+02
3.065549737349401767e+02
3.056929536690230407e+02
3.048278110159166090e+02
3.039850443602218206e+02
3.031338358720646511e+02
3.022730998062368144e+02
3.014120050381457077e+02
3.005291879423054411e+02
2.996348593338087198e+02
2.988033395088236830e+02
2.979804213025668673e+02
2.971950940017172798e+02
2.964378094244096360e+02
2.956815827140497959e+02
2.949022102971305799e+02
2.941319783008893864e+02
2.933532031032963232e+02
2.926145383532670508e+02
2.918634585287027221e+02
2.911031831346748504e+02
2.903624406468748589e+02
2.896402342030120280e+02
2.888925561656424179e+02
2.881627757753893775e+02
2.874652305070032980e+02
2.867894721662569850e+02
2.861039740221870602e+02
2.854165527457410008e+02
2.847429980789496540e+02
2.841048412261645240e+02
2.834861200059853559e+02
2.828835323195297633e+02
2.823353902157861057e+02
2.818054399020554683e+02
2.812697383199697470e+02
2.807118120612520329e+02
2.801692296508308573e+02
2.796476604495690594e+02
2.791405741822000550e+02
2.786452451133175146e+02
2.781409394517036731e+02
2.776142169567381188e+02
2.770738502278549049e+02
2.765151580218820300e+02
2.759348614741174970e+02
2.753378133173136462e+02
2.747353487996032300e+02
2.741131406901706100e+02
2.734718928677478971e+02
2.728160612534135225e+02
2.721863992909071044e+02
2.715702052963856659e+02
2.709740220831880038e+02
2.703632362257547470e+02
2.697360829214994169e+02
2.690994966353799782e+02
2.684704572433229259e+02
2.678277961729658045e+02
2.671818743709994237e+02
2.665321081898737248e+02
2.659057533288511195e+02
2.652852629267422344e+02
2.646691584630065677e+02
2.640748311374404125e+02
2.634667012469177507e+02
2.628618646741400653e+02
2.622463543842586091e+02
2.616183220886952654e+02
2.610133690749659081e+02
2.604058516918676105e+02
2.597749457453929267e+02
2.591197823150924933e+02
2.584573145729525550e+02
2.578303117624618039e+02
2.572217913082567975e+02
2.565878978218173074e+02
2.559258700416706347e+02
2.552351179145668993e+02
2.545151813808851387e+02
2.537835963360030860e+02
2.530470245472467923e+02
2.522974450190195057e+02
2.515228096094464263e+02
2.507417931485288989e+02
2.499598000917386003e+02
2.491688802933425109e+02
2.483637138277163956e+02
2.475275178423498801e+02
2.466602343333422027e+02
2.457618871331790160e+02
2.448474281480881984e+02
2.439710548210733805e+02
2.430797763538576532e+02
2.421697422021751720e+02
2.412444333295476895e+02
2.403173664524603907e+02
2.393853575189669698e+02
2.384384643517622635e+02
2.374730748991570124e+02
2.364790991575529233e+02
2.354813397418044758e+02
2.344818244493486077e+02
2.334511442771241150e+02
2.323891471253634506e+02
2.313119103222116451e+02
2.302086972510943781e+02
2.290923328992502377e+02
2.279753548687841942e+02
2.268530566564862170e+02
2.257589446725628761e+02
2.246443620434428965e+02
2.234967933537289184e+02
2.223293359720815374e+02
2.211296969937677659e+02
2.199080583746512900e+02
2.186890830937765884e+02
2.174710952921803653e+02
2.162301929659769257e+02
2.149887416285532140e+02
2.137313424322174455e+02
2.124914093122285408e+02
2.112183921629295469e+02
2.099315369906470323e+02
2.086606832010017456e+02
2.073868159147386621e+02
2.061401728614326316e+02
2.048951737207307247e+02
2.036204200703296578e+02
2.023176003974591026e+02
2.010046188601766630e+02
1.996663902841968365e+02
1.983145276206223571e+02
1.970213299730293670e+02
1.957678910370722747e+02
1.945040280839715479e+02
1.932265328027297073e+02
1.919260641255370956e+02
1.906338084153950376e+02
1.893276501273743975e+02
1.880209932936954260e+02
1.867265751028110401e+02
1.854457155159599324e+02
1.841618894564914797e+02
1.828542382571905591e+02
1.815232298010594150e+02
1.802167201606685580e+02
1.789488113153141171e+02
1.776926734066310019e+02
1.764231483316154367e+02
1.751310851501121988e+02
1.738169553292836156e+02
1.724916414472708652e+02
1.712093527223410092e+02
1.699358958964670023e+02
1.686584922593951319e+02
1.673861773224404601e+02
1.661066175194169432e+02
1.648355622435416876e+02
1.635831108195543777e+02
1.623266985460968783e+02
1.610608042071094985e+02
1.598040585520326431e+02
1.585423171155688919e+02
1.572853033771603748e+02
1.560442978102886684e+02
1.547927423191110847e+02
1.535576321366134493e+02
1.523302943805511518e+02
1.510965456200930817e+02
1.498805286120856977e+02
1.486881581709651243e+02
1.474987126578735115e+02
1.463050544776939148e+02
1.451010726100508350e+02
1.438888286364469877e+02
1.426585577753660914e+02
1.414151744521173839e+02
1.401928657407073899e+02
1.389798939533123416e+02
1.377565560002537950e+02
1.365535301398132333e+02
1.353392899215701277e+02
1.341598960117105150e+02
1.330018311526832235e+02
1.318417306859966516e+02
1.306848259412445259e+02
1.295117619410393104e+02
1.283232191975532714e+02
1.271526932566352173e+02
1.260200752610979862e+02
1.248987303119225771e+02
1.237997954988936300e+02
1.227204947587093784e+02
1.216401495558537533e+02
1.205521880673073838e+02
1.194795863025731819e+02
1.183995234733072266e+02
1.173176823857960329e+02
1.162752358570134845e+02
1.152458218083333179e+02
1.141960267091499475e+02
1.131257769165054015e+02
1.120540810716197768e+02
1.109817333331902489e+02
1.098866360722713296e+02
1.087721418401289952e+02
1.076562951772599916e+02
1.065530104499621160e+02
1.054499646408524569e+02
1.043241820033829583e+02
1.031737447275988302e+02
1.020102397708143656e+02
1.008456655102749266e+02
9.972822077873314583e+01
9.860243891924267245e+01
9.746807849612810060e+01
9.632927545532022862e+01
9.517276178956942090e+01
9.400558514834207813e+01
9.285022623663097363e+01
9.168559031997669706e+01
9.050075110234220688e+01
8.930942235034072496e+01
8.813294302535953761e+01
8.696656975931843192e+01
8.578610907967964749e+01
8.457874006286779434e+01
8.337904238409592494e+01
8.218812251521134726e+01
8.098674913708215684e+01
7.977762271948095929e+01
7.854434737662759858e+01
7.729666508303486694e+01
7.604431389652043549e+01
7.477401436637853749e+01
7.348566170650711626e+01
7.218010372712367939e+01
7.084942350043482406e+01
6.949381741535539447e+01
6.811439657947819626e+01
6.671149914959458727e+01
6.530440151892067036e+01
6.388644554837838996e+01
6.250539748525189765e+01
6.114574644782710777e+01
5.976714684412171152e+01
5.837531903981627579e+01
5.697340724689379954e+01
5.555284463911694814e+01
5.412374806145856354e+01
5.270940257189494105e+01
5.127455277064454009e+01
4.982073237036103563e+01
4.836859190633217764e+01
4.694060495617630835e+01
4.556255388629396208e+01
4.419846132996092791e+01
4.282354629293276105e+01
4.145112091548438116e+01
4.008254551515611297e+01
3.872037935883301429e+01
3.737558780800849689e+01
3.601529621692736072e+01
3.464007195811138473e+01
3.326304450351723574e+01
3.189511128949166263e+01
3.054354322347631623e+01
2.920004944817382153e+01
2.786521280096761188e+01
2.652224636851652662e+01
2.515853394340261673e+01
2.378235891053996909e+01
2.238897246571708877e+01
2.097401377202751860e+01
1.955061732293887289e+01
1.815491486033242552e+01
1.674488433559507783e+01
1.535710030237007118e+01
1.398186175251365881e+01
1.266982459871050892e+01
1.141409288838428893e+01
1.015755715919404700e+01
8.921392363098147982e+00
7.682507035782101923e+00
6.433441421304195273e+00
5.180427881925119493e+00
3.932664463240641339e+00
2.699201918775163023e+00
1.480838327174538449e+00
2.513688466529089283e-01
-9.624561617000360059e-01
-2.138375207427504421e+00
-3.293341685267474617e+00
-4.454300413041742956e+00
-5.603310741529753614e+00
-6.736609379648903939e+00
-7.877359997720576601e+00
-9.002029677505527516e+00
-1.011863537455447393e+01
-1.124147666781995625e+01
-1.231650679947285809e+01
-1.335406783120766327e+01
-1.437090985134503285e+01
-1.539286061823372265e+01
-1.641960495621875182e+01
-1.744731631147655548e+01
-1.845443398678075653e+01
-1.946716573617747770e+01
-2.047521381989352207e+01
-2.148242342554184603e+01
-2.249587755726281202e+01
-2.350537332373006905e+01
-2.450372367055348022e+01
-2.545825577703519116e+01
-2.638830496247710400e+01
-2.731918214344828044e+01
-2.825423990962455889e+01
-2.915425191163265595e+01
-3.002625796079556864e+01
-3.088436159017441440e+01
-3.172714023620309121e+01
-3.255357945529040364e+01
-3.337474551667001066e+01
-3.418046997491619265e+01
-3.498909157596216346e+01
-3.578892967558676474e+01
-3.659632116396900869e+01
-3.741709938789324497e+01
-3.825243591865302051e+01
-3.909126906486806519e+01
-3.990739878313760869e+01
-4.072862151221247728e+01
-4.153868752943373011e+01
-4.233561382440498022e+01
-4.312899950399597060e+01
-4.393676939118797975e+01
-4.475456349314318061e+01
-4.556588666200917714e+01
-4.636847917434108979e+01
-4.713390372767764092e+01
-4.791352031998690109e+01
-4.870447664713070424e+01
-4.949700783927275438e+01
-5.027857332962504699e+01
-5.105658965599788246e+01
-5.183995723335426931e+01
-5.262431868642923405e+01
-5.342124510280676475e+01
-5.420903588505518655e+01
-5.498374933897969186e+01
-5.575723781019330971e+01
-5.654593421286863730e+01
-5.733769235966064315e+01
-5.813985628690437579e+01
-5.894348289648260675e+01
-5.974699759107169683e+01
-6.055311141006368558e+01
-6.136577548374920354e+01
-6.215155742244577652e+01
-6.294674456594574963e+01
-6.375470682549686785e+01
-6.456466506097906688e+01
-6.536705237409627500e+01
-6.617594826338961411e+01
-6.699619103882706384e+01
-6.781097142670671474e+01
-6.861828642555994406e+01
-6.942543376892214724e+01
-7.023357902263046526e+01
-7.103320786287130773e+01
-7.183641548883642258e+01
-7.265536833103219294e+01
-7.349018042948702600e+01
-7.433266586824066735e+01
-7.518491980295880239e+01
-7.604878465021022294e+01
-7.691978377347000162e+01
-7.778560364446050812e+01
-7.863407616978169301e+01
-7.949365601831524941e+01
-8.035309316355930775e+01
-8.120870066345841565e+01
-8.205585216052276110e+01
-8.288864603650401364e+01
-8.373129437419589749e+01
-8.457581197099931103e+01
-8.542978922092187588e+01
-8.629459909342985213e+01
-8.716986275582229382e+01
-8.804267797422177466e+01
-8.892773472323530370e+01
-8.982431437090288284e+01
-9.070436220649614256e+01
-9.159428718605845177e+01
-9.249629159085611718e+01
-9.339967229937423099e+01
-9.430803725831103179e+01
-9.522005103035047568e+01
-9.612904437287292581e+01
-9.700501675991465333e+01
-9.788367136146945313e+01
-9.877499080930139996e+01
-9.967909472917219205e+01
-1.005893459942260790e+02
-1.015035509687068895e+02
-1.024290143927484706e+02
-1.033669137846145958e+02
-1.042991310409872767e+02
-1.052404447118953499e+02
-1.061923920226186908e+02
-1.071456775106265980e+02
-1.080909884219531136e+02
-1.090230085304973642e+02
-1.099517659292599348e+02
-1.108583078711493783e+02
-1.117403630502050191e+02
-1.126230788472918221e+02
-1.135117355977351252e+02
-1.144022196150410622e+02
-1.153027561898584992e+02
-1.162132504603297747e+02
-1.171296285818631020e+02
-1.180398713654988114e+02
-1.189589132133198461e+02
-1.198843285960071512e+02
-1.208161644382467301e+02
-1.217497705095003369e+02
-1.226623123496205210e+02
-1.235628469641030591e+02
-1.244528452439134156e+02
-1.253417071813896086e+02
-1.262353345603038690e+02
-1.271333784856186497e+02
-1.280051741656784259e+02
-1.288510001441741224e+02
-1.297015082241346136e+02
-1.305565528129748714e+02
-1.314157343017320443e+02
-1.322790893079252044e+02
-1.331411227956459129e+02
-1.339897801924774399e+02
-1.348316789986934339e+02
-1.356768232189992318e+02
-1.365156787591023431e+02
-1.373482439547340164e+02
-1.381760426153333867e+02
-1.389931997098684917e+02
-1.398006016740579298e+02
-1.405977390811176519e+02
-1.413863595165763911e+02
-1.421786054890151831e+02
-1.429735972583664250e+02
-1.437713190643714825e+02
-1.445686314860124071e+02
-1.453682615574641943e+02
-1.461688354261437439e+02
-1.469610371264283515e+02
-1.477396620561946179e+02
-1.485015743401825432e+02
-1.492507222857916815e+02
-1.499735765044869140e+02
-1.506862645545425323e+02
-1.513975993144022709e+02
-1.521096794882843142e+02
-1.528211875678811396e+02
-1.535132145007385134e+02
-1.541787994461336098e+02
-1.548224750972762536e+02
-1.554641023663574799e+02
-1.561044155269191833e+02
-1.567352195253562570e+02
-1.573598634340742706e+02
-1.579708502125923246e+02
-1.585677102746129492e+02
-1.591516671916262169e+02
-1.597340209907538338e+02
-1.603146956743788110e+02
-1.608932892346520021e+02
-1.614573302704413322e+02
-1.620189920879186047e+02
-1.625785923508277051e+02
-1.631360342107534507e+02
-1.636911206272088748e+02
-1.642435967932222525e+02
-1.647932674107440789e+02
-1.653400623915680399e+02
-1.658838370816486645e+02
-1.664248236969008872e+02
-1.669620662215796187e+02
-1.674736992941683695e+02
-1.679757714459345834e+02
-1.684574416511031245e+02
-1.689200842331958086e+02
-1.693696358676662044e+02
-1.698061433418734225e+02
-1.702130906539977389e+02
-1.706171446497315287e+02
-1.710179504587878228e+02
-1.714037923320744881e+02
-1.717807131086474328e+02
-1.721552452531319659e+02
-1.725270843692376275e+02
-1.728960259860394899e+02
-1.732614047893307259e+02
-1.736247048051754405e+02
-1.739857819699812467e+02
-1.743447763434633657e+02
-1.746918129202958596e+02
-1.750268311379874717e+02
-1.753539653572551629e+02
-1.756777312798645312e+02
-1.759966002430433321e+02
-1.763131098062406181e+02
-1.766276043387007917e+02
-1.769398353563872206e+02
-1.772478757355235928e+02
-1.775500081300505997e+02
-1.778444862333601009e+02
-1.781054346389412899e+02
-1.783437450694631821e+02
-1.785700176026003305e+02
-1.787527367904655762e+02
-1.789264928297166648e+02
-1.790956514032879454e+02
-1.792594941357666016e+02
-1.794018319357986400e+02
-1.795280837571318671e+02
-1.796395219329560859e+02
-1.797454123395817760e+02
-1.798472529908893875e+02
-1.799255464254234766e+02
-1.799978554036421201e+02
-1.800641811953210549e+02
-1.801270924963518212e+02
-1.801868103668338676e+02
-1.802425597858950255e+02
-1.802930419082718458e+02
-1.803390202056948510e+02
-1.803770292973584048e+02
-1.803991160326950194e+02
-1.804177350967201221e+02
-1.804328284260396345e+02
-1.804442605470319165e+02
-1.804520060356053364e+02
-1.804559623320695891e+02
-1.804556457364130608e+02
-1.804511736380943603e+02
-1.804276793211053018e+02
-1.803847257379865141e+02
-1.803245160414622035e+02
-1.802590959660693102e+02
-1.801883226725284146e+02
-1.801122530145701148e+02
-1.800318138822029539e+02
-1.799469776774624847e+02
-1.798565277195096428e+02
-1.797611702705979155e+02
-1.796612174635701535e+02
-1.795566505913599258e+02
-1.794472476153067646e+02
-1.793327800300696708e+02
-1.792136474691382375e+02
-1.790892020168686543e+02
-1.789425861638596871e+02
-1.787902469764222246e+02
-1.786330598725902519e+02
-1.784715984424037174e+02
-1.783036158331080117e+02
-1.781300718793415854e+02
-1.779525029393629723e+02
-1.777711008725786428e+02
-1.775859981603292397e+02
-1.773961021757558569e+02
-1.772007319016645397e+02
-1.770018355884331243e+02
-1.767998377976668962e+02
-1.765949017036131181e+02
-1.763871941246023027e+02
-1.761767668021296345e+02
-1.759632628677693731e+02
