1.772542881433485600e+05
1.773180174854004581e+05
1.773757242868748726e+05
1.774284740360837604e+05
1.774748941815362195e+05
1.775160117950446438e+05
1.775496664755938982e+05
1.775773948266135994e+05
1.775995751246658037e+05
1.776162752133065078e+05
1.776281759681631229e+05
1.776354846351813176e+05
1.776374759756947751e+05
1.776343019336595607e+05
1.776250069103959540e+05
1.776097661225632182e+05
1.775882001413785620e+05
1.775600359039977775e+05
1.775259947738590417e+05
1.774853334167665453e+05
1.774388319082027883e+05
1.773872316267876886e+05
1.773314562116636662e+05
1.772715284112860390e+05
1.772081110006867093e+05
1.771411711656067346e+05
1.770700818585348316e+05
1.769963347175514791e+05
1.769191430254468578e+05
1.768379995389682590e+05
1.767525802511497750e+05
1.766637799631055095e+05
1.765713752169705695e+05
1.764762330075687496e+05
1.763777825098332833e+05
1.762785640092286631e+05
1.761770482587507577e+05
1.760722699524451164e+05
1.759653734724136302e+05
1.758560347319984867e+05
1.757453155856173253e+05
1.756334056431220670e+05
1.755201683798811282e+05
1.754047244923918624e+05
1.752866510087067436e+05
1.751685876085071068e+05
1.750487899701029237e+05
1.749271148321143701e+05
1.748048376887977356e+05
1.746824884465043724e+05
1.745611735371529649e+05
1.744398959514046728e+05
1.743196229300643608e+05
1.741984253403489129e+05
1.740772609009389998e+05
1.739573810972375504e+05
1.738392987221286457e+05
1.737229869513498270e+05
1.736086485930033959e+05
1.734961960234274156e+05
1.733870194942760281e+05
1.732807534339408157e+05
1.731786107625500008e+05
1.730806224744870269e+05
1.729857710383731173e+05
1.728931894019530446e+05
1.728043861485923990e+05
1.727195789031951281e+05
1.726383378509304021e+05
1.725606876469195995e+05
1.724879272454404272e+05
1.724197541350411193e+05
1.723568313845714729e+05
1.722978487006520154e+05
1.722447211236579460e+05
1.721972007069436950e+05
1.721564693600280443e+05
1.721218283683392801e+05
1.720923469420816400e+05
1.720695061431915092e+05
1.720537583103848447e+05
1.720467240141865914e+05
1.720495915965996683e+05
1.720612694482822844e+05
1.720832012575455301e+05
1.721150526364817633e+05
1.721540069185923203e+05
1.722016860740801494e+05
1.722589385898349865e+05
1.723256991402903805e+05
1.724028416418194538e+05
1.724914270602453907e+05
1.725913970993052353e+05
1.727021824770589301e+05
1.728246190875267494e+05
1.729614532341434387e+05
1.731112104820215609e+05
1.732738119528235111e+05
1.734490845172888367e+05
1.736383733078953810e+05
1.738410776599622623e+05
1.740576012588827580e+05
1.742879746379685239e+05
1.745302121751223749e+05
1.747850851190431858e+05
1.750546209312146821e+05
1.753382969042214099e+05
1.756351188563370379e+05
1.759454014566405094e+05
1.762702312858721416e+05
1.766102982956763299e+05
1.769649290078837657e+05
1.773361916331376706e+05
1.777228080826467485e+05
1.781242888884365384e+05
1.785426529551694985e+05
1.789762624663982715e+05
1.794241811088896357e+05
1.798875514422485430e+05
1.803645881790831627e+05
1.808576999133076461e+05
1.813663195955469564e+05
1.818912737029382261e+05
1.824308765397664101e+05
1.829845539955669665e+05
1.835538705917165789e+05
1.841384494398725801e+05
1.847389656033775827e+05
1.853570150196729228e+05
1.859913475549550494e+05
1.866411684618891741e+05
1.873075967921409174e+05
1.879904461420179287e+05
1.886886779526816390e+05
1.894043646046363865e+05
1.901363707917662687e+05
1.908852531893489358e+05
1.916481280562972242e+05
1.924262916447307216e+05
1.932200517723746598e+05
1.940287665107768262e+05
1.948525949432741618e+05
1.956912714549904049e+05
1.965446806542169943e+05
1.974145301804217452e+05
1.982984138872614130e+05
1.991968478788491921e+05
2.001083264910473081e+05
2.010327114851971273e+05
2.019688358434664842e+05
2.029180756484047452e+05
2.038808240030282177e+05
2.048564460645284853e+05
2.058440224955303420e+05
2.068426376494382275e+05
2.078515408929146361e+05
2.088702644333927601e+05
2.099022601333775383e+05
2.109460698509900831e+05
2.119999835377191775e+05
2.130627773761480057e+05
2.141364655279698200e+05
2.152215072611615178e+05
2.163151134959439805e+05
2.174189948671812308e+05
2.185306705882677925e+05
2.196484484450444579e+05
2.207738868280861934e+05
2.219073539296261733e+05
2.230468322970031586e+05
2.241908602636162541e+05
2.253410560345272534e+05
2.264979291908243322e+05
2.276591719070020772e+05
2.288237602441074559e+05
2.299903624180353363e+05
2.311593139537903771e+05
2.323301413462483324e+05
2.335015806950337719e+05
2.346734005495523452e+05
2.358442744338581688e+05
2.370160136974265333e+05
2.381884325081078860e+05
2.393594341123935592e+05
2.405285836162724881e+05
2.416964927524720260e+05
2.428637511758139881e+05
2.440284375528679811e+05
2.451871348533520650e+05
2.463419144234349951e+05
2.474921158670334262e+05
2.486363852192798222e+05
2.497754564362754754e+05
2.509077283602940734e+05
2.520319626488669892e+05
2.531487786421288038e+05
2.542582389648851822e+05
2.553595913045408088e+05
2.564526642352608906e+05
2.575362513939659984e+05
2.586100020130772027e+05
2.596745995901726419e+05
2.607274784038090438e+05
2.617666359519652906e+05
2.627921248945862753e+05
2.638034968894061167e+05
2.648013162072612904e+05
2.657842548791274312e+05
2.667524535800444428e+05
2.677063525040181703e+05
2.686460378855143790e+05
2.695698687672904925e+05
2.704770304591186577e+05
2.713669717684644274e+05
2.722389894506866694e+05
2.730935416302790982e+05
2.739297739038190921e+05
2.747463637391750235e+05
2.755437346023377031e+05
2.763212665415526135e+05
2.770782225972031592e+05
2.778134544263310381e+05
2.785275682935238583e+05
2.792202950690805446e+05
2.798914835662379046e+05
2.805399892676725867e+05
2.811651161296271603e+05
2.817673994786993717e+05
2.823463244355022325e+05
2.829021243227123632e+05
2.834337719379553455e+05
2.839413660367781995e+05
2.844248099156416720e+05
2.848842880831707153e+05
2.853188021089049289e+05
2.857283984174602083e+05
2.861124147858308861e+05
2.864704623326387373e+05
2.868021117263713968e+05
2.871075013598263613e+05
2.873866677664603340e+05
2.876394015224435716e+05
2.878656274717575870e+05
2.880651784741779556e+05
2.882379703206444392e+05
2.883835030277802725e+05
2.885022042312325211e+05
2.885932230641155038e+05
2.886560633249605889e+05
2.886906950410910649e+05
2.886976086603517178e+05
2.886778085719458177e+05
2.886297856030417024e+05
2.885535539992915001e+05
2.884491379789522616e+05
2.883173782437773189e+05
2.881577936115510529e+05
2.879718592506371206e+05
2.877588926566988230e+05
2.875190351139233680e+05
2.872521073198284721e+05
2.869590232817704091e+05
2.866391251066359109e+05
2.862934109491671552e+05
2.859215614835350425e+05
2.855244198785637855e+05
2.851020541347103426e+05
2.846550831472118152e+05
2.841832572434900794e+05
2.836865248969332897e+05
2.831652379445913248e+05
2.826198972612886573e+05
2.820520170997826499e+05
2.814613327379036346e+05
2.808472574681264814e+05
2.802111946306950413e+05
2.795540009892294183e+05
2.788750174152659602e+05
2.781739526596352225e+05
2.774521431148874108e+05
2.767097646686822409e+05
2.759475100938508986e+05
2.751658157009846764e+05
2.743644722633847850e+05
2.735431489727535518e+05
2.727031021146188141e+05
2.718445902453179006e+05
2.709681861271660891e+05
2.700748324915808626e+05
2.691641406596383313e+05
2.682379192862511263e+05
2.672946682336211670e+05
2.663359687525838963e+05
2.653631199561940157e+05
2.643757841564317932e+05
2.633741392576416256e+05
2.623569681713355239e+05
2.613260052265623817e+05
2.602842184316523490e+05
2.592310372738994483e+05
2.581671448359520873e+05
2.570932527651703858e+05
2.560086077524213470e+05
2.549131223103415105e+05
2.538069311902935733e+05
2.526928746456602821e+05
2.515715515105549712e+05
2.504442548948832846e+05
2.493089483983341197e+05
2.481690888781341782e+05
2.470250784021319123e+05
2.458770621603276231e+05
2.447249837551490054e+05
2.435700286870834825e+05
2.424112029056035972e+05
2.412491694170107367e+05
2.400848577654732508e+05
2.389187130854357383e+05
2.377528276397479640e+05
2.365869601052459911e+05
2.354206272742621077e+05
2.342548630863665021e+05
2.330909134649928601e+05
2.319289163921262952e+05
2.307683392938621982e+05
2.296098913434139395e+05
2.284556483277184016e+05
2.273059483346550260e+05
2.261594700849968067e+05
2.250167749946959957e+05
2.238796896439025586e+05
2.227492333423728123e+05
2.216234761414506647e+05
2.205033100067668711e+05
2.193906799478710745e+05
2.182848217069097445e+05
2.171867136498545588e+05
2.160962936019370682e+05
2.150145589705153252e+05
2.139424920890377543e+05
2.128791887614892039e+05
2.118265821634595341e+05
2.107864879603103327e+05
2.097565275824199780e+05
2.087365387671410863e+05
2.077270460720803821e+05
2.067282896325541078e+05
2.057412102832143719e+05
2.047677630592590431e+05
2.038073050725522335e+05
2.028589596039727621e+05
2.019216040279107401e+05
2.009955048039166431e+05
2.000834149167873547e+05
1.991846964800072019e+05
1.982989674731013947e+05
1.974271198123238864e+05
1.965701461623493815e+05
1.957274102079714939e+05
1.948984482268651482e+05
1.940829045193729398e+05
1.932827723339204094e+05
1.924971516029621125e+05
1.917287754308436706e+05
1.909780139751108363e+05
1.902438477906865010e+05
1.895278606468893704e+05
1.888287635429709917e+05
1.881441788444331032e+05
1.874758651148839272e+05
1.868240239318090607e+05
1.861891210111066175e+05
1.855718013128216844e+05
1.849695079279619385e+05
1.843825745448637754e+05
1.838107314654262154e+05
1.832537626775659446e+05
1.827102493248089158e+05
1.821811071371361613e+05
1.816689906445816159e+05
1.811731569440615713e+05
1.806922926469848899e+05
1.802268270143012924e+05
1.797768201960166625e+05
1.793439235318783321e+05
1.789262300662589259e+05
1.785237207364663191e+05
1.781355177552077221e+05
1.777622598081959586e+05
1.774052644166123937e+05
1.770636537239499157e+05
1.767361446933895058e+05
1.764249012323152274e+05
1.761289320786879980e+05
1.758476466907309950e+05
1.755802526449629513e+05
1.753261745733540156e+05
1.750851810877207317e+05
1.748576090513491363e+05
1.746437186804329685e+05
1.744417623827321804e+05
1.742527669358725252e+05
1.740740867752795166e+05
1.739065368044125789e+05
1.737503581635396986e+05
1.736049914168525138e+05
1.734728053582426801e+05
1.733507493009491882e+05
1.732402141621773189e+05
1.731398939005798893e+05
1.730478276474821032e+05
1.729656774292552145e+05
1.728935141856287955e+05
1.728318529997442383e+05
1.727789189383748162e+05
1.727345443965283921e+05
1.726976691536847502e+05
1.726688605026626028e+05
1.726489514311363164e+05
1.726378042785749130e+05
1.726354121692466433e+05
1.726427713046331774e+05
1.726588427389685530e+05
1.726832164922812372e+05
1.727150605429977295e+05
1.727532139489589026e+05
1.727973552183744323e+05
1.728479593906665395e+05
1.729038723634277703e+05
1.729641307343757653e+05
1.730298295799196349e+05
1.730994484124751471e+05
1.731734833582514839e+05
1.732514722616127692e+05
1.733332924931327871e+05
1.734189025188587257e+05
1.735083564110753941e+05
1.736015082206739171e+05
1.736969637517826050e+05
1.737958310945933626e+05
1.738983011583873304e+05
1.740024984844656428e+05
1.741074856428810745e+05
1.742136921087916126e+05
1.743207071921663010e+05
1.744284297190463112e+05
1.745367811018283246e+05
1.746456265090494126e+05
1.747540139216772513e+05
1.748625573206984554e+05
1.749707872053415631e+05
1.750806452414382074e+05
1.751906270454493933e+05
1.753005687753055245e+05
1.754109117100789445e+05
1.755198348287483677e+05
1.756271116958335915e+05
1.757334736442319700e+05
1.758386671549715975e+05
1.759416186861880997e+05
1.760422359688186261e+05
1.761393669664407498e+05
1.762334856240526424e+05
1.763245071162742679e+05
1.764119522418111446e+05
1.764965560962440504e+05
1.765781202464594098e+05
1.766565371068061213e+05
1.767336320493693638e+05
1.768073966930156748e+05
1.768763828782684868e+05
1.769397241426654509e+05
1.769994109015220602e+05
1.770550452064609271e+05
1.771074222097362508e+05
1.771558232141224144e+05
1.772010742717484827e+05
1.772418947021912900e+05
1.772776098802831257e+05
1.773089391488125839e+05
1.773360182190148626e+05
1.773577447057979880e+05
1.773734886363355035e+05
1.773843819060985115e+05
1.773898497571176267e+05
1.773893160389979312e+05
1.773828025071386073e+05
1.773715950258139637e+05
1.773554964216662047e+05
1.773342524831856135e+05
1.773086091550805140e+05
1.772782567954793922e+05
1.772433436321467743e+05
1.772035517013412900e+05
1.771586341428985470e+05
1.771080786547155585e+05
1.770516526326492894e+05
1.769892531423697656e+05
1.769207283169521543e+05
1.768458143624142976e+05
1.767632806042400480e+05
1.766751412360973773e+05
1.765815918328994012e+05
1.764817731380932964e+05
1.763781228360444657e+05
1.762697963931763952e+05
1.761549408712736331e+05
1.760340328008337819e+05
1.759079635644314985e+05
1.757770477183600015e+05
1.756419093326870352e+05
1.755021818415416928e+05
1.753577983187349164e+05
1.752076095355869911e+05
1.750512289273782517e+05
1.748894232524008839e+05
1.747221663084079046e+05
1.745489210096835159e+05
1.743701769724274927e+05
1.741860751747919130e+05
1.739970188638520194e+05
1.738030473033092567e+05
1.736048944405316433e+05
1.734011931102647213e+05
1.731919558809345472e+05
1.729780420501914923e+05
1.727591961764447042e+05
1.725353407510863326e+05
1.723079312812459830e+05
1.720762634119247959e+05
1.718399924909854017e+05
1.715984160915208340e+05
1.713530083152417210e+05
1.711027372745271423e+05
1.708479283312041662e+05
1.705892383457744436e+05
1.703255272782902175e+05
1.700575157087917323e+05
1.697862823988025484e+05
1.695107738504961599e+05
1.692303050218892749e+05
1.689462019213270978e+05
1.686583415965526365e+05
1.683670638284138986e+05
1.680726573172701465e+05
1.677746155553732824e+05
1.674717267904885812e+05
1.671654144518723479e+05
1.668555152176928823e+05
1.665432065176904143e+05
1.662285104063660256e+05
1.659108283821924415e+05
1.655901547698227514e+05
1.652656707366412156e+05
1.649378771271368605e+05
1.646081306805148488e+05
1.642759367847133544e+05
1.639413728219161276e+05
1.636038919262787385e+05
1.632648748172872292e+05
1.629240608058682119e+05
1.625810596954174107e+05
1.622365092108506069e+05
1.618902428779395123e+05
1.615417974788140855e+05
1.611903222305501695e+05
1.608369186472852307e+05
1.604817464047485846e+05
1.601253205517780734e+05
1.597671634532100288e+05
1.594084306444625836e+05
1.590490310249576869e+05
1.586884475870114693e+05
1.583268070368595072e+05
1.579635307035124279e+05
1.575998916284895095e+05
1.572362504334343248e+05
1.568719064651800145e+05
1.565060541780154163e+05
1.561393326463584090e+05
1.557712699432015652e+05
1.554026028915784264e+05
1.550337501205843582e+05
1.546655582598992623e+05
1.542973826736739138e+05
1.539289962334165757e+05
1.535612149219187559e+05
1.531940269249518751e+05
1.528270346164961229e+05
1.524603005117960856e+05
1.520933854851454671e+05
1.517269628304603393e+05
1.513607077134398569e+05
1.509953307676278928e+05
1.506310264546911058e+05
1.502679397705907177e+05
1.499049839905253320e+05
1.495421822509360209e+05
1.491800917351546523e+05
1.488197549185486569e+05
1.484607566327048116e+05
1.481026007448196469e+05
1.477450732331265754e+05
1.473876808805277396e+05
1.470310764801198675e+05
1.466756715981043817e+05
1.463219107588763582e+05
1.459697379743401834e+05
1.456189395003060345e+05
1.452698068524417467e+05
1.449224730885482568e+05
1.445769431451238052e+05
1.442328258568681485e+05
1.438905225976109796e+05
1.435502633978740487e+05
1.432123559172509704e+05
1.428763461687980162e+05
1.425429567051995837e+05
1.422124129083997395e+05
1.418845933255637065e+05
1.415589889936820255e+05
1.412362105369336787e+05
1.409153127836529166e+05
1.405955958467258024e+05
1.402768333726148994e+05
1.399601471084303339e+05
1.396462409948451386e+05
1.393352135183051869e+05
1.390275382816228666e+05
1.387222182717674877e+05
1.384189871285069676e+05
1.381186010566673649e+05
1.378212743895397580e+05
1.375274466429009044e+05
1.372374140340226877e+05
1.369502183906131831e+05
1.366655287279880722e+05
1.363832939458532492e+05
1.361040639767643879e+05
1.358277720977810095e+05
1.355544459360442706e+05
1.352845020292136469e+05
1.350177844604027050e+05
1.347546399240659084e+05
1.344949179471514944e+05
1.342380958824137924e+05
1.339843654359118664e+05
1.337341456123557873e+05
1.334867316510243108e+05
1.332419235168187588e+05
1.330001455454104580e+05
1.327609074243061477e+05
1.325250074081661005e+05
1.322926882092520827e+05
1.320630329003608203e+05
1.318366535494322015e+05
1.316135022686902084e+05
1.313940953144745727e+05
1.311785977877000696e+05
1.309663333501200832e+05
1.307574864254062122e+05
1.305517340245481028e+05
1.303490357343287469e+05
1.301498014788392757e+05
1.299541591063046362e+05
1.297612747813707392e+05
1.295710806292729103e+05
1.293840490626724786e+05
1.292003201074116078e+05
1.290191752266961412e+05
1.288411047266259266e+05
1.286663540228520578e+05
1.284944998799944151e+05
1.283253476645520423e+05
1.281593979253716825e+05
1.279964407925757114e+05
1.278365790731025481e+05
1.276794743847246427e+05
1.275250720392167277e+05
1.273738509634598740e+05
1.272255260656375904e+05
1.270801072103267361e+05
1.269379791855904332e+05
1.267988017446257145e+05
1.266625616945301590e+05
1.265299486770878284e+05
1.264006038984408369e+05
1.262738438320014102e+05
1.261492741700769257e+05
1.260273965707018506e+05
1.259080170087618171e+05
1.257911129244673066e+05
1.256767687567575485e+05
1.255649258495827962e+05
1.254561403425544704e+05
1.253503241553587432e+05
1.252474332615136227e+05
1.251468010275211418e+05
1.250484667624216818e+05
1.249523836201929662e+05
1.248585743398536870e+05
1.247672691365298670e+05
1.246783868207474152e+05
1.245919108201028575e+05
1.245073059618160041e+05
1.244249560876765463e+05
1.243446278352970257e+05
1.242666650130096386e+05
1.241911449573794380e+05
1.241178567483901279e+05
1.240469298453688680e+05
1.239777684219740622e+05
1.239103831834708981e+05
1.238451634368350788e+05
1.237817411259496002e+05
1.237206668593601207e+05
1.236615226811465400e+05
1.236043767980742559e+05
1.235492150142432220e+05
1.234958593918449478e+05
1.234444290857756278e+05
1.233947382649910724e+05
1.233468303615779296e+05
1.233005582938549633e+05
1.232559955214306683e+05
1.232129021158216347e+05
1.231712635444421903e+05
1.231312229305065703e+05
1.230930788434880524e+05
1.230566098983257252e+05
1.230214176180817885e+05
1.229879155693466455e+05
1.229561974464102095e+05
1.229262946214263502e+05
1.228980735949066293e+05
1.228713677397896681e+05
1.228462975615395117e+05
1.228225745188829314e+05
1.228001378153966944e+05
1.227792711580644245e+05
1.227600789399680507e+05
1.227422856609427254e+05
1.227259774638359668e+05
1.227110489107389876e+05
1.226975761869098060e+05
1.226853627514237014e+05
1.226746973004849133e+05
1.226654224518537667e+05
1.226573333696487680e+05
1.226504337767951365e+05
1.226449125377884047e+05
1.226406484691041260e+05
1.226375817170758382e+05
1.226357137454562471e+05
1.226350783542887657e+05
1.226359044313808554e+05
1.226380697249149671e+05
1.226416498419026029e+05
1.226468208009097871e+05
1.226534629337687511e+05
1.226616136845578731e+05
1.226712056177065824e+05
1.226822608449223480e+05
1.226947830937762046e+05
1.227086152407941991e+05
1.227241081021524442e+05
1.227414454214315192e+05
1.227605751729919139e+05
1.227811774190490396e+05
1.228033675423332315e+05
1.228271564354877046e+05
1.228527531518941250e+05
1.228801188734493335e+05
1.229092700265256135e+05
1.229403862360540661e+05
1.229738617479534150e+05
1.230093079194934689e+05
1.230465494804658811e+05
1.230855873519613815e+05
1.231266932493717759e+05
1.231696854726327583e+05
1.232146237507661426e+05
1.232615470815023291e+05
1.233104903418849426e+05
1.233614330312025850e+05
1.234144251163286099e+05
1.234691405985502497e+05
1.235263833622566308e+05
1.235857765773230931e+05
1.236469992452057777e+05
1.237104340709524840e+05
1.237761820240499510e+05
1.238441988890874782e+05
1.239145056043953955e+05
1.239871546418119542e+05
1.240620904163005325e+05
1.241393442826661922e+05
1.242194238011400885e+05
1.243023412095434905e+05
1.243879864003017719e+05
1.244766148539967835e+05
1.245679106950566493e+05
1.246622645745442860e+05
1.247591487222443393e+05
1.248586160334432498e+05
1.249612204594401264e+05
1.250667365503355977e+05
1.251749790038540814e+05
1.252861929508619069e+05
1.254003556213602715e+05
1.255174073629506311e+05
1.256371418610483379e+05
1.257594797514559468e+05
1.258850523831978353e+05
1.260137336505039711e+05
1.261453321949071251e+05
1.262802401205742790e+05
1.264182208227006922e+05
1.265596204642517696e+05
1.267044385276985849e+05
1.268525812476756255e+05
1.270038600304202846e+05
1.271589032220508670e+05
1.273175521467939252e+05
1.274796380601731071e+05
1.276454356827919109e+05
1.278144256663232663e+05
1.279865416787394352e+05
1.281619154919395369e+05
1.283399674280683685e+05
1.285216264814509050e+05
1.287068927403196867e+05
1.288958140686857369e+05
1.290888906257361814e+05
1.292852860336256272e+05
1.294852492570209579e+05
1.296886103179026977e+05
1.298952380068594648e+05
1.301050022880516772e+05
1.303183607042852527e+05
1.305348975734298583e+05
1.307555959238090290e+05
1.309802840006430342e+05
1.312084360204561381e+05
1.314402277364488691e+05
1.316751815047112759e+05
1.319139603461043152e+05
1.321568556829675508e+05
1.324035377173183952e+05
1.326533012333867664e+05
1.329065590887080471e+05
1.331630819947426498e+05
1.334230995375335042e+05
1.336865746271002572e+05
1.339531479423360433e+05
1.342227309912480996e+05
1.344965411102743528e+05
1.347738061716624361e+05
1.350539497907804616e+05
1.353366779308068508e+05
1.356219651707976591e+05
1.359102797429330531e+05
1.362014421158354089e+05
1.364958793289840396e+05
1.367932945406806248e+05
1.370942684703123523e+05
1.373989727883192245e+05
1.377068650027027761e+05
1.380179988954373403e+05
1.383325787554973213e+05
1.386500455049337470e+05
1.389713572919808503e+05
1.392947431403762894e+05
1.396198332250498061e+05
1.399481645645120298e+05
1.402798390295294230e+05
1.406144230412880715e+05
1.409508984858234471e+05
1.412890651105812576e+05
1.416299297522312263e+05
1.419730570650652517e+05
1.423180235167392821e+05
1.426648669685457135e+05
1.430141185484428133e+05
1.433663665475938178e+05
1.437208841948583431e+05
1.440781681754384190e+05
1.444373500686820189e+05
1.447982675073452410e+05
1.451612356299634557e+05
1.455260929195688223e+05
1.458926783200781792e+05
1.462604749594442255e+05
1.466302742143851356e+05
1.470015632420372567e+05
1.473746095174955844e+05
1.477490108543483948e+05
1.481241821818332828e+05
1.485003722779091622e+05
1.488771481227527547e+05
1.492548786853263155e+05
1.496340461275719572e+05
1.500135584112852812e+05
1.503935593640501029e+05
1.507739932442699792e+05
1.511555477290186682e+05
1.515372774890443252e+05
1.519194518684148206e+05
1.523019478178496356e+05
1.526839239796289476e+05
1.530661635051929625e+05
1.534490815262697870e+05
1.538319596829912334e+05
1.542141098065265396e+05
1.545953602751640137e+05
1.549771276802242501e+05
1.553576347066443413e+05
1.557374464813772065e+05
1.561169635514289839e+05
1.564955499265736726e+05
1.568734915347504430e+05
1.572503679859291296e+05
1.576261210325408028e+05
1.580006182791823521e+05
1.583736595900779648e+05
1.587452033476557117e+05
1.591158886716881534e+05
1.594851129763349891e+05
1.598534349329775723e+05
1.602199178136742557e+05
1.605845230452334799e+05
1.609476895513423369e+05
1.613096207828512415e+05
1.616710402683145949e+05
1.620306645910273073e+05
1.623872292178042117e+05
1.627420903739788046e+05
1.630959088521247613e+05
1.634480615157013817e+05
1.637985881280383037e+05
1.641463893760334176e+05
1.644911837261212058e+05
1.648330007409907994e+05
1.651715543590347224e+05
1.655067462064807187e+05
1.658386872960079345e+05
1.661672440046735865e+05
1.664922711255261966e+05
1.668138119442077004e+05
1.671318869837905513e+05
1.674466388310607290e+05
1.677581641359000641e+05
1.680673170479567198e+05
1.683731673037305300e+05
1.686757099536474852e+05
1.689753620106993476e+05
1.692715013277967519e+05
1.695630604053947609e+05
1.698510592232830531e+05
1.701349395709380915e+05
1.704140137642076006e+05
1.706878235847857432e+05
1.709562007622459787e+05
1.712199171328841476e+05
1.714780798723229673e+05
1.717311979986528168e+05
1.719793409228415694e+05
1.722234655998134695e+05
1.724639619649208616e+05
1.726984354411312088e+05
1.729264361211264913e+05
1.731485624760913488e+05
1.733652944451411604e+05
1.735770635439222970e+05
1.737837187045757018e+05
1.739863300509242399e+05
1.741845612375673663e+05
1.743769730439035338e+05
1.745637495307355712e+05
1.747455444795882504e+05
1.749223548048123776e+05
1.750939781406467664e+05
1.752601939531180542e+05
1.754211824501411465e+05
1.755773258656032267e+05
1.757280771102799335e+05
1.758733687246135378e+05
1.760139456533907214e+05
1.761478867797896964e+05
1.762763941331052338e+05
1.763995089840205328e+05
1.765176707806206832e+05
1.766294480061527865e+05
1.767366355371775862e+05
1.768377292510500702e+05
1.769334449288933247e+05
1.770235142185275326e+05
1.771070669363682100e+05
1.771839350634806324e+05
1.772542881433485600e+05
