8.586433341865045804e+03
8.589898578918897329e+03
8.593327537004710393e+03
8.596648615858666744e+03
8.599888190172405302e+03
8.603047091553316932e+03
8.606050641645755604e+03
8.608961354453273088e+03
8.611743526162494163e+03
8.614394903220741980e+03
8.617009453372173084e+03
8.619537539290387940e+03
8.621976547226542607e+03
8.624316023549865349e+03
8.626551613864572573e+03
8.628682587967045038e+03
8.630758787163485977e+03
8.632821773714982555e+03
8.634831967451424134e+03
8.636677844516521873e+03
8.638470724514034373e+03
8.640252180320561820e+03
8.641931641516566742e+03
8.643533979226096562e+03
8.645122920148591220e+03
8.646698702578978555e+03
8.648198998149397084e+03
8.649583643145135284e+03
8.650880587452467807e+03
8.652114412101565904e+03
8.653321969864633502e+03
8.654427397274155737e+03
8.655431372469351118e+03
8.656431952103113872e+03
8.657341121295075936e+03
8.658210392796227097e+03
8.658997168748363038e+03
8.659719412053174892e+03
8.660448684080494786e+03
8.661178141869111641e+03
8.661837849416964673e+03
8.662394166034127920e+03
8.662912448763287102e+03
8.663352820633426745e+03
8.663747892323179258e+03
8.664199349212321977e+03
8.664641746235387473e+03
8.665076073011357948e+03
8.665481163605121765e+03
8.665879300501725083e+03
8.666233923036719716e+03
8.666682549279263185e+03
8.667073985555422041e+03
8.667508262009932878e+03
8.667960166615655908e+03
8.668393949150638946e+03
8.668849288995475945e+03
8.669232054907764905e+03
8.669560553614002856e+03
8.669905960302037784e+03
8.670197591700538396e+03
8.670537024892584668e+03
8.670811595387853231e+03
8.671137075112799721e+03
8.671397749965070034e+03
8.671643915188560641e+03
8.671966064014202857e+03
8.672263391393787970e+03
8.672572756856254273e+03
8.672869854419617695e+03
8.673279304589523235e+03
8.673892640537244006e+03
8.674586254832393024e+03
8.675297809506553676e+03
8.676046681183168403e+03
8.676827534850648590e+03
8.677762885985021057e+03
8.678817255621683216e+03
8.679953533199455705e+03
8.681032507208066818e+03
8.682115947738935574e+03
8.683183860655917670e+03
8.684260511975151530e+03
8.685300718791395411e+03
8.686361463628309139e+03
8.687451548134091354e+03
8.688672096622021854e+03
8.689966323000830016e+03
8.691374377020843895e+03
8.692841859429574470e+03
8.694377391197545876e+03
8.696139223090201995e+03
8.698010823577216797e+03
8.699938222594801118e+03
8.701885441256445120e+03
8.703814332106107031e+03
8.705830377146605315e+03
8.707988331730184655e+03
8.710196802937542088e+03
8.712568155720733557e+03
8.714909107745072106e+03
8.717263889650199417e+03
8.719594911589007097e+03
8.722003087684473940e+03
8.724539046041796610e+03
8.727244979072771457e+03
8.729965198301379132e+03
8.732786875277894069e+03
8.735630534038893529e+03
8.738525828307423581e+03
8.741611112789456456e+03
8.744881681744100206e+03
8.748288538027863979e+03
8.751768776050774250e+03
8.755435030564847693e+03
8.759286193822397763e+03
8.763208054192338750e+03
8.767204096165714873e+03
8.771347628697825712e+03
8.775498664468092102e+03
8.779740091455041693e+03
8.784137543091879706e+03
8.788839773094789052e+03
8.793732049370046298e+03
8.798908067966856834e+03
8.804223139114918013e+03
8.809718624249808272e+03
8.815276131354130484e+03
8.820932475010789858e+03
8.826761833385089631e+03
8.832666499878569084e+03
8.838766045565149398e+03
8.844943766111353398e+03
8.851187698640083909e+03
8.857550970923739442e+03
8.864052509273376927e+03
8.870693703457680385e+03
8.877665447005041642e+03
8.884740394015063430e+03
8.891882476723749278e+03
8.899181809770981999e+03
8.906604259370275031e+03
8.914012827230995754e+03
8.921454910210915841e+03
8.929021817438078870e+03
8.936810363292526745e+03
8.944710906487882312e+03
8.952804528733189727e+03
8.960938015515741426e+03
8.969050082045660020e+03
8.977222661540539775e+03
8.985571978576326728e+03
8.994181340644610827e+03
9.002882777477614582e+03
9.011675357161144348e+03
9.020536661395668489e+03
9.029447395137862259e+03
9.038387633101257961e+03
9.047330765141981828e+03
9.056389218205771613e+03
9.065595166374892869e+03
9.075017821703853770e+03
9.084473382551239411e+03
9.093961695088735723e+03
9.103754321227166656e+03
9.113877633465432154e+03
9.124136942046930926e+03
9.134501288019881031e+03
9.144995064908751374e+03
9.155656944906140779e+03
9.166376873907858680e+03
9.177199943894574972e+03
9.188132011272111413e+03
9.199354856665418993e+03
9.210834046606589254e+03
9.222705891743109532e+03
9.234895301226006268e+03
9.247275877783431497e+03
9.259800139002891228e+03
9.272423887586137425e+03
9.285145914909824569e+03
9.297950390472331492e+03
9.310772654334252366e+03
9.323719104684209015e+03
9.336702430867984731e+03
9.349867710976135641e+03
9.363228956689958068e+03
9.376670222385326269e+03
9.390135479371712790e+03
9.403504086529364940e+03
9.416890152329526245e+03
9.430244074427972009e+03
9.443608252388397887e+03
9.456867947791793995e+03
9.470175817568151615e+03
9.483415976567233884e+03
9.496644591109370594e+03
9.510043811248457132e+03
9.523461666513137970e+03
9.536837365148912795e+03
9.550055432327340895e+03
9.563387352634794297e+03
9.576876747965554387e+03
9.590359722704270098e+03
9.603913389225108403e+03
9.617492488729620163e+03
9.630961797741752889e+03
9.644383694823243786e+03
9.657765844006366024e+03
9.670981541504246707e+03
9.684284847111752242e+03
9.697638019663427258e+03
9.710917569320723487e+03
9.724078708144306802e+03
9.737235132031926696e+03
9.750345996032301628e+03
9.763462301653024042e+03
9.776668754761594755e+03
9.789746246093196532e+03
9.802817756945358269e+03
9.815772858109341541e+03
9.828378485321134576e+03
9.840815304339865179e+03
9.853331371294800192e+03
9.865738641729503797e+03
9.878065626546736894e+03
9.890406612581158697e+03
9.902676898179577620e+03
9.914922043136024513e+03
9.927246111409431251e+03
9.939630195437541261e+03
9.952187989294236104e+03
9.964632751022174489e+03
9.976970322905803187e+03
9.989341568756222841e+03
1.000150426505828182e+04
1.001347093148706517e+04
1.002533227894397896e+04
1.003711447891152056e+04
1.004871015951376830e+04
1.006006501891150037e+04
1.007150120828721992e+04
1.008266105788055393e+04
1.009360841737656847e+04
1.010469494883933476e+04
1.011565360044018234e+04
1.012626316800783388e+04
1.013657920082297460e+04
1.014667636533619407e+04
1.015650912772311676e+04
1.016623050014399996e+04
1.017594110141106466e+04
1.018539002007714953e+04
1.019446460132108041e+04
1.020326223103318080e+04
1.021176038475769383e+04
1.022006117483471644e+04
1.022816032375267605e+04
1.023624274038862677e+04
1.024412421401851498e+04
1.025178241610327859e+04
1.025929568153443142e+04
1.026667605870468469e+04
1.027369201040983717e+04
1.028054198572128007e+04
1.028735669753735601e+04
1.029399500402282865e+04
1.030054343665657871e+04
1.030701847615782935e+04
1.031329310820624414e+04
1.031936157179695329e+04
1.032520081659816424e+04
1.033094352402952427e+04
1.033662624687505377e+04
1.034222519806493619e+04
1.034768410019982548e+04
1.035299165313340200e+04
1.035811032263689958e+04
1.036318535028727092e+04
1.036800336904000505e+04
1.037257314536230479e+04
1.037695388981398355e+04
1.038116714352468443e+04
1.038522549211536898e+04
1.038912475267024274e+04
1.039289628520038241e+04
1.039651761995946799e+04
1.039995491288519770e+04
1.040328537471155687e+04
1.040639965940326147e+04
1.040924479802423957e+04
1.041180098754044593e+04
1.041407200189796640e+04
1.041620802049154190e+04
1.041821801978456642e+04
1.042013369068474276e+04
1.042196905019469887e+04
1.042389397595853006e+04
1.042561723378832539e+04
1.042706985398231518e+04
1.042858092487115209e+04
1.043002556502811422e+04
1.043131801720254589e+04
1.043242791918048897e+04
1.043358305427317464e+04
1.043484416696473090e+04
1.043612219935287976e+04
1.043743372149062816e+04
1.043859465685760551e+04
1.043961676299632745e+04
1.044053289742712514e+04
1.044130381691311595e+04
1.044198326143773738e+04
1.044269409151354557e+04
1.044325013836955077e+04
1.044387780517498868e+04
1.044441321783238709e+04
1.044477992459963752e+04
1.044510273989018242e+04
1.044533798760374702e+04
1.044537853235296279e+04
1.044540407424626028e+04
1.044531999011991684e+04
1.044528256966196568e+04
1.044507583346442334e+04
1.044481865259489678e+04
1.044451487940141124e+04
1.044437538498249887e+04
1.044431674549365198e+04
1.044432942341152011e+04
1.044441926300526029e+04
1.044448462665140323e+04
1.044457049087155065e+04
1.044475355369847966e+04
1.044480784588716597e+04
1.044476232553442969e+04
1.044466408158660124e+04
1.044454849236348127e+04
1.044441859938311609e+04
1.044416396368499773e+04
1.044372604459343711e+04
1.044337264261601013e+04
1.044315912949065023e+04
1.044303280868045476e+04
1.044297210915430151e+04
1.044307856969429849e+04
1.044314997952164413e+04
1.044325906006293735e+04
1.044347109409529367e+04
1.044376476193743474e+04
1.044399829060932643e+04
1.044450785260954035e+04
1.044505440417948012e+04
1.044543756862051669e+04
1.044560343938687038e+04
1.044586634454367595e+04
1.044616330430835296e+04
1.044650347392036383e+04
1.044687220183406862e+04
1.044735065896440756e+04
1.044785361214254590e+04
1.044829916641472664e+04
1.044851311266061930e+04
1.044850681871402594e+04
1.044853085866650690e+04
1.044853430394849238e+04
1.044869596305108462e+04
1.044883300647831129e+04
1.044892841312559904e+04
1.044901384127686833e+04
1.044905287052291169e+04
1.044910019929655937e+04
1.044928300759156082e+04
1.044945103947920870e+04
1.044981103329854159e+04
1.045021116775564587e+04
1.045070733067291803e+04
1.045126858429732420e+04
1.045207244367394560e+04
1.045296047169052326e+04
1.045397178490695842e+04
1.045510461374743136e+04
1.045651025137007127e+04
1.045800971911540910e+04
1.045971364177970099e+04
1.046154768294660244e+04
1.046325489400666811e+04
1.046487519885978872e+04
1.046652311980889135e+04
1.046813354237753447e+04
1.046950224615893239e+04
1.047073341355647244e+04
1.047187698299131625e+04
1.047304282429039813e+04
1.047421708496483916e+04
1.047531227036100790e+04
1.047644965616484478e+04
1.047759461514365466e+04
1.047884245804615057e+04
1.048006006400968181e+04
1.048117756356781319e+04
1.048227523728493361e+04
1.048318734247999782e+04
1.048394102492874663e+04
1.048462844271948961e+04
1.048515461910959493e+04
1.048562395661442679e+04
1.048583454601023004e+04
1.048603176756144603e+04
1.048618203149361943e+04
1.048632846740377681e+04
1.048654804953067833e+04
1.048673644924566179e+04
1.048706010485602201e+04
1.048754762188492532e+04
1.048815641557541676e+04
1.048901299289917370e+04
1.049007531849390216e+04
1.049089113662981072e+04
1.049161242462616974e+04
1.049220454596087075e+04
1.049271129093505078e+04
1.049303972214677742e+04
1.049349573808661080e+04
1.049384077427528246e+04
1.049422273335325917e+04
1.049446288186330821e+04
1.049441089415998431e+04
1.049428811223178127e+04
1.049394932929412244e+04
1.049354729014684017e+04
1.049287974389939518e+04
1.049206866422826533e+04
1.049119050431357209e+04
1.049049992612756978e+04
1.048974457370399068e+04
1.048902147792965843e+04
1.048827613359477436e+04
1.048764906259483359e+04
1.048694657392307272e+04
1.048625331758066204e+04
1.048539371333476629e+04
1.048446806057758840e+04
1.048353197777075002e+04
1.048251806958046473e+04
1.048133324488933977e+04
1.048003806853311107e+04
1.047867196711015640e+04
1.047732853428063027e+04
1.047614032541142478e+04
1.047470586863338940e+04
1.047323631760972603e+04
1.047152847197319716e+04
1.046960802577194409e+04
1.046736041200266845e+04
1.046483458185713971e+04
1.046233665002700218e+04
1.045991915741863704e+04
1.045731762349119890e+04
1.045464868806858067e+04
1.045171781838823881e+04
1.044863870301318457e+04
1.044533185399468493e+04
1.044167718200978015e+04
1.043775812220722401e+04
1.043350361126049393e+04
1.042925661802360446e+04
1.042521986263506187e+04
1.042098938471342626e+04
1.041656359666488606e+04
1.041188396782215568e+04
1.040728270209761649e+04
1.040262310819212871e+04
1.039777366389763120e+04
1.039277619690795291e+04
1.038769538929406554e+04
1.038235197183893615e+04
1.037677948165998350e+04
1.037099138472018240e+04
1.036499641648672150e+04
1.035880051075203664e+04
1.035245028484989052e+04
1.034600221328193948e+04
1.033947219726549883e+04
1.033303687701939452e+04
1.032660341138093281e+04
1.032006645871944784e+04
1.031330835848613424e+04
1.030633801209706871e+04
1.029923667599385772e+04
1.029194887866416320e+04
1.028434438895198946e+04
1.027657176361291204e+04
1.026850321824152343e+04
1.026013484897471972e+04
1.025166544723518564e+04
1.024300992416372719e+04
1.023403808081339412e+04
1.022486528272290525e+04
1.021568614990776950e+04
1.020653103297938651e+04
1.019729913016467435e+04
1.018795348529073635e+04
1.017835875144932288e+04
1.016872464540587134e+04
1.015873525307590899e+04
1.014840066020706945e+04
1.013799860648725007e+04
1.012737944974387210e+04
1.011650518845843544e+04
1.010549837719879179e+04
1.009432907778076333e+04
1.008295699888515446e+04
1.007153666224176777e+04
1.006005591975890457e+04
1.004855806990693782e+04
1.003709913827011587e+04
1.002579418797778089e+04
1.001422694746476554e+04
1.000234850584227388e+04
9.990380783507078377e+03
9.978157380184244175e+03
9.965728667023091475e+03
9.953098746161076633e+03
9.940289460551010052e+03
9.927444766036662259e+03
9.914618136501943809e+03
9.901613062902330057e+03
9.888503036817581233e+03
9.875181776129114951e+03
9.861527220777283219e+03
9.847650731311090567e+03
9.833547192472373354e+03
9.819289788006621166e+03
9.804887734652565996e+03
9.790379491858444453e+03
9.775644965424768088e+03
9.760834212542049499e+03
9.746068710644203748e+03
9.731182720222672287e+03
9.716029308763043446e+03
9.700696854765606986e+03
9.685344765604591885e+03
9.669925820612372263e+03
9.654652756278530433e+03
9.639266294733633913e+03
9.623705247674510247e+03
9.608182670434243846e+03
9.592677416168658965e+03
9.577347223719385511e+03
9.562068244827096350e+03
9.546630096058011986e+03
9.530948238312506874e+03
9.515075889802370511e+03
9.499149817481011269e+03
9.483078791094058033e+03
9.466809541047052335e+03
9.450504122141217522e+03
9.434159207796419651e+03
9.417481650063115012e+03
9.400749278762452377e+03
9.383832418309502827e+03
9.366672165563195449e+03
9.349332407140251235e+03
9.331975116935731421e+03
9.314746500771767387e+03
9.297372795361021417e+03
9.279974218981446029e+03
9.262702033794632371e+03
9.245549852854750497e+03
9.228377768544056380e+03
9.211216003287037893e+03
9.194172260069743061e+03
9.177126232788370544e+03
9.160178802061203896e+03
9.143268582606222481e+03
9.126275904035650456e+03
9.109267855669861092e+03
9.092219425201707054e+03
9.075300144533252023e+03
9.058371011430779618e+03
9.041396315317657354e+03
9.024441025494314090e+03
9.007275918693816493e+03
8.989925769444324033e+03
8.972500574022151341e+03
8.955066366195967930e+03
8.937718096641941884e+03
8.920497004801150979e+03
8.903396752558172011e+03
8.886284599258899107e+03
8.869189104527365998e+03
8.851917903693847620e+03
8.834603232359648246e+03
8.817161713012559630e+03
8.799537808425482581e+03
8.781910321875871887e+03
8.764558384143536387e+03
8.747230281099617059e+03
8.729758645751164295e+03
8.712268848829022318e+03
8.694765989213039575e+03
8.677172740313251779e+03
8.659464484066727891e+03
8.641676119894160365e+03
8.623907819313646542e+03
8.606243508495788774e+03
8.588741559204958321e+03
8.571096920309142661e+03
8.553451236119504756e+03
8.535719242652130561e+03
8.517965804543429840e+03
8.500353648694021103e+03
8.482775946676265448e+03
8.465106242145504439e+03
8.447682648339752632e+03
8.430109871703505632e+03
8.412399448624162687e+03
8.394459886048833141e+03
8.376415021227210673e+03
8.358398457827759557e+03
8.340397048424902096e+03
8.322356645970095997e+03
8.304219384102660115e+03
8.286034021837504042e+03
8.267949718078913065e+03
8.249914165413616502e+03
8.231882536400260506e+03
8.213905226379069063e+03
8.195961901944123383e+03
8.177826367657167793e+03
8.159578435759095555e+03
8.141221470557010434e+03
8.122675882276005723e+03
8.104112555252755556e+03
8.085568770264429986e+03
8.066961749905598481e+03
8.048491177012619119e+03
8.030097684279871828e+03
8.011633059301600952e+03
7.993069643862806515e+03
7.974466622941583410e+03
7.955882445484186064e+03
7.937336448859196935e+03
7.918728355133362129e+03
7.899986443554515063e+03
7.881201710417070899e+03
7.862263008927431656e+03
7.843124030172467428e+03
7.824065577417585700e+03
7.805008296647814859e+03
7.785890643130160242e+03
7.766884870677573417e+03
7.747950235987187625e+03
7.728940535103589355e+03
7.709862933193136087e+03
7.690820450645913297e+03
7.671921116919572341e+03
7.653021918874661424e+03
7.634226288821902926e+03
7.615370103188825851e+03
7.596541633318027380e+03
7.577769942197171076e+03
7.558970584768606386e+03
7.540247673082158144e+03
7.521471399191860655e+03
7.502681365552995885e+03
7.483772458882956016e+03
7.464813092493038312e+03
7.445820923125987065e+03
7.426743575127220538e+03
7.407595258199971795e+03
7.388262846602615355e+03
7.368893832664816728e+03
7.349636311377598759e+03
7.330311234163930749e+03
7.310884365049865664e+03
7.291372385170269808e+03
7.271871206691267616e+03
7.252189907637134638e+03
7.232581641993269841e+03
7.212957328866152238e+03
7.193346590473651304e+03
7.173694935857918608e+03
7.154092540073361306e+03
7.134546644929891045e+03
7.114981551478842448e+03
7.095529596910837427e+03
7.075958200666961602e+03
7.056263621445961689e+03
7.036605984330034516e+03
7.016917740717439301e+03
6.997315874889593033e+03
6.977676106814783452e+03
6.957995896035405167e+03
6.938132880995568485e+03
6.918272438111091105e+03
6.898422344591310321e+03
6.878523122972243982e+03
6.858640663406856220e+03
6.838814427220034304e+03
6.818990000724324091e+03
6.799123486433058133e+03
6.779386346752893587e+03
6.759868936280705384e+03
6.740339193323829022e+03
6.720820210901414612e+03
6.701198540396982025e+03
6.681564000715977272e+03
6.661975423385266367e+03
6.642366492037604075e+03
6.622734415067138798e+03
6.603188609731407269e+03
6.583569027260267831e+03
6.564222588890025690e+03
6.545143562402939097e+03
6.525924048411396143e+03
6.506610965361735907e+03
6.487168582062997302e+03
6.467752431969210193e+03
6.448372874113185389e+03
6.429210879823538562e+03
6.410164601147063877e+03
6.391462578593669605e+03
6.372767312832730568e+03
6.354188402968608898e+03
6.335610407222990943e+03
6.316987716416835610e+03
6.298499206003249128e+03
6.280185410249612687e+03
6.262025167458000396e+03
6.243916942498653043e+03
6.225756189122658725e+03
6.207644619632147624e+03
6.189463706329275738e+03
6.171179572690794885e+03
6.152923889947099269e+03
6.134821426768127822e+03
6.116688925736667443e+03
6.098422210888093105e+03
6.080186459634041967e+03
6.061890114823446311e+03
6.043512140023942266e+03
6.025235408964334965e+03
6.006900834544027020e+03
5.988476294336904175e+03
5.970046724161130442e+03
5.951626041098143105e+03
5.933101094681723225e+03
5.914660139611043633e+03
5.896495306211576462e+03
5.878513166265146538e+03
5.860735211186612105e+03
5.843008811588340905e+03
5.825328323142933186e+03
5.807601431886291721e+03
5.790059275243414049e+03
5.772676051983732577e+03
5.755488183129559729e+03
5.738426143464470442e+03
5.721389416558803532e+03
5.704399808255214339e+03
5.687403732116247738e+03
5.670436107392894883e+03
5.653576156761821039e+03
5.636896152669201911e+03
5.620507814509749551e+03
5.604313048475330106e+03
5.587965944655921703e+03
5.571557856888828610e+03
5.555176240037959360e+03
5.538804336377281288e+03
5.522469868088784096e+03
5.506252493768589375e+03
5.490069226684701789e+03
5.474087139567782287e+03
5.458171381600145651e+03
5.442351069289794395e+03
5.426498757405918695e+03
5.410685194710341420e+03
5.394820962458148642e+03
5.379110360392312941e+03
5.363492848850413793e+03
5.347907102505453622e+03
5.332355388907019005e+03
5.316857567775694406e+03
5.301369645934118125e+03
5.285876024189161399e+03
5.270476030893627467e+03
5.255103153383684912e+03
5.239878042807032216e+03
5.224752272516136145e+03
5.209736930846728683e+03
5.194827469408606703e+03
5.179907246565023343e+03
5.164935175161253937e+03
5.150097653520913809e+03
5.135366018585596976e+03
5.120824544704995787e+03
5.106476656697838735e+03
5.092334667177705342e+03
5.078271937782464192e+03
5.064292745171548631e+03
5.050322879768016719e+03
5.036409461783318875e+03
5.022438449554892031e+03
5.008446561645478141e+03
4.994451984885417914e+03
4.980507748261627057e+03
4.966656805565886316e+03
4.953255811326961521e+03
4.940101800658774664e+03
4.927127193920739956e+03
4.914289647562315622e+03
4.901442590845794257e+03
4.888578910965632531e+03
4.875775507220306281e+03
4.863066848157392087e+03
4.850455123541061766e+03
4.837891400194890593e+03
4.825320565199362136e+03
4.812821025384538189e+03
4.800401801722769960e+03
4.787921294676229081e+03
4.775428394309711621e+03
4.763008395003033911e+03
4.750759242954353795e+03
4.738657992266560541e+03
4.726700103231374669e+03
4.714857068973928108e+03
4.702983447636317578e+03
4.691121291739445951e+03
4.679465772019111682e+03
4.668015598039424731e+03
4.656661276539512983e+03
4.645457476695499281e+03
4.634289630715958992e+03
4.623337413383525018e+03
4.612541122528488813e+03
4.601885623808640048e+03
4.591399228572191532e+03
4.581079373180888069e+03
4.570874323283317608e+03
4.560682621522595582e+03
4.550556687821104788e+03
4.540384118052066697e+03
4.530241329432145903e+03
4.520107714576815852e+03
4.510051211992497883e+03
4.500198308626383550e+03
4.490478930470413616e+03
4.481003198129994416e+03
4.471687388773129896e+03
4.462451066515648563e+03
4.453323368194988689e+03
4.444283767912386793e+03
4.435324413438025658e+03
4.426471832887409619e+03
4.417706248906531073e+03
4.409007017470109531e+03
4.400422550344405863e+03
4.391889022007747371e+03
4.383475660328068443e+03
4.375192952811891701e+03
4.366994329985401237e+03
4.358903142515563559e+03
4.350884927907842211e+03
4.343054375065936256e+03
4.335425600328744622e+03
4.328004558996537526e+03
4.320705554768177535e+03
4.313471812507874347e+03
4.306319410836195857e+03
4.299185610116559474e+03
4.292071621677298026e+03
4.285154463690488228e+03
4.278370130043244899e+03
4.271733949584729999e+03
4.265352399882641294e+03
4.259216703501985648e+03
4.253267082669161937e+03
4.247491484525200576e+03
4.241895112428059292e+03
4.236468191420231051e+03
4.231113459364964910e+03
4.225959778584536252e+03
4.220913775684987741e+03
4.216113518858855059e+03
4.211531683053666711e+03
4.207119393178774772e+03
4.202809653335301846e+03
4.198637113692505409e+03
4.194689649320170247e+03
4.190847249074841784e+03
4.186982676037290730e+03
4.183167486255214499e+03
4.179598943954489187e+03
4.176252053536190942e+03
4.173014000510565893e+03
4.170081417859855719e+03
4.167442782189194077e+03
4.164962595629232055e+03
4.162592182195975511e+03
4.160325890948364759e+03
4.158195382459682151e+03
4.156187767116644864e+03
4.154355547690839558e+03
4.152643663776065296e+03
4.151104984115461775e+03
4.149770939051592904e+03
4.148566324995574178e+03
4.147508376628332371e+03
4.146635336340459617e+03
4.145848927228490538e+03
4.145180176188121550e+03
4.144607814450987462e+03
4.144280753036834540e+03
4.144211859028770959e+03
4.144216476118162973e+03
4.144457316874623757e+03
4.144852647436629923e+03
4.145405359803350620e+03
4.146165918012991824e+03
4.147086575256998003e+03
4.148209228819634518e+03
4.149402265246279967e+03
4.150673876042701522e+03
4.152108331643443307e+03
4.153641617688350379e+03
4.155316231953112947e+03
4.157055637045638832e+03
4.158909382058335723e+03
4.160847748148747087e+03
4.162910272724474453e+03
4.165079092306163147e+03
4.167469403631618661e+03
4.169966689424172728e+03
4.172616958842011627e+03
4.175318913000424800e+03
4.178051046827851678e+03
4.180848990332376161e+03
4.183786547725362652e+03
4.186889997498986304e+03
4.190150312429128462e+03
4.193483239520610368e+03
4.196890234251270158e+03
4.200385991652567100e+03
4.203989996435341709e+03
4.207725533501445170e+03
4.211554123036983583e+03
4.215424562351045097e+03
4.219302454846580986e+03
4.223231334427536240e+03
4.227266912628356295e+03
4.231363802280155141e+03
4.235446887774591232e+03
4.239572670589473091e+03
4.243742420720870541e+03
4.248038106304637950e+03
4.252579666119476315e+03
4.257112118323044342e+03
4.261602365004480816e+03
4.266170985568794094e+03
4.270852899204173809e+03
4.275543165026128008e+03
4.280254960162862517e+03
4.285062728948746553e+03
4.289899523223554752e+03
4.294667819360302019e+03
4.299481748799837987e+03
4.304408833728137324e+03
4.309382999826198102e+03
4.314381478280221927e+03
4.319380173896616725e+03
4.324366928193284366e+03
4.329394643589132102e+03
4.334433151917261057e+03
4.339448664057819769e+03
4.344388686300600966e+03
4.349320756065215392e+03
4.354192409589560157e+03
4.359029627806366989e+03
4.363814949541054375e+03
4.368575863785457841e+03
4.373384701026054245e+03
4.378217496516730534e+03
4.383079757222938497e+03
4.387944845890338001e+03
4.392789300365387135e+03
4.397573317321085597e+03
4.402307282145821773e+03
4.407048652978200153e+03
4.411711485125257241e+03
4.416287771053614961e+03
4.420805434254853935e+03
4.425379465844415790e+03
4.429902225204068600e+03
4.434404556970695921e+03
4.438894717089342521e+03
4.443355379116908807e+03
