2.158301061501422737e+03
2.158279170618009175e+03
2.158248774846821561e+03
2.158237785294885725e+03
2.158226137227677100e+03
2.158217475421854488e+03
2.158190664784763158e+03
2.158145450745242670e+03
2.158091267967920430e+03
2.158061543459050881e+03
2.158029532821307839e+03
2.157994776078388441e+03
2.157940377355793771e+03
2.157857106989090425e+03
2.157741730595168519e+03
2.157610612348667019e+03
2.157454577869475997e+03
2.157295760731923110e+03
2.157143886164795276e+03
2.156980655669818134e+03
2.156813115538855527e+03
2.156722317538618881e+03
2.156635379056041529e+03
2.156584904135130273e+03
2.156562539834696054e+03
2.156548624835091687e+03
2.156502608610441712e+03
2.156497090812447368e+03
2.156511371523159141e+03
2.156495463750165072e+03
2.156489849512347519e+03
2.156489052130842992e+03
2.156458466625717847e+03
2.156397083157653924e+03
2.156314638314881449e+03
2.156230178456503381e+03
2.156117907735659628e+03
2.155971493507605373e+03
2.155796139499564106e+03
2.155602173753651186e+03
2.155429532044960524e+03
2.155252438206608531e+03
2.155087332691917254e+03
2.154924093766139777e+03
2.154765302351753235e+03
2.154595934098992984e+03
2.154447883305752384e+03
2.154316003101829210e+03
2.154154118685910362e+03
2.153991594948274724e+03
2.153799992401994132e+03
2.153577287004689879e+03
2.153346275790158870e+03
2.153163940603874835e+03
2.153053665018344873e+03
2.152953334967557112e+03
2.152852192136557733e+03
2.152764377554508428e+03
2.152664671058896602e+03
2.152538449131985089e+03
2.152406715310606160e+03
2.152265809603774414e+03
2.152153526825444715e+03
2.152003060965942950e+03
2.151854001337891532e+03
2.151695634220238389e+03
2.151578579010959857e+03
2.151456145617044967e+03
2.151301234034706795e+03
2.151134670619067947e+03
2.150921213548938795e+03
2.150664948062929852e+03
2.150382551410987162e+03
2.150080566110788823e+03
2.149777763696892180e+03
2.149501579059528012e+03
2.149273879520131231e+03
2.149089280620331920e+03
2.148946350234642523e+03
2.148845611879231456e+03
2.148828983719043208e+03
2.148859737323254194e+03
2.148932462710513391e+03
2.149028268776907680e+03
2.149147097956885318e+03
2.149262094393913685e+03
2.149333007324139089e+03
2.149360187161865724e+03
2.149379095788719496e+03
2.149425727627387460e+03
2.149461911324228822e+03
2.149461295857060577e+03
2.149428935044759328e+03
2.149404266274560541e+03
2.149367639678783689e+03
2.149349063576024946e+03
2.149380506764511665e+03
2.149454666446495139e+03
2.149607163855364433e+03
2.149858155692486434e+03
2.150149505999049779e+03
2.150466787794675838e+03
2.150752334807309126e+03
2.151006338614028209e+03
2.151219762265994177e+03
2.151395570755971221e+03
2.151600666830130649e+03
2.151856168884813997e+03
2.152134924429107741e+03
2.152461571885089597e+03
2.152903130818094724e+03
2.153330127860505854e+03
2.153731385748528737e+03
2.154205673099866544e+03
2.154737863912353077e+03
2.155235968023473106e+03
2.155733348459310491e+03
2.156274836777363817e+03
2.156814579431688799e+03
2.157372359954886633e+03
2.157961654696141068e+03
2.158580866006383530e+03
2.159267086387151267e+03
2.159963022246960918e+03
2.160637686493596902e+03
2.161351772677980534e+03
2.162108848172318176e+03
2.162908861631742639e+03
2.163714375377669057e+03
2.164546166619387805e+03
2.165405990937504612e+03
2.166272542758179043e+03
2.167134929139613632e+03
2.167974268529315850e+03
2.168806455041130903e+03
2.169692402394750388e+03
2.170649198718102525e+03
2.171670830836161713e+03
2.172759933409900441e+03
2.173914247620558399e+03
2.175096361759986394e+03
2.176324214823357579e+03
2.177560814065690010e+03
2.178797573727616964e+03
2.180147024569138011e+03
2.181589342718698845e+03
2.183091160151772783e+03
2.184581764338426183e+03
2.186057535184240805e+03
2.187527253899246716e+03
2.189057771081008468e+03
2.190635214139982054e+03
2.192266502617459082e+03
2.194023224864051372e+03
2.195781208951528697e+03
2.197588905795441406e+03
2.199419834972149602e+03
2.201232339332995252e+03
2.203107755687347890e+03
2.205158017092220689e+03
2.207239953056805007e+03
2.209444979163485186e+03
2.211740168532759526e+03
2.214053798352244939e+03
2.216423799303976921e+03
2.218849035360776725e+03
2.221363142925801185e+03
2.223918379482995988e+03
2.226499843966524168e+03
2.229117872941706082e+03
2.231801408468450973e+03
2.234534237108344314e+03
2.237329164674859840e+03
2.240135106044018357e+03
2.242982379231340019e+03
2.245876374034428409e+03
2.248859061748357817e+03
2.251928753196472826e+03
2.255056772264872961e+03
2.258165951063848752e+03
2.261265342294766924e+03
2.264385959127866045e+03
2.267543235671707407e+03
2.270660763623638559e+03
2.273740749975559083e+03
2.276798673608269382e+03
2.279859749991679564e+03
2.282963357429497592e+03
2.286076540777747141e+03
2.289188070354026422e+03
2.292357135209766966e+03
2.295521023578441600e+03
2.298827749715749633e+03
2.302263345509396459e+03
2.305694892347904897e+03
2.309120365158174081e+03
2.312606810274446161e+03
2.316062355921655580e+03
2.319492858316481943e+03
2.322998442997385609e+03
2.326498698552055430e+03
2.330016037800371123e+03
2.333613676041268263e+03
2.337155757539848310e+03
2.340692168662075801e+03
2.344173820998088559e+03
2.347617909420664546e+03
2.351037070277175644e+03
2.354415897125771153e+03
2.357747978843783585e+03
2.361152139171878389e+03
2.364515030281547297e+03
2.367878876745297021e+03
2.371167048090863318e+03
2.374484007471382938e+03
2.377831380106654706e+03
2.381229431526222015e+03
2.384771907885120527e+03
2.388396839191777872e+03
2.392019816602726678e+03
2.395594172270820309e+03
2.399085946257049727e+03
2.402527148268408382e+03
2.405992044506983348e+03
2.409491586262774035e+03
2.413025683113247396e+03
2.416495853626428016e+03
2.419971895568809487e+03
2.423461710698128627e+03
2.426986169204603357e+03
2.430424819636786196e+03
2.433769614853682015e+03
2.437040800399462569e+03
2.440215142564589314e+03
2.443303873980910794e+03
2.446320410281888144e+03
2.449305003281948302e+03
2.452201742333816583e+03
2.455031746050573929e+03
2.457875620602559593e+03
2.460738991486853593e+03
2.463638534504540075e+03
2.466466000181536401e+03
2.469214089433891786e+03
2.471892693859201245e+03
2.474517017291533193e+03
2.477068443579095856e+03
2.479546667373956552e+03
2.481954641442861885e+03
2.484276438609737397e+03
2.486510357738866333e+03
2.488774920200015004e+03
2.491063952443334529e+03
2.493291581720291106e+03
2.495412880463456077e+03
2.497427669990537652e+03
2.499389515460960411e+03
2.501312577813043390e+03
2.503235231281891174e+03
2.505178761266119182e+03
2.507046661519902955e+03
2.508779177673235154e+03
2.510374821201683517e+03
2.511859191249082414e+03
2.513322903669042717e+03
2.514728562056391183e+03
2.516077251482631254e+03
2.517318720381861112e+03
2.518518303806220047e+03
2.519674715426340299e+03
2.520842580048930358e+03
2.521885595738565826e+03
2.522820222607512278e+03
2.523700145366106881e+03
2.524588962521790563e+03
2.525544138831839518e+03
2.526528113424762523e+03
2.527464941453225492e+03
2.528325630368434304e+03
2.529108143198424841e+03
2.529866093849056597e+03
2.530715405490072044e+03
2.531582463937425928e+03
2.532458688110197272e+03
2.533250946200436374e+03
2.533949020377107445e+03
2.534520631466462874e+03
2.535082053289054784e+03
2.535647253776037815e+03
2.536235994692686290e+03
2.536742038005385893e+03
2.537203673395567876e+03
2.537643084934079525e+03
2.538055737212566328e+03
2.538463703207203253e+03
2.538868240226785474e+03
2.539164813839694034e+03
2.539435743170460228e+03
2.539703738063047695e+03
2.539929114675372148e+03
2.540129005617296571e+03
2.540318046275785491e+03
2.540493465350814404e+03
2.540772444854549121e+03
2.541050451336932383e+03
2.541280392904962355e+03
2.541488203877273463e+03
2.541739544583350835e+03
2.542040186864444877e+03
2.542438681961193652e+03
2.542817074919625156e+03
2.543108043446193278e+03
2.543341052544084960e+03
2.543506052751762581e+03
2.543696961174493936e+03
2.543860140090228924e+03
2.544023881085205176e+03
2.544186528451134109e+03
2.544407959893895168e+03
2.544662161806370932e+03
2.544964802628416692e+03
2.545239292712558381e+03
2.545636540533847437e+03
2.546129103622743969e+03
2.546716255494073266e+03
2.547353915852431783e+03
2.547950272262780345e+03
2.548526028984577806e+03
2.549054139877903253e+03
2.549529816130562722e+03
2.549968646179507232e+03
2.550468586418247924e+03
2.551012225146707351e+03
2.551560690369272834e+03
2.552239883420797923e+03
2.552917665333583955e+03
2.553524171598460271e+03
2.554210145002914032e+03
2.554912390832292658e+03
2.555581763048738139e+03
2.556217123499071931e+03
2.556934331277990623e+03
2.557742991079719104e+03
2.558543546008214435e+03
2.559409873055578828e+03
2.560362194891653417e+03
2.561386203914327780e+03
2.562555982263113037e+03
2.563886348926755090e+03
2.565225733150900396e+03
2.566525920824413333e+03
2.567814789037328410e+03
2.569071266642062255e+03
2.570237972031597110e+03
2.571405151243834553e+03
2.572612990268950853e+03
2.573881961152888834e+03
2.575111148742706064e+03
2.576339201279152803e+03
2.577567134812010408e+03
2.578829153767612752e+03
2.580108569567561972e+03
2.581439181448829004e+03
2.582790215980148787e+03
2.584188754107377008e+03
2.585546758983557993e+03
2.586893513225592869e+03
2.588194951935584413e+03
2.589464393044080680e+03
2.590862246358942684e+03
2.592262746740997500e+03
2.593652151194870385e+03
2.595038717339405594e+03
2.596372773684298409e+03
2.597729246803412025e+03
2.599195658647402524e+03
2.600669472226768448e+03
2.602131584961797671e+03
2.603645551212861392e+03
2.605094737241823168e+03
2.606615987481242882e+03
2.608068330722182964e+03
2.609424909879381630e+03
2.610770140660495599e+03
2.612108187381747030e+03
2.613334564226019211e+03
2.614504478466385535e+03
2.615602371659299479e+03
2.616661466573305461e+03
2.617659132319015953e+03
2.618569323209881986e+03
2.619360055782090967e+03
2.620161125458281276e+03
2.621004115777454899e+03
2.621760918179132659e+03
2.622466528724693489e+03
2.623186941344988554e+03
2.623863476189326320e+03
2.624440094119298010e+03
2.625059970855979373e+03
2.625630604135913927e+03
2.626235144005957409e+03
2.626804918943363191e+03
2.627377925393317128e+03
2.627933913781653246e+03
2.628586490398615751e+03
2.629200159312010328e+03
2.629693983732259767e+03
2.630047453059703003e+03
2.630418326369505394e+03
2.630774624169796425e+03
2.631021295085663496e+03
2.631262383538667109e+03
2.631509331661253782e+03
2.631642114665330610e+03
2.631756388899529611e+03
2.631890650687929337e+03
2.631945327393777006e+03
2.631876376602453092e+03
2.631730853714145269e+03
2.631561402806438764e+03
2.631426872187537356e+03
2.631276673064392980e+03
2.631092887396022888e+03
2.630852476376514460e+03
2.630551631804204590e+03
2.630167583594206917e+03
2.629692399142456452e+03
2.629108426119465548e+03
2.628439806249723006e+03
2.627670927164666864e+03
2.626817564107439466e+03
2.625932829611363559e+03
2.625053257236793797e+03
2.624195933728707132e+03
2.623318693970009917e+03
2.622397884693686137e+03
2.621387062783274814e+03
2.620374848422302875e+03
2.619273515171456438e+03
2.618144421840848736e+03
2.616882171414585173e+03
2.615525399666879821e+03
2.614058048539588526e+03
2.612491292460094883e+03
2.610867510076956933e+03
2.609239154489594966e+03
2.607521986170916534e+03
2.605850059914060694e+03
2.604190994059695186e+03
2.602463027371240059e+03
2.600773368013674826e+03
2.599135719481270371e+03
2.597500439869990259e+03
2.595887312008438585e+03
2.594197105029088561e+03
2.592487565129054019e+03
2.590726776357602375e+03
2.588934998525723131e+03
2.587148837826073759e+03
2.585404354724432324e+03
2.583620704951420521e+03
2.581831488823850577e+03
2.580004043788323088e+03
2.578148607773046024e+03
2.576331636504032758e+03
2.574458110611719349e+03
2.572496466007881281e+03
2.570532937671066975e+03
2.568538511933550581e+03
2.566547885276070247e+03
2.564555618540277464e+03
2.562650905246027833e+03
2.560751059751452885e+03
2.558879255434375409e+03
2.557087943022023410e+03
2.555326207297238852e+03
2.553513432316404760e+03
2.551706258507553684e+03
2.549813152988877846e+03
2.547978276649070722e+03
2.546168586512747879e+03
2.544429897361369513e+03
2.542643103997777416e+03
2.540760128174436886e+03
2.538819928447631355e+03
2.536777549779265428e+03
2.534783817093105426e+03
2.532698890269796721e+03
2.530532006823109441e+03
2.528344055350631606e+03
2.526052044621817913e+03
2.523819852517708568e+03
2.521672857466078767e+03
2.519535564910221183e+03
2.517337475496661682e+03
2.515132661066860237e+03
2.512911281123811932e+03
2.510811959541771557e+03
2.508730001408343924e+03
2.506579036057637495e+03
2.504398969955959728e+03
2.502265708825078036e+03
2.500133639827242405e+03
2.497990548190128720e+03
2.495757152701320592e+03
2.493586577364788354e+03
2.491452021019005770e+03
2.489361409402502431e+03
2.487242798901324022e+03
2.485121626756531441e+03
2.482942057636733807e+03
2.480652371391859560e+03
2.478240130033337209e+03
2.475771311995674296e+03
2.473312227437041656e+03
2.470867611832063631e+03
2.468550635276422327e+03
2.466271991977821017e+03
2.464029164203749133e+03
2.461849707998668237e+03
2.459754583964186168e+03
2.457729266356170228e+03
2.455746300791179237e+03
2.453832223982010419e+03
2.451857481035126511e+03
2.449865195408910040e+03
2.447992521839800247e+03
2.446084139785321895e+03
2.444093945883554170e+03
2.442227805474370143e+03
2.440406585482183345e+03
2.438533007238135724e+03
2.436650238678852020e+03
2.434771040163259386e+03
2.432878558901439646e+03
2.430906480059019486e+03
2.428933841086223310e+03
2.426955023976286611e+03
2.424999548600976595e+03
2.423065399576158597e+03
2.421114817494742965e+03
2.419092784735556052e+03
2.416981401765513965e+03
2.414830668788936237e+03
2.412664288943533847e+03
2.410413824387969726e+03
2.408115260075629521e+03
2.405770474326273870e+03
2.403397250077281569e+03
2.401010832558060429e+03
2.398563353039315189e+03
2.396038572424596168e+03
2.393495304193937955e+03
2.391033892165731231e+03
2.388552049282693588e+03
2.386016517259538432e+03
2.383428585190898048e+03
2.380853378044985220e+03
2.378268031738801255e+03
2.375627728214486979e+03
2.372979068949023258e+03
2.370277065622239206e+03
2.367649946607213678e+03
2.365027461730246159e+03
2.362436430922791715e+03
2.359763193237519772e+03
2.357027684010714893e+03
2.354267983365382861e+03
2.351469623624716405e+03
2.348620315224209662e+03
2.345734258693416905e+03
2.342855382371871201e+03
2.339872261224093563e+03
2.336882409306932459e+03
2.334026455741673090e+03
2.331184338140566979e+03
2.328296919104478548e+03
2.325426233050579867e+03
2.322448803992795547e+03
2.319448112633941946e+03
2.316437521342600121e+03
2.313340056902164179e+03
2.310196617848328060e+03
2.307080983053671844e+03
2.303905330304179188e+03
2.300584323701553330e+03
2.297235261141699993e+03
2.293846343404515210e+03
2.290486698050002815e+03
2.287127196285102400e+03
2.283779166549501952e+03
2.280460280923604842e+03
2.277056052396699670e+03
2.273572669803419558e+03
2.270107767497818259e+03
2.266555878206595025e+03
2.262855890215015734e+03
2.259136631046561888e+03
2.255473858455187838e+03
2.251856675082831771e+03
2.248211723833387623e+03
2.244572760916988045e+03
2.240890051686144943e+03
2.237090963086613556e+03
2.233269967776109297e+03
2.229373582939506377e+03
2.225420999262556506e+03
2.221472912176673162e+03
2.217491806074455781e+03
2.213440776637088220e+03
2.209342419528004029e+03
2.205147462632141469e+03
2.200933233311403001e+03
2.196669636543327215e+03
2.192303275612853668e+03
2.187903650164821556e+03
2.183543771709479188e+03
2.179131694331423205e+03
2.174616681305644306e+03
2.170100199394879837e+03
2.165509838187414061e+03
2.160843828563482930e+03
2.156139548282731084e+03
2.151393743395226920e+03
2.146647901881536200e+03
2.141859367164412106e+03
2.136962692383580361e+03
2.132042380085646982e+03
2.127086577888884676e+03
2.122094189349199041e+03
2.117064662612069696e+03
2.112010605685257815e+03
2.106929134630061526e+03
2.101841601801992510e+03
2.096820026411755407e+03
2.091890220372773911e+03
2.086980430152691497e+03
2.082057194680379325e+03
2.077076062289644142e+03
2.072044552965678122e+03
2.066933945035332727e+03
2.061822032536256302e+03
2.056656272627310500e+03
2.051502074146856103e+03
2.046300467403388666e+03
2.041033569142994338e+03
2.035810840453473702e+03
2.030526633259845767e+03
2.025165101975408788e+03
2.019799589617942274e+03
2.014457075372343979e+03
2.009164439262854103e+03
2.003890413475522564e+03
1.998643208422920679e+03
1.993471816866667041e+03
1.988395294701654393e+03
1.983363577896415336e+03
1.978345656770118921e+03
1.973273406556629197e+03
1.968154277565518441e+03
1.962970594030544362e+03
1.957725978515911038e+03
1.952434147603594283e+03
1.947099459287384434e+03
1.941774611798502747e+03
1.936447053817773394e+03
1.931146498055791426e+03
1.925798320650690357e+03
1.920534452399619340e+03
1.915221542734361492e+03
1.909849603181109387e+03
1.904523281580477033e+03
1.899299653906145522e+03
1.894130480479174821e+03
1.889004052878163975e+03
1.883922168246049978e+03
1.878757030082182609e+03
1.873520977431446227e+03
1.868197450830069101e+03
1.862887688543883087e+03
1.857663319837785821e+03
1.852485327733049644e+03
1.847336871782429625e+03
1.842224453054629521e+03
1.837053054006597904e+03
1.831881194846991775e+03
1.826627773467251018e+03
1.821385037875902299e+03
1.816172595346106846e+03
1.811013520519251642e+03
1.805847353647330237e+03
1.800651501627813104e+03
1.795476237777993674e+03
1.790264041859414192e+03
1.785055852358216271e+03
1.779851893145579652e+03
1.774557357333850405e+03
1.769379932317267730e+03
1.764265458517009847e+03
1.759290893474838413e+03
1.754276614999677804e+03
1.749304934863604785e+03
1.744323472261748975e+03
1.739481027342338848e+03
1.734654478329852736e+03
1.729857387796641888e+03
1.725046513054389379e+03
1.720207643940542084e+03
1.715338066715990635e+03
1.710463963096092812e+03
1.705584839483337191e+03
1.700678126179846458e+03
1.695762699347081707e+03
1.690856536981345016e+03
1.686046704136737162e+03
1.681245123810549785e+03
1.676475788488710805e+03
1.671685723887914719e+03
1.666877903086776541e+03
1.662043381535537492e+03
1.657198345194404283e+03
1.652337435821083773e+03
1.647529781670449438e+03
1.642771914898571595e+03
1.638081344274057528e+03
1.633342770918990936e+03
1.628582988520473464e+03
1.623866304977710570e+03
1.619178478057085613e+03
1.614496846065468389e+03
1.609880434098049591e+03
1.605259890724023307e+03
1.600641065278246515e+03
1.596171851378912606e+03
1.591663557329977948e+03
1.587132142658922248e+03
1.582644370664075268e+03
1.578153479875235462e+03
1.573731028998885449e+03
1.569440109657295579e+03
1.565135311503175672e+03
1.560800613277079719e+03
1.556391740656583352e+03
1.551957162281884393e+03
1.547559772781566153e+03
1.543169207407636350e+03
1.538843202097717040e+03
1.534571449820900853e+03
1.530328731169319781e+03
1.526106106051643110e+03
1.521864603669039298e+03
1.517715429106767715e+03
1.513592206166391634e+03
1.509487902217708324e+03
1.505346391643977995e+03
1.501139235992047816e+03
1.496875913702736852e+03
1.492638886312601471e+03
1.488368197136627259e+03
1.484046872052353592e+03
1.479709658801197293e+03
1.475302847549754460e+03
1.470837321010438700e+03
1.466401019213820746e+03
1.461913480992402128e+03
1.457393147053447137e+03
1.452936794385619578e+03
1.448530177046305198e+03
1.444161713172856707e+03
1.439779648400992983e+03
1.435506884638828751e+03
1.431260620313107438e+03
1.427069799984436486e+03
1.422976048308876898e+03
1.418921294452941538e+03
1.414824629031425275e+03
1.410743369879781085e+03
1.406645653232361383e+03
1.402712023777022978e+03
1.398755839457137427e+03
1.394915571087607532e+03
1.391125885726111164e+03
1.387396416545397187e+03
1.383720807432320271e+03
1.380145828452589967e+03
1.376564059785959216e+03
1.372961712196096869e+03
1.369342594574710347e+03
1.365720653002761310e+03
1.362080999893986018e+03
1.358503380157868150e+03
1.355013191973558150e+03
1.351610660100604491e+03
1.348255848256374520e+03
1.344848175390866345e+03
1.341430023291141879e+03
1.338018980350670972e+03
1.334724309966786905e+03
1.331424560854026140e+03
1.328135011712192409e+03
1.324897919955515590e+03
1.321660557167356274e+03
1.318470141468308157e+03
1.315388094364343488e+03
1.312295846736260728e+03
1.309213801073318336e+03
1.306244146883105941e+03
1.303286853773137864e+03
1.300300626426197596e+03
1.297264386736174856e+03
1.294242328710569154e+03
1.291237022026934255e+03
1.288248684350750864e+03
1.285252375031999009e+03
1.282364035614537443e+03
1.279508029398059080e+03
1.276645570358656414e+03
1.273895572483640308e+03
1.271203396565778576e+03
1.268527072526715074e+03
1.265918196788710702e+03
1.263314076578726144e+03
1.260717223551208235e+03
1.258118258571800197e+03
1.255516974204525468e+03
1.252904122005661065e+03
1.250280465441829392e+03
1.247648020939980825e+03
1.245053367857357898e+03
1.242540518933119074e+03
1.240104739864205840e+03
1.237696810053142144e+03
1.235377501207417254e+03
1.233116415937447073e+03
1.230931916394416021e+03
1.228825118361447494e+03
1.226802148584959241e+03
1.224784446422041356e+03
1.222757657795860723e+03
1.220728731274958363e+03
1.218830794254196007e+03
1.216958053598622882e+03
1.215045933369896829e+03
1.213111088648180157e+03
1.211184652298992660e+03
1.209336547959842392e+03
1.207592312312273862e+03
1.205924423051269741e+03
1.204323947465262336e+03
1.202747006824488835e+03
1.201180790455521446e+03
1.199567232785275792e+03
1.198029794292655652e+03
1.196535787248337783e+03
1.195055223971469786e+03
1.193581013335556918e+03
1.192150560519256260e+03
1.190773417061975579e+03
1.189435753181080599e+03
1.188117488410017813e+03
1.186873468683302463e+03
1.185693397798561364e+03
1.184515929486478854e+03
1.183370183405635998e+03
1.182186189100787942e+03
1.180965324989805140e+03
1.179716204044631240e+03
1.178486087216761689e+03
1.177223439242585073e+03
1.175960755269043148e+03
1.174714290610058015e+03
1.173489498512643650e+03
1.172314254668797503e+03
1.171154682047721963e+03
1.170054975415391027e+03
1.168933001176797916e+03
1.167830987033249130e+03
1.166747584997650620e+03
1.165687494051700924e+03
1.164721193530154324e+03
1.163792060142218816e+03
1.162954922515400995e+03
1.162135486524687167e+03
1.161322116843905178e+03
1.160527707642184851e+03
1.159829337052767869e+03
1.159166153623160426e+03
1.158477620439391103e+03
1.157762693432712695e+03
1.157016337612973302e+03
1.156270565326654378e+03
1.155581086522617170e+03
1.154914607878236438e+03
1.154227902860807717e+03
1.153582717241948558e+03
1.152976074324425326e+03
1.152362987925224843e+03
1.151768273701977705e+03
1.151169184395395177e+03
1.150611838709712629e+03
1.150053536133368425e+03
1.149483025975217515e+03
1.148904760019784590e+03
1.148342623436090662e+03
1.147822392719373511e+03
1.147362887309095186e+03
1.146953874557705603e+03
1.146572084615568201e+03
1.146234792391068822e+03
1.145906005793751092e+03
1.145621447679134690e+03
1.145376047024560876e+03
1.145176597387533548e+03
1.144988474489194232e+03
1.144791933350882346e+03
1.144584686438977769e+03
1.144352093101595983e+03
1.144093868994482136e+03
1.143818656066194308e+03
1.143587204818620648e+03
1.143345531587864116e+03
1.143095475751082631e+03
1.142855132452752514e+03
1.142682935604340173e+03
1.142543054998112439e+03
1.142407663357064848e+03
1.142245736078593154e+03
1.142060213834686010e+03
1.141848763464579633e+03
1.141635465772476891e+03
1.141504965926810883e+03
1.141417563001589770e+03
1.141319341538883691e+03
1.141229380912927354e+03
1.141124353755447373e+03
1.141034032681935059e+03
1.140946920676782383e+03
1.140910501361393472e+03
1.140885868351111185e+03
1.140882625205288832e+03
1.140873708942407120e+03
1.140836399332917608e+03
1.140764859029460240e+03
1.140729468234686919e+03
1.140730347356651464e+03
1.140725466878304587e+03
1.140747946871661043e+03
1.140762538924999262e+03
1.140816973683698052e+03
1.140854447011796765e+03
1.140886016821736575e+03
1.140946524931897329e+03
1.141054036386100051e+03
1.141186592061546207e+03
1.141304343255251297e+03
1.141423890904726704e+03
1.141516539050027859e+03
1.141614763740951730e+03
1.141696224186607651e+03
1.141755028354025171e+03
1.141795293285161051e+03
1.141826688436492987e+03
1.141916599971000323e+03
1.142035045237613986e+03
1.142183496132401160e+03
1.142298361247064577e+03
1.142454431720877437e+03
1.142588445295308247e+03
1.142751935253917054e+03
1.142893212104174381e+03
1.143073646507132935e+03
1.143254381304207982e+03
1.143420101573123247e+03
1.143610113775455602e+03
1.143816311518966813e+03
1.144039286913960950e+03
1.144247030327245284e+03
1.144433121782325998e+03
1.144605101314170270e+03
1.144780370437606962e+03
1.144941802137253035e+03
1.145091627595194495e+03
1.145243049779554894e+03
1.145398871671761299e+03
1.145547368826068805e+03
1.145681451824372061e+03
1.145812370660094530e+03
1.145951808405032807e+03
1.146075897025401900e+03
1.146195337585458901e+03
1.146296501422049005e+03
1.146396672237210396e+03
1.146490994658878662e+03
1.146573096563344734e+03
1.146670642387522093e+03
1.146778188393451273e+03
1.146926707059564933e+03
1.147082671338705040e+03
1.147230437960528661e+03
