2.714333142785844757e+04
2.714591917380573432e+04
2.714827829782279150e+04
2.715048576991366645e+04
2.715245153461807422e+04
2.715418388961525488e+04
2.715566066037643759e+04
2.715682517804919917e+04
2.715770197659989572e+04
2.715835010145407796e+04
2.715878738935243382e+04
2.715910435241165396e+04
2.715921580289611666e+04
2.715904618143124753e+04
2.715862754884249080e+04
2.715796104885053865e+04
2.715708347101934851e+04
2.715597672801361477e+04
2.715465216583773145e+04
2.715319245209417568e+04
2.715156287318242539e+04
2.714967453064404617e+04
2.714759217215691024e+04
2.714538241434931115e+04
2.714295242274136763e+04
2.714037135636591483e+04
2.713767592139892440e+04
2.713482463941631067e+04
2.713172967326404614e+04
2.712839510353328296e+04
2.712485190224686448e+04
2.712108006424440464e+04
2.711702774328075247e+04
2.711293335304008724e+04
2.710873483603088243e+04
2.710425414601721786e+04
2.709959491867561155e+04
2.709476461770647802e+04
2.708983720446486041e+04
2.708476716179656069e+04
2.707948547906266685e+04
2.707411433635245339e+04
2.706871545955436159e+04
2.706320724600631002e+04
2.705762380856054006e+04
2.705187408808393593e+04
2.704604677142278160e+04
2.704020495610985017e+04
2.703427337020846244e+04
2.702827823056294437e+04
2.702222152440180071e+04
2.701610059977992205e+04
2.700989403900744219e+04
2.700363240952480191e+04
2.699740966296359329e+04
2.699105163799872025e+04
2.698460756577290522e+04
2.697798857466073605e+04
2.697128410237599019e+04
2.696453158396144863e+04
2.695783695430400621e+04
2.695109391632076222e+04
2.694437887796504583e+04
2.693758526718663779e+04
2.693069015629161004e+04
2.692371366089531875e+04
2.691670287399701192e+04
2.690990095441906305e+04
2.690309641104349430e+04
2.689642039258501973e+04
2.688973802084448835e+04
2.688303649153986407e+04
2.687629212576724603e+04
2.686944143288298073e+04
2.686253393279965167e+04
2.685561798194416770e+04
2.684867289678233283e+04
2.684176737167842657e+04
2.683483686968020265e+04
2.682803449107352571e+04
2.682129280765010481e+04
2.681456864251841398e+04
2.680779202817987607e+04
2.680121343418192555e+04
2.679472120900461960e+04
2.678829619366995757e+04
2.678190038191946951e+04
2.677552473239436949e+04
2.676908840178444007e+04
2.676252809087321293e+04
2.675593938542889009e+04
2.674949383035436767e+04
2.674315893851660439e+04
2.673678468813325526e+04
2.673042845849585865e+04
2.672403078590083533e+04
2.671769633693267679e+04
2.671138242616941352e+04
2.670506444501558872e+04
2.669880893351759005e+04
2.669249872679506370e+04
2.668618901300749349e+04
2.667998781915295331e+04
2.667379109643126867e+04
2.666757970225837926e+04
2.666135293172187085e+04
2.665514126268934342e+04
2.664913294159864745e+04
2.664319308446939976e+04
2.663732460130547042e+04
2.663148049954878661e+04
2.662562128916527217e+04
2.661983250028695693e+04
2.661405213318740789e+04
2.660841150773425034e+04
2.660279180303803878e+04
2.659711402121630090e+04
2.659137054599367912e+04
2.658570624434640558e+04
2.658007963921334522e+04
2.657442800966397772e+04
2.656889773606210656e+04
2.656355308311724002e+04
2.655851858428057312e+04
2.655373706598509307e+04
2.654900789567268657e+04
2.654422480760629333e+04
2.653951381398102967e+04
2.653494888750862447e+04
2.653040097282157876e+04
2.652597823371729828e+04
2.652177816415466805e+04
2.651780735949699738e+04
2.651399071433138670e+04
2.651027641762645362e+04
2.650659908827059553e+04
2.650313705059025597e+04
2.649989800832296896e+04
2.649683738004108818e+04
2.649383738094436558e+04
2.649083806403481503e+04
2.648776067696839891e+04
2.648471771474891284e+04
2.648170786482936819e+04
2.647886106241593734e+04
2.647606169764514561e+04
2.647341162827616063e+04
2.647088299794840714e+04
2.646833823738474166e+04
2.646585764399945401e+04
2.646359517018004772e+04
2.646147548736162207e+04
2.645958390284436609e+04
2.645786464361309845e+04
2.645612483150831758e+04
2.645445350790581142e+04
2.645279178658410819e+04
2.645108138562586828e+04
2.644948011842918640e+04
2.644808174384789527e+04
2.644663793243072359e+04
2.644523850861629398e+04
2.644401683448619588e+04
2.644278248653459377e+04
2.644149109010744360e+04
2.644006747816205461e+04
2.643862674852833152e+04
2.643738084302232528e+04
2.643620074605211994e+04
2.643519732994975857e+04
2.643408330179685800e+04
2.643317054113605991e+04
2.643253168812263175e+04
2.643201969199171435e+04
2.643152071953711493e+04
2.643114209284430763e+04
2.643105343731752873e+04
2.643114346443100658e+04
2.643123898087962516e+04
2.643149588954757201e+04
2.643166982792392810e+04
2.643188265510583369e+04
2.643192183384918826e+04
2.643178224628655153e+04
2.643153189996466608e+04
2.643129591183022058e+04
2.643116351579542243e+04
2.643083538227618192e+04
2.643039504527582540e+04
2.643005059839502428e+04
2.642959033156077203e+04
2.642907720957223864e+04
2.642837994314019670e+04
2.642770286606455920e+04
2.642708185495965517e+04
2.642635108989080982e+04
2.642562306872931731e+04
2.642483971252874835e+04
2.642397880246482600e+04
2.642311039116438769e+04
2.642225369540921747e+04
2.642127968756372866e+04
2.642024135900884721e+04
2.641896493620423644e+04
2.641755014246438805e+04
2.641554882651802473e+04
2.641312213782168692e+04
2.641057006811177052e+04
2.640798950797637372e+04
2.640517128350436542e+04
2.640196875395512325e+04
2.639840730224175786e+04
2.639459588358962719e+04
2.639069490942553239e+04
2.638661361677933746e+04
2.638221914675013977e+04
2.637732087875905927e+04
2.637215985447143976e+04
2.636679373552842299e+04
2.636118133872586986e+04
2.635541869556144593e+04
2.634930138380646531e+04
2.634303281385036462e+04
2.633665096603868369e+04
2.633015476282540476e+04
2.632344021060100931e+04
2.631632337513915991e+04
2.630897130193067642e+04
2.630133982608919177e+04
2.629338026678710594e+04
2.628497875453226879e+04
2.627602544484907776e+04
2.626670428454795183e+04
2.625718383041175912e+04
2.624713405592193521e+04
2.623677359847087428e+04
2.622600973169039571e+04
2.621484001259646175e+04
2.620318473509140676e+04
2.619116347538267655e+04
2.617874086654948769e+04
2.616579880082473392e+04
2.615244001894234680e+04
2.613859105018430273e+04
2.612431459302758958e+04
2.610980862874129161e+04
2.609470847668253919e+04
2.607905856940597005e+04
2.606280339412118701e+04
2.604596260460562917e+04
2.602871979729236045e+04
2.601125420147162004e+04
2.599330718946762499e+04
2.597494463826202991e+04
2.595621125865570139e+04
2.593752392498579138e+04
2.591851304896655347e+04
2.589899938376395221e+04
2.587923603551591805e+04
2.585915484889074651e+04
2.583864747209404231e+04
2.581769706703957490e+04
2.579651480453805925e+04
2.577518658911401508e+04
2.575360091195474524e+04
2.573182149397223111e+04
2.570998402100483872e+04
2.568789355003712262e+04
2.566557841040858330e+04
2.564288003662904157e+04
2.561977052319715585e+04
2.559631969900235708e+04
2.557255452049999440e+04
2.554848390715871938e+04
2.552403652300832255e+04
2.549906582257396803e+04
2.547374483357517965e+04
2.544792505593788519e+04
2.542154814360442833e+04
2.539478517103786362e+04
2.536785161459788651e+04
2.534085800916812150e+04
2.531336132411318613e+04
2.528557518041652293e+04
2.525756677396744271e+04
2.522964574015218750e+04
2.520157076181677621e+04
2.517333733319637395e+04
2.514497116160723817e+04
2.511644777507360777e+04
2.508785390532339443e+04
2.505895548159346072e+04
2.502987125254111015e+04
2.500047103261922894e+04
2.497104201971461225e+04
2.494160488863574938e+04
2.491183903637802723e+04
2.488178394779766677e+04
2.485180505164025817e+04
2.482195971279597143e+04
2.479194907324778615e+04
2.476178544745013642e+04
2.473148292722838596e+04
2.470120624570831933e+04
2.467065374707781302e+04
2.464008838956571344e+04
2.460938353495979391e+04
2.457860643121708199e+04
2.454770371764601441e+04
2.451658484214336568e+04
2.448521217997641725e+04
2.445345649546118148e+04
2.442156166348243642e+04
2.439008961304818877e+04
2.435871489934046622e+04
2.432726054128187752e+04
2.429570937842043713e+04
2.426407901743771072e+04
2.423242672558008417e+04
2.420073196816807103e+04
2.416884953837255671e+04
2.413691900268767495e+04
2.410498344927452854e+04
2.407289460152570973e+04
2.404075655191806800e+04
2.400826709005761222e+04
2.397568929343867057e+04
2.394319669604181763e+04
2.391087658513652786e+04
2.387856670887950168e+04
2.384642419255456116e+04
2.381441938396872865e+04
2.378249852808210562e+04
2.375052427912772691e+04
2.371861395609836109e+04
2.368651108556669715e+04
2.365424118906246804e+04
2.362177143438341591e+04
2.358919187302154387e+04
2.355676836715114769e+04
2.352425848628368112e+04
2.349182023901720459e+04
2.345916140366364198e+04
2.342626993097916056e+04
2.339329239873592087e+04
2.336029622358402048e+04
2.332757997086037722e+04
2.329460436631061020e+04
2.326139820496868924e+04
2.322816724431336843e+04
2.319489203974062912e+04
2.316175494521420842e+04
2.312856356385021718e+04
2.309504551673722017e+04
2.306126144265190669e+04
2.302729041461235101e+04
2.299317916686725584e+04
2.295928393053761829e+04
2.292542935691798994e+04
2.289165499113421174e+04
2.285810540408185261e+04
2.282461770100129070e+04
2.279100420116724126e+04
2.275714502437454939e+04
2.272324873834628670e+04
2.268927094712948747e+04
2.265498501284775921e+04
2.262039874547603904e+04
2.258563157999947725e+04
2.255088367582125284e+04
2.251595887015706467e+04
2.248084756650466079e+04
2.244542668091077212e+04
2.240995442714918681e+04
2.237464673674332516e+04
2.233920644153143439e+04
2.230358020696782842e+04
2.226773298786364467e+04
2.223163930315937978e+04
2.219515714007988208e+04
2.215844297483543778e+04
2.212156327833388423e+04
2.208424090119598986e+04
2.204666467269655550e+04
2.200876560898923708e+04
2.197059146075957324e+04
2.193257859736764658e+04
2.189404084872819294e+04
2.185514898158444339e+04
2.181606089261497254e+04
2.177677166325923099e+04
2.173708344092599145e+04
2.169703497801427511e+04
2.165667288401683982e+04
2.161611403558278471e+04
2.157543866510220687e+04
2.153455889395003032e+04
2.149352809949001676e+04
2.145246119010776238e+04
2.141131318176398781e+04
2.136998845999652985e+04
2.132840549870277027e+04
2.128689790537619410e+04
2.124527548274816218e+04
2.120335727686591781e+04
2.116100228921981034e+04
2.111839591311705954e+04
2.107552848745724623e+04
2.103222534139784329e+04
2.098869295993644118e+04
2.094482278367024628e+04
2.090068946007590785e+04
2.085610598953693625e+04
2.081105904237235882e+04
2.076571344441631300e+04
2.071984885949151067e+04
2.067365614303534312e+04
2.062717193208972822e+04
2.058027891817196723e+04
2.053298558457215768e+04
2.048509745949004719e+04
2.043689570666284271e+04
2.038847559199741227e+04
2.034021913813968422e+04
2.029182196205283253e+04
2.024328528860183360e+04
2.019440376335377732e+04
2.014530603775345662e+04
2.009580566025416556e+04
2.004596485671702249e+04
1.999592626780062710e+04
1.994567634590630041e+04
1.989532452697668487e+04
1.984451803018432838e+04
1.979337625406388906e+04
1.974199770269122746e+04
1.969025464416744580e+04
1.963832994871898700e+04
1.958612301591643336e+04
1.953347779088240350e+04
1.948078903240747604e+04
1.942805137545912658e+04
1.937509626117154403e+04
1.932190478962256020e+04
1.926844462187408499e+04
1.921475260820951735e+04
1.916101927273812544e+04
1.910711544883593888e+04
1.905307260381415108e+04
1.899896915734335198e+04
1.894479461312267813e+04
1.889045357602785953e+04
1.883564318859338164e+04
1.878051893147981536e+04
1.872542538614004297e+04
1.867014975924412647e+04
1.861477042510412502e+04
1.855902624104839560e+04
1.850306676695379065e+04
1.844689574950616225e+04
1.839046831523043511e+04
1.833376916446347968e+04
1.827696290383612359e+04
1.822001387449597678e+04
1.816296977360020901e+04
1.810561911145637350e+04
1.804796247200711514e+04
1.799015112765971207e+04
1.793210339452994231e+04
1.787371600691401545e+04
1.781516194853083289e+04
1.775645986866345265e+04
1.769759609249796631e+04
1.763862729371624300e+04
1.757955406212065282e+04
1.752035311719408492e+04
1.746117584465753680e+04
1.740183121196351931e+04
1.734230390796294523e+04
1.728265302607964259e+04
1.722290315375475984e+04
1.716312618334358922e+04
1.710345657202036091e+04
1.704357413279813773e+04
1.698330732476085177e+04
1.692265612273305669e+04
1.686174518486444867e+04
1.680109368431695475e+04
1.674061190151749543e+04
1.667999786660235986e+04
1.661898367936778232e+04
1.655758753546458684e+04
1.649620799398909003e+04
1.643462977471915292e+04
1.637268286604395507e+04
1.631056817417170714e+04
1.624815420202658788e+04
1.618539022897625546e+04
1.612226476274885135e+04
1.605918508629545977e+04
1.599621235567560871e+04
1.593357120048193974e+04
1.587081608957953540e+04
1.580776996958484415e+04
1.574492853790156187e+04
1.568233705485944301e+04
1.561961091416161071e+04
1.555673198475563368e+04
1.549382560321095661e+04
1.543083278144132419e+04
1.536760553322123815e+04
1.530413377628428498e+04
1.524043844734850063e+04
1.517665316806410192e+04
1.511260825837396442e+04
1.504840216301910186e+04
1.498397985064671047e+04
1.491933446173008451e+04
1.485486812544398526e+04
1.479065382499973202e+04
1.472612355462787491e+04
1.466131911148751715e+04
1.459647198307715371e+04
1.453143695680291785e+04
1.446604179357704197e+04
1.440076260449088113e+04
1.433556284899979983e+04
1.427028944263105041e+04
1.420501333686735961e+04
1.413980070276493825e+04
1.407453843990327732e+04
1.400893279471284586e+04
1.394319816440538125e+04
1.387724232898252194e+04
1.381114616262230084e+04
1.374483591122969301e+04
1.367857839147957202e+04
1.361225331958344032e+04
1.354580563183574486e+04
1.347918457445557578e+04
1.341226849422717169e+04
1.334517115867787652e+04
1.327811701324862224e+04
1.321107265397188712e+04
1.314402598105601828e+04
1.307685098810433738e+04
1.300969434573099898e+04
1.294249919049354503e+04
1.287517488243299340e+04
1.280761267402343219e+04
1.273997983468465645e+04
1.267241352435661065e+04
1.260476379821455521e+04
1.253682436822941418e+04
1.246872977318257472e+04
1.240049318847878931e+04
1.233198378728723765e+04
1.226325761597535893e+04
1.219456933247623783e+04
1.212577931171870659e+04
1.205688069130277472e+04
1.198794075918418457e+04
1.191893831954795132e+04
1.184980875634763288e+04
1.178045732240165125e+04
1.171078744811328579e+04
1.164126825485696099e+04
1.157173134797432067e+04
1.150198799626926484e+04
1.143192761991268890e+04
1.136163268894745488e+04
1.129097442629501165e+04
1.122020994209683340e+04
1.114925776286052314e+04
1.107828807155863069e+04
1.100731081883708976e+04
1.093634921824302910e+04
1.086543396053223660e+04
1.079431146804004311e+04
1.072306148985900654e+04
1.065162023809114544e+04
1.058009348596999553e+04
1.050836286381610080e+04
1.043660852683148551e+04
1.036486292376328311e+04
1.029312656759372112e+04
1.022151071006731399e+04
1.014976164045308906e+04
1.007790967969549274e+04
1.000599308270273832e+04
9.933899207019028836e+03
9.861653484003461926e+03
9.789265605251499437e+03
9.716756977024439038e+03
9.644160287629052618e+03
9.571396683292776288e+03
9.498503412362157178e+03
9.425691021322447341e+03
9.352981827112609608e+03
9.280340854065254462e+03
9.207554948443004832e+03
9.134609728039038600e+03
9.061452948288375410e+03
8.988118203864343741e+03
8.914586137374843020e+03
8.841137093108805857e+03
8.767574643309360908e+03
8.693982270515321943e+03
8.620309355655228501e+03
8.546781514656046056e+03
8.473078062031103400e+03
8.399264465280528384e+03
8.325435083466811193e+03
8.251699221120294169e+03
8.178159656750642171e+03
8.104598914205966139e+03
8.030812694577606635e+03
7.957131080506298531e+03
7.883594844939860195e+03
7.810098112727130683e+03
7.736687674148030055e+03
7.663263193844230955e+03
7.590011664378734167e+03
7.516686997874266126e+03
7.443104455944827350e+03
7.369547954035979274e+03
7.296158028279747668e+03
7.222939797997668393e+03
7.149568417730069996e+03
7.075805591296320927e+03
7.001980592107910525e+03
6.928117237289170589e+03
6.854063297289496404e+03
6.779655282144004559e+03
6.705026783851923028e+03
6.630554500658558936e+03
6.556323124566877595e+03
6.482109464543000286e+03
6.407914490388050581e+03
6.333726604137299546e+03
6.259657499483195352e+03
6.185492780892061091e+03
6.111322567696817714e+03
6.037071764087294468e+03
5.962870786858657993e+03
5.888637436526959391e+03
5.814393178255453677e+03
5.740277108711823530e+03
5.666193199150055989e+03
5.592244837418181305e+03
5.518218015798469423e+03
5.444080503061001764e+03
5.370177163271887366e+03
5.296291420074827329e+03
5.222287188741774116e+03
5.148244377961596001e+03
5.074024845803121934e+03
4.999655097078530162e+03
4.925354755042841134e+03
4.851264591690693123e+03
4.777240704056490358e+03
4.703114809781628537e+03
4.629066700270668662e+03
4.555014858832423670e+03
4.481047675732532298e+03
4.406973551662167665e+03
4.332945882458511733e+03
4.259067850784391339e+03
4.185244501345302524e+03
4.111490586377619366e+03
4.037580950661536917e+03
3.963725418889856883e+03
3.889978573233136103e+03
3.816391190177338103e+03
3.742813993720344115e+03
3.669276398651295949e+03
3.595704627022399109e+03
3.522240627003492136e+03
3.449066645953080751e+03
3.376023354987245966e+03
3.303212176801710484e+03
3.230583472194573915e+03
3.158094184963013049e+03
3.085721701649239549e+03
3.013578155750205497e+03
2.941677692891378229e+03
2.869874269225657372e+03
2.798256873024577544e+03
2.726739552358360925e+03
2.655410181247783385e+03
2.584308873175292320e+03
2.513410299150677929e+03
2.442358692387126666e+03
2.371482462741658310e+03
2.300832869294773445e+03
2.230304093607734103e+03
2.159853632562198527e+03
2.089748422291527277e+03
2.019897113143574416e+03
1.950268843138686861e+03
1.880581590507936653e+03
1.810814186465959892e+03
1.741198236835793523e+03
1.671650838864584784e+03
1.602106965995314113e+03
1.532791797006440447e+03
1.463497910937682036e+03
1.394412179340921284e+03
1.325339379388577981e+03
1.256479457423657550e+03
1.187873540799492275e+03
1.119392967557005704e+03
1.051041241394053031e+03
9.828753112557914164e+02
9.150292340299711213e+02
8.473988320482144445e+02
7.798366600671710103e+02
7.124066793149108889e+02
6.451909469778275934e+02
5.781333807745829745e+02
5.111488081784563065e+02
4.442233895492963143e+02
3.773423116260142933e+02
3.105019050007210808e+02
2.436392316473429105e+02
1.767978871014976505e+02
1.100817328280983531e+02
4.342361652066972511e+01
-2.304778061848787729e+01
-8.898853655731323897e+01
-1.545767620669012672e+02
-2.201446456919842944e+02
-2.853838968451478877e+02
-3.505744324261829661e+02
-4.156572661109594833e+02
-4.805907397267922647e+02
-5.456229306962397914e+02
-6.104932713447534525e+02
-6.750573870235866707e+02
-7.394974840123943522e+02
-8.040095991915308105e+02
-8.682310318390045722e+02
-9.322659485593541149e+02
-9.961191517115021270e+02
-1.059939884194976230e+03
-1.123729467904326157e+03
-1.187679898385217712e+03
-1.251606532541924935e+03
-1.315459506146121157e+03
-1.379257336317411955e+03
-1.443041057427376018e+03
-1.506735021917808353e+03
-1.570449529902485210e+03
-1.634104463034148012e+03
-1.697748874235871654e+03
-1.761133140299072465e+03
-1.824457034023082315e+03
-1.887799346375232517e+03
-1.951122724829308254e+03
-2.014372941861471872e+03
-2.077451785427662344e+03
-2.140426535103978949e+03
-2.203277132524014633e+03
-2.266065161546115633e+03
-2.328912985514997217e+03
-2.391880432171096800e+03
-2.454726747448748483e+03
-2.517591840330491777e+03
-2.580436997928969504e+03
-2.643218286843688020e+03
-2.706110580606021358e+03
-2.768957510802596971e+03
-2.831570067948494398e+03
-2.894278736079263126e+03
-2.956915803541136938e+03
-3.019408349232740875e+03
-3.081936228908662997e+03
-3.144483637709752657e+03
-3.206871575778844544e+03
-3.269335960655949748e+03
-3.331766751824954099e+03
-3.393951076318724972e+03
-3.455899539194372210e+03
-3.517753180991619956e+03
-3.579388937168378561e+03
-3.640894614506134531e+03
-3.702231025939031497e+03
-3.763440112638296341e+03
-3.824482772073592514e+03
-3.885649851635455434e+03
-3.946657856129082120e+03
-4.007490570212507464e+03
-4.068240467920793890e+03
-4.128783054249462111e+03
-4.188958943607109177e+03
-4.249104585886953828e+03
-4.309282252138857075e+03
-4.369439493183978811e+03
-4.429428426528093951e+03
-4.489288229367502026e+03
-4.549064653712431209e+03
-4.608808258138010387e+03
-4.668336391687958894e+03
-4.727660372491336602e+03
-4.786834161729088009e+03
-4.846001887910369987e+03
-4.905036325537169432e+03
-4.963865620125446185e+03
-5.022461705346804592e+03
-5.080959279699808576e+03
-5.139345947045309003e+03
-5.197510724072363701e+03
-5.255524154591659681e+03
-5.313289616449065761e+03
-5.371057621021937848e+03
-5.428645152691377007e+03
-5.486200721134710875e+03
-5.543519742880942431e+03
-5.600745666986593278e+03
-5.657778840646469689e+03
-5.714497749687747273e+03
-5.770916807356155914e+03
-5.827048575073452412e+03
-5.882993713558702439e+03
-5.938711726179696598e+03
-5.994356257585448475e+03
-6.049791079388349317e+03
-6.104927601035565203e+03
-6.159616682270254387e+03
-6.213914037404657392e+03
-6.267683484206138928e+03
-6.321071486290446046e+03
-6.374062205150725276e+03
-6.426884320574278718e+03
-6.479517539632187436e+03
-6.532092063004061856e+03
-6.584403012853422297e+03
-6.636526028536892227e+03
-6.688372300277108479e+03
-6.739716102022319319e+03
-6.790727791832046933e+03
-6.841446340134933962e+03
-6.891765268802524588e+03
-6.941668471979251990e+03
-6.991181719005158811e+03
-7.040331805775884277e+03
-7.089092522869880668e+03
-7.137395909528498123e+03
-7.185224150762714999e+03
-7.232855720312531957e+03
-7.280106086838888586e+03
-7.326898865294939242e+03
-7.373340045619454941e+03
-7.419517617902743041e+03
-7.465431080863617353e+03
-7.511038580025631745e+03
-7.556231912743834073e+03
-7.600998436691681491e+03
-7.645417279453328774e+03
-7.689471256925499802e+03
-7.733188821137057857e+03
-7.776591000773422820e+03
-7.819581724222259254e+03
-7.862149990927413455e+03
-7.904048138319054488e+03
-7.945583471182759240e+03
-7.986735539553885246e+03
-8.027599623602191969e+03
-8.068062386391516156e+03
-8.108188469433140199e+03
-8.147964561297012551e+03
-8.187340907441240233e+03
-8.226007192305016360e+03
-8.264047579220770785e+03
-8.301848434546716817e+03
-8.339257139868874219e+03
-8.376078681145525479e+03
-8.412327650036108025e+03
-8.448085132676213107e+03
-8.483427996746113422e+03
-8.518412214656224023e+03
-8.552972437855636599e+03
-8.587142780900529033e+03
-8.620803564978403301e+03
-8.653990436160689569e+03
-8.686845887782570571e+03
-8.719384131539611190e+03
-8.751527587186961682e+03
-8.783270094371680898e+03
-8.814608348926369217e+03
-8.845506579236558537e+03
-8.875931729467443802e+03
-8.906003880828518959e+03
-8.935648769804382027e+03
-8.964747103867091937e+03
-8.993341699592956502e+03
-9.021393687750934987e+03
-9.048999190380636719e+03
-9.076079919374404199e+03
-9.102727361617440692e+03
-9.128992407278941755e+03
-9.154616878634364184e+03
-9.179826433709309640e+03
-9.204670461977379091e+03
-9.229009032518359163e+03
-9.252827637887370656e+03
-9.276197610768058439e+03
-9.299182247208291301e+03
-9.321556031034726402e+03
-9.343337862340442371e+03
-9.364673763040525955e+03
-9.385533876961044371e+03
-9.405905821456539343e+03
-9.425857457521105971e+03
-9.445458469369728846e+03
-9.464581872685450435e+03
-9.483390282345413652e+03
-9.501920805031601049e+03
-9.520104195769457874e+03
-9.537903325580475212e+03
-9.555232272791881769e+03
-9.572192992711596162e+03
-9.588756720280378431e+03
-9.604945053372728580e+03
-9.620761227772118218e+03
-9.636092281306204313e+03
-9.650971043263829415e+03
-9.665448861562763341e+03
-9.679400211438969563e+03
-9.692884303704044214e+03
-9.706117576591377656e+03
-9.719041443854137469e+03
-9.731467854791655554e+03
-9.743549401206879338e+03
-9.755300556514204800e+03
-9.766667404909359902e+03
-9.777693091028755589e+03
-9.788385755005858300e+03
-9.798716585805941577e+03
-9.808754392787532197e+03
-9.818412238390623315e+03
-9.827774872190362657e+03
-9.836798011846945883e+03
-9.845450913660322840e+03
-9.853827886759454486e+03
-9.861867415397045988e+03
-9.869550435052266039e+03
-9.876972548474655923e+03
-9.884052905497566826e+03
-9.890670075072102918e+03
-9.896957595696738281e+03
-9.902946651311764072e+03
-9.908662700192082411e+03
-9.914038076440190707e+03
-9.919026354721128882e+03
-9.923697215007445266e+03
-9.928096979171335988e+03
-9.932209744088077059e+03
-9.935969370393324425e+03
-9.939448303982208017e+03
-9.942688258075675549e+03
-9.945761441990771345e+03
-9.948561931526430271e+03
-9.951062508110551789e+03
-9.953291063652739467e+03
-9.955238184049398114e+03
-9.956814268367623299e+03
-9.958021284333621225e+03
-9.959077978757180972e+03
-9.959840658688086478e+03
-9.960293820628681715e+03
-9.960487212876832928e+03
-9.960457310297071672e+03
-9.960247765350668487e+03
-9.959817048737211735e+03
-9.959119738006867919e+03
-9.958069096618375625e+03
-9.956817276201576533e+03
-9.955339063090190393e+03
-9.953717826034759128e+03
-9.951916493676704704e+03
-9.949940938674702920e+03
-9.947806309881019843e+03
-9.945516114620850203e+03
-9.943049671276623485e+03
-9.940418810546043460e+03
-9.937665103795507093e+03
-9.934717721663435441e+03
-9.931562521967491193e+03
-9.928211576684600004e+03
-9.924714851109276424e+03
-9.921034604780077643e+03
-9.917180568305939232e+03
-9.913218982019090618e+03
-9.909076639688160867e+03
-9.904767788816770917e+03
-9.900287719809326518e+03
-9.895740466778201153e+03
-9.891091468848584555e+03
-9.886334795323926301e+03
