6.135327217566564286e+02
6.135832466231394164e+02
6.136285754558498411e+02
6.136666117734660020e+02
6.136993208225226226e+02
6.137260039943008678e+02
6.137459254774857982e+02
6.137586296997899353e+02
6.137692009023360242e+02
6.137718701549074467e+02
6.137666803378741633e+02
6.137534094399203468e+02
6.137320464156498474e+02
6.137036419880006406e+02
6.136690614935725989e+02
6.136275015576864007e+02
6.135780666324360482e+02
6.135216062794461322e+02
6.134601652132363370e+02
6.133955631494551426e+02
6.133234179937836643e+02
6.132438665013260106e+02
6.131570162958325909e+02
6.130680314426184623e+02
6.129799494778216058e+02
6.128853316065747094e+02
6.127881476693619334e+02
6.127154673513364287e+02
6.126622043618037878e+02
6.126032553096827087e+02
6.125385884152070730e+02
6.124725926414837431e+02
6.124220705147962462e+02
6.123681868805056183e+02
6.123085681991092315e+02
6.122439213454738365e+02
6.121757255123575305e+02
6.121163112061735774e+02
6.120509348375881018e+02
6.119820523007500697e+02
6.119067574077491827e+02
6.118262351862057358e+02
6.117400777406678571e+02
6.116493129973607665e+02
6.115614122600559313e+02
6.114664500524290816e+02
6.113642996412681896e+02
6.112546716827677074e+02
6.111372875911655456e+02
6.110121953980517446e+02
6.108796112833911138e+02
6.107514224842580006e+02
6.106216126604344936e+02
6.104998471767788715e+02
6.103717581292219165e+02
6.102359409525880665e+02
6.100933086019143730e+02
6.099604365650970976e+02
6.098455104405596785e+02
6.097255614402934043e+02
6.096120296538933871e+02
6.094946815346406765e+02
6.093700844367585887e+02
6.092368534641976794e+02
6.090951343334018020e+02
6.089494157061185433e+02
6.088076999183340376e+02
6.087042868434309639e+02
6.086089517668134476e+02
6.085068479568406019e+02
6.084057293979687984e+02
6.083307141496019312e+02
6.082464557706277901e+02
6.081524434391585601e+02
6.080489172574834811e+02
6.079356416104891423e+02
6.078273636005137632e+02
6.077177978378867920e+02
6.075995738917505378e+02
6.074721956485893770e+02
6.073349408652453576e+02
6.071879020556787054e+02
6.070315242876467892e+02
6.068845739596919202e+02
6.067319904161090562e+02
6.066217961854088117e+02
6.065389120446877769e+02
6.064821973160574089e+02
6.064448860611337295e+02
6.064024181244283227e+02
6.063687074551010028e+02
6.063348157413694253e+02
6.063089524427917922e+02
6.062769977243708581e+02
6.062343038732872174e+02
6.061883638999848927e+02
6.061470627797109501e+02
6.060937304317262715e+02
6.060294091177387372e+02
6.059570284255953538e+02
6.058723429919992896e+02
6.057758798669376574e+02
6.056676118039058565e+02
6.055486036515562773e+02
6.054389206121770712e+02
6.053200841978833751e+02
6.052039312829401752e+02
6.050800531738482277e+02
6.049606031082948903e+02
6.048368481719851388e+02
6.047364301145368017e+02
6.046617810533367674e+02
6.045966117177639489e+02
6.045359084658878146e+02
6.044767278777856063e+02
6.044292622281270724e+02
6.043735445704069207e+02
6.043423931258250832e+02
6.043181838885695925e+02
6.043017530312646386e+02
6.043072901171797184e+02
6.043047485081158356e+02
6.042903059097925507e+02
6.042634683776893780e+02
6.042546319408031650e+02
6.042472467807785961e+02
6.042265322277116866e+02
6.041964968962685134e+02
6.041659153359382799e+02
6.041327782814488501e+02
6.040884753766663380e+02
6.040348245723247373e+02
6.040015987588964208e+02
6.039757797643515005e+02
6.039423252142210004e+02
6.039079537638673401e+02
6.038679467390511491e+02
6.038193707356015238e+02
6.037860830457060501e+02
6.037505520908222252e+02
6.037097117673995399e+02
6.036794409433832698e+02
6.036783518814688705e+02
6.036768354940375048e+02
6.036672739092914526e+02
6.036545210718784347e+02
6.036431504022989429e+02
6.036317659550230701e+02
6.036546521095662001e+02
6.036663686026263349e+02
6.036737247332638390e+02
6.036781407036044129e+02
6.036636867007614455e+02
6.036601638655864690e+02
6.036546759885152369e+02
6.036549028450837113e+02
6.036499874910089147e+02
6.036253454821130617e+02
6.035869418996489912e+02
6.035476462964359143e+02
6.035015290228166123e+02
6.034519167931857737e+02
6.033985987686196495e+02
6.033343187391551510e+02
6.032557408610757648e+02
6.031726233141184821e+02
6.030773081280960923e+02
6.030812242399154002e+02
6.030974184602582682e+02
6.031351184383006512e+02
6.031889363344594130e+02
6.032451856379843775e+02
6.032809108316405400e+02
6.032957790565194500e+02
6.032881901544230914e+02
6.032582130236485227e+02
6.032073029116461385e+02
6.031509799551852211e+02
6.030898792481193595e+02
6.030425169637602494e+02
6.030275427987044168e+02
6.030095979800337318e+02
6.029886047227954577e+02
6.029808236400132273e+02
6.029775366006767854e+02
6.029713921151819704e+02
6.029577314788009517e+02
6.029221141424400230e+02
6.028715087429138748e+02
6.028071138511129448e+02
6.027228149385741744e+02
6.026622857502634361e+02
6.025818138350305162e+02
6.024895367420599541e+02
6.023873072210826649e+02
6.022740429865481246e+02
6.021562585473244553e+02
6.020165999199758744e+02
6.018846367577991714e+02
6.017346567733793563e+02
6.015597406941285499e+02
6.014324473397964539e+02
6.012820427906066243e+02
6.011189628564782197e+02
6.009399578530615145e+02
6.007547177476883462e+02
6.005662263564377099e+02
6.003499844080695311e+02
6.001193933051814611e+02
5.998857842517933250e+02
5.996797685179959672e+02
5.994655434814982300e+02
5.992508028902771002e+02
5.990303987004590454e+02
5.987913933835573062e+02
5.985323973119157017e+02
5.982532008092296110e+02
5.979712394764187593e+02
5.977202289799782875e+02
5.975192134546595071e+02
5.973039348137509705e+02
5.970631616568504114e+02
5.968184867383193932e+02
5.965556368630539055e+02
5.962811376548843327e+02
5.959858417506925434e+02
5.956815918238519316e+02
5.953925151577000179e+02
5.950908931460849089e+02
5.947973669270450046e+02
5.945528776065239072e+02
5.943038607589111280e+02
5.940312869457978877e+02
5.937403874904841814e+02
5.934340551947207132e+02
5.931081233998985454e+02
5.927677103433290995e+02
5.924541716052222000e+02
5.921594436614533379e+02
5.918639831536668225e+02
5.915552577812177333e+02
5.912162624993529789e+02
5.908468238952139018e+02
5.904629599666264994e+02
5.900800834028427744e+02
5.896979229446748150e+02
5.893377792027449686e+02
5.889647111300048437e+02
5.885984377521479018e+02
5.882150400539333077e+02
5.878061164518846908e+02
5.873761518245664774e+02
5.869781395419556702e+02
5.866023256645146375e+02
5.862225802011880660e+02
5.858331625324969991e+02
5.854470052966430558e+02
5.850594719239174992e+02
5.846648646796677440e+02
5.842954928445916494e+02
5.839151748664664865e+02
5.835441639758562360e+02
5.831419682860012017e+02
5.827294541505117422e+02
5.823106155749512709e+02
5.819288442578753120e+02
5.816125238632473611e+02
5.813367057164957714e+02
5.810348488212666780e+02
5.807206516282009261e+02
5.803787750120826558e+02
5.800183487473830155e+02
5.796345577701579259e+02
5.792465356415425504e+02
5.788238269561056768e+02
5.784034298013237958e+02
5.779666020958582067e+02
5.775166020246037988e+02
5.770520333026003073e+02
5.765711404535428528e+02
5.760637480336165481e+02
5.755462028802994610e+02
5.750100024236746776e+02
5.744587445653626219e+02
5.738917632527320620e+02
5.733107079563217212e+02
5.727394516860583735e+02
5.721984263354308951e+02
5.716940886318070625e+02
5.711796573349666915e+02
5.706543246572039152e+02
5.701238315426759300e+02
5.696437559272711724e+02
5.691618429908955932e+02
5.686550145173847568e+02
5.681261696856761318e+02
5.675681915356572063e+02
5.670022365214682623e+02
5.664282568693365647e+02
5.658391249436452881e+02
5.652695328740876448e+02
5.647525331025847208e+02
5.642634750161931834e+02
5.637647699100307364e+02
5.632365701307843437e+02
5.627091350667596998e+02
5.621929549886425548e+02
5.616798415837956782e+02
5.611588402385178824e+02
5.606157275271773415e+02
5.600690360697004735e+02
5.594952118900175719e+02
5.589456034039197903e+02
5.584152698360430804e+02
5.578635718799417873e+02
5.572987921154547166e+02
5.567311892964493154e+02
5.561674580151732243e+02
5.556214470981144586e+02
5.550775078645183385e+02
5.545544665806379498e+02
5.540198491840437782e+02
5.534758810858779725e+02
5.529423654255094789e+02
5.523901643604440324e+02
5.518483317231572300e+02
5.513019923308182797e+02
5.507499768404788938e+02
5.502763072114880742e+02
5.498744900678231033e+02
5.494637629558557137e+02
5.490443198235598175e+02
5.486321807621898188e+02
5.482121021743486153e+02
5.477961069596835841e+02
5.473670130051184515e+02
5.469707991080538250e+02
5.466097383632716173e+02
5.462438701422681788e+02
5.458890317556582659e+02
5.455088697113167200e+02
5.450943214304786579e+02
5.446532238494097555e+02
5.441911588341822608e+02
5.437622542507451726e+02
5.433391760076967785e+02
5.429487579157773780e+02
5.425639408567089959e+02
5.422216146938020529e+02
5.418505522071855012e+02
5.414795319767005140e+02
5.410931402765525036e+02
5.407463308500236963e+02
5.403957692856010908e+02
5.400354167220140198e+02
5.396447402481167046e+02
5.392248644991738047e+02
5.388220237601851750e+02
5.384150739584356415e+02
5.380414090499951953e+02
5.376546347267224064e+02
5.372467949500202167e+02
5.368640953407034431e+02
5.364970039914995823e+02
5.361573251168508705e+02
5.357899794233683224e+02
5.353983543593888044e+02
5.349778006623866986e+02
5.345542532728152310e+02
5.341532184785380650e+02
5.337295344699981570e+02
5.332864209344215851e+02
5.328457850408062768e+02
5.324236293757132898e+02
5.320293086878551776e+02
5.316811012059557697e+02
5.313357466826488462e+02
5.310130102272494241e+02
5.307317097800959118e+02
5.304330868801480392e+02
5.301186335708717934e+02
5.297796153502873722e+02
5.294581411452447810e+02
5.291303944133661616e+02
5.287859899405409578e+02
5.284695221537911038e+02
5.281695795158864257e+02
5.278591799919530558e+02
5.275355825642153604e+02
5.272014198422832578e+02
5.268607150831444415e+02
5.265232107880691501e+02
5.261723649278800394e+02
5.257900103459116963e+02
5.254004295989041111e+02
5.250129871733233813e+02
5.245913465233570605e+02
5.241279710512350221e+02
5.236229776834313725e+02
5.231126532191145770e+02
5.226114179830590274e+02
5.220708345928694598e+02
5.214960119297203391e+02
5.209261138187187044e+02
5.203501211897487337e+02
5.197627778763194328e+02
5.191697721209385463e+02
5.186175881132271570e+02
5.180708828736826490e+02
5.175512902176578791e+02
5.170531451760896289e+02
5.165316147868732060e+02
5.159947226985932502e+02
5.154285303380070218e+02
5.148433262604131642e+02
5.142651245185315929e+02
5.136580435215262241e+02
5.130224245894269188e+02
5.123584531779980580e+02
5.116487009543691897e+02
5.108972430799636868e+02
5.101337259420791383e+02
5.093545921503526870e+02
5.085580782024065343e+02
5.077230117350651994e+02
5.068392445968845550e+02
5.059387010953379900e+02
5.050279088002989170e+02
5.040740463769102462e+02
5.030907437542522302e+02
5.021184246849751958e+02
5.011674636049569358e+02
5.001802735766644901e+02
4.991496864940675664e+02
4.980737125640409886e+02
4.969692009450756700e+02
4.958377024142463370e+02
4.946783629518923249e+02
4.934926576680617245e+02
4.922844667013126809e+02
4.910632021080383538e+02
4.898315304836211226e+02
4.885720148604341944e+02
4.872719443170094564e+02
4.859324177860968348e+02
4.846038491661960279e+02
4.833208875179080337e+02
4.820438513647903278e+02
4.807436781892933482e+02
4.794304093290455171e+02
4.781045393227710747e+02
4.767721012918493670e+02
4.754230089404825321e+02
4.740449840982048499e+02
4.726485667758681757e+02
4.712456166038737138e+02
4.698445490705544216e+02
4.684028247902989506e+02
4.669232184744014376e+02
4.654371386484078243e+02
4.640333261485859566e+02
4.625829349068350780e+02
4.611394994558830263e+02
4.596607115113246778e+02
4.581461698026263889e+02
4.566319422001728299e+02
4.551116214005356255e+02
4.535488410472302121e+02
4.519381160930398664e+02
4.502849097896853436e+02
4.486445183924997195e+02
4.469999930678570763e+02
4.453281270163484464e+02
4.436754320677050600e+02
4.420058015861370677e+02
4.403163583947392681e+02
4.386231630135364412e+02
4.369362457896496039e+02
4.352273740228340557e+02
4.334811848164540606e+02
4.317254169705205413e+02
4.299864156158054129e+02
4.282113069685790379e+02
4.264180956970943157e+02
4.246153278545657486e+02
4.228058627977998185e+02
4.209911450587090940e+02
4.192124180057974172e+02
4.174409072040975843e+02
4.156340500323669858e+02
4.138252769760455294e+02
4.120278719869753559e+02
4.102157441146991914e+02
4.083824957439232435e+02
4.065990759177892642e+02
4.048246484616489056e+02
4.030593574866813924e+02
4.013034397601533669e+02
3.996105840344856119e+02
3.979488562469509816e+02
3.962947204047312084e+02
3.946707569422126198e+02
3.930368584089501383e+02
3.913990826186237086e+02
3.897919654966922280e+02
3.881917078515958792e+02
3.865887557823310203e+02
3.850199479731031715e+02
3.834484146912114966e+02
3.818636530503400763e+02
3.802576297905039269e+02
3.786300113854923666e+02
3.769660092931532631e+02
3.753187383966580910e+02
3.736845951158553589e+02
3.720450547977303586e+02
3.704197461433521426e+02
3.687797475284979782e+02
3.671996343990757055e+02
3.656108179461738814e+02
3.640144021407332957e+02
3.623928782632224852e+02
3.607486347056935756e+02
3.590727103977782804e+02
3.573833358745050646e+02
3.556939843200755149e+02
3.540215325835570184e+02
3.523870079332928640e+02
3.507559626126055718e+02
3.491250050236143920e+02
3.475189406323656272e+02
3.460163584324021713e+02
3.445284757944133958e+02
3.430334367112430982e+02
3.415324478833118746e+02
3.400419649719526660e+02
3.385662821777822273e+02
3.370710053385130323e+02
3.356066294965664838e+02
3.341539364244232502e+02
3.326771755975015026e+02
3.312264158903861357e+02
3.297499138911252885e+02
3.282823425277425713e+02
3.268100792364670610e+02
3.253231984456277814e+02
3.238251872631649348e+02
3.222941538980585392e+02
3.207287284389215074e+02
3.191413304694439717e+02
3.175345963480231717e+02
3.159161718169920050e+02
3.143406332561108343e+02
3.127419606190818513e+02
3.111160486939049861e+02
3.094887906342974020e+02
3.078431722630387526e+02
3.061720424116507502e+02
3.045053387449249840e+02
3.028196434289168906e+02
3.011081874767085651e+02
2.994216982298431731e+02
2.976985194174236540e+02
2.959525416543232836e+02
2.942064727658183187e+02
2.924534443930755856e+02
2.906631726983187036e+02
2.889050705841182207e+02
2.871874737410665261e+02
2.854484955905959396e+02
2.836756911898945077e+02
2.818857635253417584e+02
2.800691163434784130e+02
2.782214136141803920e+02
2.763422560712753580e+02
2.744523856552644929e+02
2.725937195825243862e+02
2.707838099899409485e+02
2.689565093508580844e+02
2.670951898834031795e+02
2.652072525108754917e+02
2.632794922316187467e+02
2.613630224995284266e+02
2.594707443042943851e+02
2.575504573017229291e+02
2.556329427935741592e+02
2.536846636023231838e+02
2.517520552749391527e+02
2.498411305214178810e+02
2.479958748663200367e+02
2.461537986277484151e+02
2.443371726048365247e+02
2.425509537510235987e+02
2.407410523824808024e+02
2.389081891553170465e+02
2.370555971467306335e+02
2.351868791685207043e+02
2.332805915685778189e+02
2.313857978865630400e+02
2.294681566810135109e+02
2.275173170068004254e+02
2.255512511942523304e+02
2.235568775510657531e+02
2.215547218895202093e+02
2.195949779654467591e+02
2.176430746856306939e+02
2.157156242818550709e+02
2.137906657267060382e+02
2.118682853898587268e+02
2.099611613472901013e+02
2.081286662033801065e+02
2.063114329719224429e+02
2.045042184901633959e+02
2.027202113039996902e+02
2.009339228784458271e+02
1.991395685227445256e+02
1.973500480874573100e+02
1.955550774958101670e+02
1.937850173207510238e+02
1.920183324888663492e+02
1.902301817762348719e+02
1.884411478809599316e+02
1.866530798992236839e+02
1.848657320508185649e+02
1.830966179210394955e+02
1.813242007105139919e+02
1.795519599740495096e+02
1.778384093070106360e+02
1.761294547523245626e+02
1.744260157844741173e+02
1.727614219811342764e+02
1.711154467573725526e+02
1.694745975896976233e+02
1.678164475826507385e+02
1.661915397110631716e+02
1.645837755419011046e+02
1.629728630897496373e+02
1.614130526688226155e+02
1.598480072595948798e+02
1.582986412805276757e+02
1.567463631581693733e+02
1.552261895899588922e+02
1.537338626074122772e+02
1.522418299080047746e+02
1.507748003478494070e+02
1.492990128599051332e+02
1.478139061940341605e+02
1.463120230738675502e+02
1.448404952652000190e+02
1.434456984234650463e+02
1.420823603108392490e+02
1.407113606738380440e+02
1.393600972904945365e+02
1.380222868212084961e+02
1.367111001634564502e+02
1.354526063743874715e+02
1.342069758212343800e+02
1.329721142702982206e+02
1.317269647739043137e+02
1.304623928678496156e+02
1.291842304934239110e+02
1.279227188611385770e+02
1.266948996258683593e+02
1.254684443843845969e+02
1.242310226534126514e+02
1.229736982413565443e+02
1.217236621263835588e+02
1.204779897768177932e+02
1.192007424463641740e+02
1.178912248045034090e+02
1.165720542144688210e+02
1.152538905473107462e+02
1.139434480835716528e+02
1.126009801474790351e+02
1.112262211526946061e+02
1.098271527243873464e+02
1.084458239105565980e+02
1.071341385804413591e+02
1.059188316025803118e+02
1.047111784797747589e+02
1.034778829413994146e+02
1.022141939891432543e+02
1.009488399230030353e+02
9.974962513900511851e+01
9.857510218653155221e+01
9.737304820262899341e+01
9.617404227943129058e+01
9.496014445009281246e+01
9.372754329746764768e+01
9.249970581168915373e+01
9.124515024436345811e+01
8.997747583887628764e+01
8.873674906053707900e+01
8.747031123315764489e+01
8.617006828724059631e+01
8.483769016127064333e+01
8.347187890168549984e+01
8.207308549405291842e+01
8.066816183627635439e+01
7.927956079232610875e+01
7.788920118996459507e+01
7.649346157009273384e+01
7.506559853513988401e+01
7.364600942724609922e+01
7.222366602258463786e+01
7.078316033512544436e+01
6.936853186802353832e+01
6.792949324142163903e+01
6.647261462310601132e+01
6.500472563699989337e+01
6.352020698924541620e+01
6.201082207250709644e+01
6.048233553337563251e+01
5.895375825241871581e+01
5.742316917889952776e+01
5.588013495837387978e+01
5.432895841287155037e+01
5.275201397511833079e+01
5.115857125248784598e+01
4.957333499853861269e+01
4.800241159084380627e+01
4.644574565000993971e+01
4.486558068309746972e+01
4.328692250349426729e+01
4.169593473918591542e+01
4.007739518728816819e+01
3.843238201594824943e+01
3.682295017863725661e+01
3.525468307613670049e+01
3.369553820743171713e+01
3.214694771940649787e+01
3.058452589425645129e+01
2.901161187376509076e+01
2.743412237900491846e+01
2.587302548021557413e+01
2.430321014653107881e+01
2.274485875947399194e+01
2.120824364480546365e+01
1.966275456379735687e+01
1.809169983622930999e+01
1.650833290455285152e+01
1.490084217496735164e+01
1.327546456612839165e+01
1.168321928544892785e+01
1.007647494689150136e+01
8.474686338977079458e+00
6.863443661903502857e+00
5.237542760569148470e+00
3.621253130677715149e+00
2.022898329710017151e+00
4.272384320046427320e-01
-1.183908678992040109e+00
-2.800185138885794345e+00
-4.424761051686694202e+00
-6.031050198647598393e+00
-7.638002751305720039e+00
-9.244765743117824286e+00
-1.083690425273798752e+01
-1.243999859198581959e+01
-1.405539996090809041e+01
-1.566574999572576132e+01
-1.729726536278116811e+01
-1.892648512678574946e+01
-2.056076974224369280e+01
-2.219796227536743061e+01
-2.383522238207758903e+01
-2.544173047521900344e+01
-2.702733144116222519e+01
-2.860106652442195951e+01
-3.014121428368967770e+01
-3.168372317349179923e+01
-3.320988508480579071e+01
-3.474785968581122830e+01
-3.629635702437884248e+01
-3.784698965947131200e+01
-3.941201804164379752e+01
-4.096268722940710916e+01
-4.249360704598499439e+01
-4.403686744446230961e+01
-4.555483206682923480e+01
-4.705891475491753795e+01
-4.853586846464485660e+01
-5.003371151491479907e+01
-5.154190259846597399e+01
-5.304991358919421884e+01
-5.456664573919665173e+01
-5.610331552490527685e+01
-5.765964159108047937e+01
-5.921529485351039312e+01
-6.077910119092572216e+01
-6.235117379995813280e+01
-6.393686095600567398e+01
-6.552568915052647469e+01
-6.712419904190841180e+01
-6.870381334604552137e+01
-7.028923766106413495e+01
-7.189253926818466311e+01
-7.349121303262288052e+01
-7.509513137165859575e+01
-7.670488257142764610e+01
-7.829264851173806505e+01
-7.988101515958025800e+01
-8.147051116689964090e+01
-8.304408443236061999e+01
-8.463156390462303591e+01
-8.623183254976061107e+01
-8.783130190911158763e+01
-8.941663005827695088e+01
-9.097531008385280415e+01
-9.251071637907551803e+01
-9.405625426500475328e+01
-9.561315151529701950e+01
-9.714361364200711080e+01
-9.865126476872055150e+01
-1.001700853401478781e+02
-1.016996145939073699e+02
-1.032348288729314731e+02
-1.047546517008509284e+02
-1.062487778279404722e+02
-1.077024891332413148e+02
-1.091157769852469812e+02
-1.105016324907859655e+02
-1.118722736812058542e+02
-1.132216958425793507e+02
-1.145799539918820074e+02
-1.159353373898054542e+02
-1.172933636762634535e+02
-1.186587944982229033e+02
-1.200099310793622891e+02
-1.213574835730234582e+02
-1.227029054961868866e+02
-1.240299368057125378e+02
-1.253503066259874572e+02
-1.266560637748847000e+02
-1.279715063212668440e+02
-1.292927274792004368e+02
-1.306043599787024903e+02
-1.319120821265602217e+02
-1.332187243949584854e+02
-1.345185854802604410e+02
-1.358190040968489711e+02
-1.370632278674104327e+02
-1.383117450585763208e+02
-1.395553988023561374e+02
-1.407703467244451190e+02
-1.419410344905920169e+02
-1.431026528986345170e+02
-1.442551993699903505e+02
-1.453928841982994413e+02
-1.465203697028605063e+02
-1.476409725667559201e+02
-1.487582208192896474e+02
-1.498721239387438118e+02
-1.509802542548713689e+02
-1.520851814022416875e+02
-1.531742397690432824e+02
-1.542328842498615984e+02
-1.552886085574741060e+02
-1.563391211957029441e+02
-1.573727151330143670e+02
-1.584106785492710969e+02
-1.594503463622620529e+02
-1.604595256901582161e+02
-1.614543599336818716e+02
-1.624522235311259521e+02
-1.634529373091147590e+02
-1.644471192874887038e+02
-1.654299171497402199e+02
-1.664117651796590280e+02
-1.673562160308684383e+02
-1.682523343546004071e+02
-1.691283726012254078e+02
-1.699904095828255208e+02
-1.708391016124158739e+02
-1.716857446441191541e+02
-1.725307648727062428e+02
-1.733522266927329269e+02
-1.741563055789894747e+02
-1.749556614977553295e+02
-1.757556675572863014e+02
-1.765496425870563542e+02
-1.773257136100384912e+02
-1.780951979813788171e+02
-1.788662795093835882e+02
-1.796384320883497594e+02
-1.804074253236218510e+02
-1.811290429251124010e+02
-1.818522715274882557e+02
-1.825667522473897861e+02
-1.832802597516076730e+02
-1.839848776145189220e+02
-1.846732632989187550e+02
-1.853627679090226366e+02
-1.860433310749346276e+02
-1.867206470706716743e+02
-1.873988485119967891e+02
-1.880675920143526696e+02
-1.887352317352591911e+02
-1.893777274544831926e+02
-1.899758579246109207e+02
-1.905751950656809299e+02
-1.911759140707712845e+02
-1.917419804327332429e+02
-1.922498264563910766e+02
-1.927344335424928659e+02
-1.932122518382804515e+02
-1.936905308301934099e+02
-1.941679695707421160e+02
-1.946449568858108705e+02
-1.951167351215604526e+02
-1.955823066115149800e+02
-1.960368402822170992e+02
-1.964749748882349252e+02
-1.968812553716265086e+02
-1.972772878450237499e+02
-1.976573294401587191e+02
-1.980379444570327223e+02
-1.984118637059744117e+02
-1.987769362525915255e+02
-1.991426253952799357e+02
-1.995084786931681720e+02
-1.998742314945416751e+02
-2.002397000040209605e+02
-2.006046452160271656e+02
-2.009661746814036007e+02
-2.013174343019963715e+02
-2.016595539638100547e+02
-2.019998740306564287e+02
-2.023388461587295239e+02
-2.026753255481788756e+02
-2.030066968461280226e+02
-2.033223985648797907e+02
-2.036354574059270703e+02
-2.039454553838798461e+02
-2.042521400094246076e+02
-2.045543629169411020e+02
-2.048524992040830170e+02
-2.051452547156979449e+02
-2.054325972856495355e+02
-2.057144812398911142e+02
-2.059728718072809102e+02
-2.062074019094607138e+02
-2.064164257789333874e+02
-2.065946297536696079e+02
-2.067666812697455043e+02
-2.069247187931032101e+02
-2.070719135905177382e+02
-2.072120687116892270e+02
-2.073461329530883859e+02
-2.074740672520580063e+02
-2.075935818860248787e+02
-2.077063803869858702e+02
-2.078138750013474123e+02
-2.079160981357310050e+02
-2.080130665736764968e+02
-2.081046443318709578e+02
-2.081915602717879210e+02
-2.082742684691633883e+02
-2.083513607772505623e+02
-2.084127471057329615e+02
-2.084648610505041120e+02
-2.085134643393954548e+02
-2.085587287465430109e+02
-2.086012181034632249e+02
-2.086388990921182653e+02
-2.086690512840983160e+02
-2.086812811580344373e+02
-2.086915717423753449e+02
-2.087000889579262832e+02
-2.087063138767994133e+02
-2.087099102668373689e+02
-2.087095676589759421e+02
-2.086902219352322163e+02
-2.086683505523521092e+02
-2.086451614340999754e+02
-2.086193911395655789e+02
-2.085920198139094452e+02
-2.085631073656441004e+02
-2.085329107171948237e+02
-2.085015216536761216e+02
-2.084602805926748488e+02
-2.084094694369002809e+02
-2.083574711947632636e+02
-2.083038268010955392e+02
-2.082480976550809260e+02
-2.081737659281885158e+02
-2.080642335904467473e+02
-2.079450856537469576e+02
-2.078244281037383701e+02
-2.077018595931190248e+02
-2.075738435691690427e+02
-2.074255066263744425e+02
-2.072755988774280240e+02
-2.071214307479147863e+02
-2.069633952473057548e+02
-2.068029460057574624e+02
-2.066405174071347801e+02
-2.064699784366888480e+02
-2.062894342113901303e+02
-2.061070168551321444e+02
