5.296629465545827770e+03
5.299197429230905982e+03
5.301718983491849031e+03
5.304259893904544697e+03
5.306730049193458399e+03
5.309148454777753614e+03
5.311531810711459912e+03
5.313844214230843136e+03
5.316078202677612353e+03
5.318262876459703875e+03
5.320414771998530341e+03
5.322598732329439372e+03
5.324764682251659906e+03
5.326878802909661317e+03
5.328910870321094080e+03
5.330859620349938268e+03
5.332740575576035553e+03
5.334551294685726134e+03
5.336307173749965841e+03
5.338051628494173201e+03
5.339789162023827885e+03
5.341513324302250112e+03
5.343192730250397290e+03
5.344861709886190511e+03
5.346519226406142479e+03
5.348205966316083504e+03
5.349853326405996086e+03
5.351461981198010108e+03
5.353003986487417933e+03
5.354468237216748093e+03
5.355951999791493108e+03
5.357404911868609815e+03
5.358762278674195841e+03
5.360177319786642329e+03
5.361547984324469326e+03
5.362812863944188393e+03
5.364006144029981442e+03
5.365159815657385479e+03
5.366299226826473387e+03
5.367443076237370406e+03
5.368577640395193157e+03
5.369717005425437492e+03
5.370855875295388614e+03
5.371944976705100999e+03
5.372995749518564480e+03
5.373986585138706687e+03
5.374934098656764036e+03
5.375828887511259381e+03
5.376647495855950183e+03
5.377412707926809162e+03
5.378135432914203193e+03
5.378846888627254884e+03
5.379517003390255923e+03
5.380126795420614144e+03
5.380778741724054271e+03
5.381405572374191252e+03
5.381995848724656753e+03
5.382563470608119133e+03
5.383092507894163646e+03
5.383598371965890692e+03
5.384140139766978791e+03
5.384671819534269162e+03
5.385195489228508450e+03
5.385670022069141851e+03
5.386050312028056396e+03
5.386378921859276488e+03
5.386681469160470442e+03
5.387088467909903557e+03
5.387535057693344243e+03
5.388016137372187586e+03
5.388570366325930081e+03
5.389115614061103770e+03
5.389606249732194556e+03
5.390075390048546069e+03
5.390582884767043652e+03
5.391124726349300545e+03
5.391655230915717766e+03
5.392174631803949524e+03
5.392711170148850215e+03
5.393218249994039979e+03
5.393691913381375343e+03
5.394156753967788063e+03
5.394557273439369965e+03
5.394985918801699881e+03
5.395438649740122855e+03
5.395918143336950379e+03
5.396367817208219094e+03
5.396777854845728143e+03
5.397111682277175532e+03
5.397350650858079462e+03
5.397543036782819399e+03
5.397878539090613231e+03
5.398231319321684168e+03
5.398524498596089870e+03
5.398806305473638531e+03
5.399110112906679205e+03
5.399475465179493767e+03
5.399900863192354336e+03
5.400333270290834662e+03
5.400791368901909664e+03
5.401339870106254239e+03
5.401838350395826637e+03
5.402330839101807214e+03
5.402813177053802974e+03
5.403265908945674710e+03
5.403745693413102344e+03
5.404280842988708173e+03
5.404896845932919859e+03
5.405542832392470700e+03
5.406261596914437177e+03
5.407002792133882394e+03
5.407729627306735892e+03
5.408388517948626941e+03
5.408997626998787382e+03
5.409678767407876876e+03
5.410456794934839309e+03
5.411298229849353447e+03
5.412123487417226897e+03
5.412969411312811644e+03
5.413903084181616578e+03
5.414917992409484214e+03
5.416181216982628030e+03
5.417603794278548776e+03
5.419224907021525723e+03
5.421017208777420819e+03
5.422867724984193046e+03
5.424710375535893036e+03
5.426660459233575239e+03
5.428697073162929883e+03
5.430813797945538681e+03
5.432959342367377758e+03
5.435265430395353178e+03
5.437779905523031630e+03
5.440441695100182187e+03
5.443224470299765926e+03
5.446010424557724036e+03
5.448923262393896948e+03
5.451994386688103987e+03
5.455329043011462090e+03
5.458699948412659978e+03
5.462163234354090491e+03
5.465662076639344377e+03
5.469104605171049116e+03
5.472521364405760323e+03
5.476025641459760664e+03
5.479611879691788999e+03
5.483408248783143790e+03
5.487341062849283844e+03
5.491382452855313204e+03
5.495598001879879121e+03
5.499928975760663889e+03
5.504358210404790952e+03
5.508823550421360778e+03
5.513334268511113805e+03
5.517903361038534058e+03
5.522606774601599682e+03
5.527424858212219988e+03
5.532276147939521252e+03
5.537223244059397985e+03
5.542260623447541548e+03
5.547265642400332581e+03
5.552352558924509140e+03
5.557520728973953737e+03
5.562877358655036005e+03
5.568340076698346820e+03
5.573883143688412019e+03
5.579470263188502940e+03
5.585142353389785058e+03
5.591027263322555882e+03
5.597140501306370425e+03
5.603247838554930240e+03
5.609398190075963612e+03
5.615775623335282944e+03
5.622337242883162617e+03
5.628905298886837045e+03
5.635633282591528769e+03
5.642670039041691780e+03
5.649931549422614808e+03
5.657201673401574226e+03
5.664541445816205851e+03
5.671880680039257641e+03
5.679239769478541348e+03
5.686613869173464991e+03
5.694113383346655610e+03
5.701726592498127502e+03
5.709462266300777628e+03
5.717422860927309557e+03
5.725432004565253010e+03
5.733605363749069511e+03
5.741821960181769100e+03
5.750025319648758341e+03
5.758276606385244122e+03
5.766587485594533973e+03
5.774909252472407388e+03
5.783298342311266424e+03
5.791592774603430371e+03
5.799823737168899243e+03
5.807922932962032064e+03
5.816188094146456933e+03
5.824463270354204724e+03
5.832994552480690800e+03
5.841766605310631348e+03
5.850587023869624318e+03
5.859364590616326495e+03
5.868231204487077775e+03
5.876986230571057604e+03
5.885611437302694867e+03
5.894235627138408745e+03
5.902809228941430774e+03
5.911213684867190750e+03
5.919615792961552870e+03
5.927906547610613416e+03
5.936248984533282055e+03
5.944647182350838193e+03
5.952961413593388897e+03
5.961188567226216946e+03
5.969367359464199581e+03
5.977468092150225857e+03
5.985598414987793149e+03
5.993756748095126568e+03
6.001872614273656836e+03
6.009977177781174760e+03
6.018102869542949520e+03
6.026096585259679159e+03
6.033974295854005504e+03
6.041773009000511593e+03
6.049387394995472278e+03
6.056815240938248280e+03
6.064070941603105894e+03
6.071238506161997066e+03
6.078213752547128934e+03
6.085034892489649792e+03
6.091669267046905588e+03
6.098208065920064655e+03
6.104648100504521608e+03
6.110965852485279356e+03
6.117334224581479248e+03
6.123506671094881312e+03
6.129457156211054098e+03
6.135259226990261595e+03
6.140903413904984518e+03
6.146603157809275217e+03
6.152352593523139149e+03
6.157946667880141831e+03
6.163470523882806447e+03
6.168928142122957070e+03
6.174338576257809109e+03
6.179572126987231059e+03
6.184639663810683487e+03
6.189520037974361912e+03
6.194408678155262351e+03
6.199185371212478458e+03
6.203773065447629051e+03
6.208099799355265532e+03
6.212244513653879039e+03
6.216396432884851492e+03
6.220349473121905248e+03
6.224105072873722747e+03
6.227714435385057186e+03
6.231230260224851008e+03
6.234537720729243119e+03
6.237595326844526426e+03
6.240560450636816313e+03
6.243512460723471122e+03
6.246202256657616090e+03
6.248756124289155196e+03
6.251214321133084013e+03
6.253515481922737308e+03
6.255666581093364584e+03
6.257549485964471387e+03
6.259216307810880608e+03
6.260648017083571176e+03
6.261977627712621143e+03
6.263235965846631188e+03
6.264422213206524248e+03
6.265589672513248843e+03
6.266712004920887011e+03
6.267598781544657868e+03
6.268244448069370264e+03
6.268692946743560242e+03
6.269022782407795603e+03
6.269259803702504541e+03
6.269489735288183510e+03
6.269527515304566805e+03
6.269521120820125361e+03
6.269545058676196277e+03
6.269413002553183105e+03
6.269343377251150741e+03
6.269197527717999037e+03
6.268894807626602415e+03
6.268481998117913463e+03
6.267976460076260992e+03
6.267196844837910248e+03
6.266130485074387252e+03
6.265119174090235902e+03
6.264228669492196786e+03
6.263327684063204288e+03
6.262214961375758321e+03
6.260977290338329112e+03
6.259627858007368559e+03
6.258398499634620748e+03
6.257257784047630594e+03
6.256161923869087332e+03
6.255001591881472450e+03
6.253844720260856775e+03
6.252652408708090661e+03
6.251399692242526726e+03
6.250055778946320970e+03
6.248716605522824466e+03
6.247399660826118634e+03
6.245935574175311558e+03
6.244373100043885643e+03
6.242836841430063032e+03
6.241470605154709119e+03
6.240240679652866675e+03
6.239072814685961930e+03
6.237791403691828236e+03
6.236428666108677135e+03
6.235075377729619504e+03
6.233712627153701760e+03
6.232325737337210739e+03
6.230976101465105785e+03
6.229724204872651171e+03
6.228445155768460609e+03
6.227289594640753421e+03
6.226059600897040582e+03
6.224824348211343022e+03
6.223717507044039849e+03
6.222729054679447472e+03
6.221744631523593853e+03
6.220822386534290672e+03
6.219960576886090166e+03
6.219064429309901243e+03
6.218204491798964227e+03
6.217541989271276179e+03
6.216899582697725236e+03
6.216205158982909779e+03
6.215423912425199887e+03
6.214733524626004510e+03
6.214172300430804171e+03
6.213475697564890652e+03
6.212747236631494161e+03
6.212079611562771788e+03
6.211476263501782341e+03
6.210839902070158132e+03
6.210184997422340530e+03
6.209670855900965762e+03
6.209217636539920932e+03
6.208733807319985317e+03
6.208318101823213510e+03
6.207938988385877565e+03
6.207455034721900120e+03
6.206796299764837386e+03
6.206091629460443073e+03
6.205414257211570657e+03
6.204929293124981086e+03
6.204612109789996794e+03
6.204513681089871170e+03
6.204496104661649952e+03
6.204627308228718903e+03
6.204947085465075361e+03
6.205528746682688507e+03
6.206156946466946465e+03
6.206885159166722588e+03
6.207577713811153444e+03
6.208277552579940675e+03
6.208929665421601385e+03
6.209531345555671578e+03
6.210115848485838796e+03
6.210786396322818291e+03
6.211450729870089162e+03
6.212079686154047522e+03
6.212527168148498276e+03
6.212878021663445907e+03
6.213182887070994184e+03
6.213642752448897227e+03
6.214080192553199595e+03
6.214497435494839010e+03
6.214939020050795079e+03
6.215299652105264613e+03
6.215714322442328921e+03
6.216107589580245076e+03
6.216422437767982046e+03
6.216794122269036961e+03
6.217363747938757115e+03
6.217959600986157056e+03
6.218689766531779242e+03
6.219425748972139445e+03
6.220089661515780790e+03
6.220651847412687857e+03
6.221101599949452066e+03
6.221513504776348782e+03
6.221962819098611362e+03
6.222376152208234998e+03
6.223022334901228533e+03
6.223754560846477034e+03
6.224467228063844232e+03
6.225249071024336445e+03
6.226131716609448631e+03
6.226969194926444288e+03
6.227711279913371982e+03
6.228307672742133946e+03
6.228814683726263866e+03
6.229210541356866088e+03
6.229567125859998669e+03
6.229729823843275881e+03
6.229834167707940651e+03
6.229801882895613744e+03
6.229840201867076757e+03
6.229844708017882112e+03
6.229882761199154629e+03
6.229868980050282516e+03
6.229798989300164067e+03
6.229697266747190952e+03
6.229559545219845859e+03
6.229393626378030604e+03
6.229056334499906370e+03
6.228568760484517043e+03
6.227976115614257651e+03
6.227288043953303713e+03
6.226428387509175082e+03
6.225584131970240378e+03
6.224826570972410991e+03
6.224009378610501699e+03
6.223150010216639203e+03
6.222236248587159935e+03
6.221231820855715341e+03
6.220219421602789225e+03
6.219203662298359632e+03
6.218094068397962474e+03
6.216895047162412993e+03
6.215586427359156005e+03
6.214183825404289564e+03
6.212784733595796752e+03
6.211317237559058412e+03
6.209781437517448467e+03
6.208105929834349809e+03
6.206462220880718633e+03
6.204833808509285518e+03
6.203029003634997025e+03
6.201386208583155167e+03
6.199704572246444513e+03
6.198113916718121800e+03
6.196470279550361738e+03
6.194698537181228858e+03
6.192683686109545306e+03
6.190673070573979203e+03
6.188636278564836175e+03
6.186577105276400289e+03
6.184411011156313180e+03
6.182150974625737945e+03
6.180012658524783546e+03
6.177866316036568605e+03
6.175555859863761725e+03
6.173065311742720951e+03
6.170485746654248942e+03
6.167797212628494890e+03
6.164924453796260423e+03
6.161813718222856551e+03
6.158454128706684060e+03
6.155048262530734064e+03
6.151648362909143543e+03
6.148137841544318690e+03
6.144598348892492140e+03
6.140912635625739313e+03
6.136995581849130758e+03
6.132942156392684410e+03
6.128960474404300840e+03
6.124939733446647551e+03
6.120844388881636405e+03
6.116856186451668691e+03
6.112822683096057517e+03
6.108658641938928668e+03
6.104468509536045531e+03
6.100199376693264639e+03
6.095756485680225524e+03
6.091246191422973425e+03
6.086732757101394782e+03
6.082114970706177701e+03
6.077382353784078077e+03
6.072550703875507679e+03
6.067705912255978546e+03
6.062779350003222135e+03
6.057736221879322329e+03
6.052588347046223134e+03
6.047373704788001305e+03
6.042139255811362091e+03
6.036802883627493429e+03
6.031240433334427507e+03
6.025576281460600512e+03
6.019817289284799699e+03
6.013928625997636118e+03
6.008078763196141153e+03
6.002165069839284115e+03
5.996201422628189903e+03
5.990222959339309455e+03
5.984207777583806092e+03
5.978108519886733120e+03
5.971871767789405567e+03
5.965598764335774831e+03
5.959199315011865110e+03
5.952788775114821874e+03
5.946291765095949813e+03
5.939580692639652625e+03
5.932807387281789488e+03
5.926009983471447413e+03
5.919121393447124319e+03
5.912076185317386262e+03
5.904873721977379319e+03
5.897642938004723874e+03
5.890318744246907045e+03
5.882882953663169246e+03
5.875438098535482823e+03
5.867992719314630449e+03
5.860350720292615733e+03
5.852689350908834058e+03
5.844871341081210630e+03
5.836845677949664605e+03
5.828798980171017320e+03
5.820840922546445654e+03
5.812897470614449048e+03
5.804880549065850573e+03
5.796863420808791489e+03
5.788845749126065130e+03
5.780832579464100490e+03
5.772741047636831354e+03
5.764506924729528691e+03
5.756201066997176895e+03
5.747847815561608513e+03
5.739533863975519125e+03
5.731087853637613989e+03
5.722386353609779690e+03
5.713621212155940157e+03
5.704697469459036256e+03
5.695675418838229234e+03
5.686550704103377939e+03
5.677399616715887532e+03
5.668237042679308615e+03
5.659101728925907082e+03
5.649981064947392042e+03
5.640697478717105696e+03
5.631481620041933638e+03
5.622405536651483999e+03
5.613374016372179540e+03
5.604357913156210998e+03
5.595327570053877935e+03
5.586277553608509152e+03
5.577181255085013618e+03
5.568191433722155125e+03
5.559185921166774278e+03
5.550076476632235426e+03
5.541165764591014522e+03
5.532213589821925780e+03
5.523063066651113331e+03
5.513857485229937083e+03
5.504681651077216884e+03
5.495364224536371694e+03
5.485938328595389976e+03
5.476397793104061748e+03
5.466775046533432032e+03
5.457075884203877649e+03
5.447356388895857890e+03
5.437562418299734418e+03
5.427683347715616947e+03
5.417713308680002228e+03
5.407633719913187633e+03
5.397499154222430661e+03
5.387236156948882126e+03
5.376898348817585429e+03
5.366588864149103756e+03
5.356236852299732163e+03
5.345906566219697197e+03
5.335602242578329424e+03
5.325337895987146112e+03
5.315042897162180452e+03
5.304713355809532004e+03
5.294349186778268631e+03
5.284067260776148032e+03
5.273739286289268421e+03
5.263329567583949029e+03
5.252745687506547256e+03
5.242104599181142476e+03
5.231459945211660852e+03
5.220692539877298259e+03
5.209844371162302195e+03
5.199053513222363108e+03
5.188194731102435981e+03
5.177276003418803157e+03
5.166376084264344172e+03
5.155358421552695290e+03
5.144253091260399742e+03
5.133198864939923624e+03
5.122176857311515050e+03
5.111078427130280033e+03
5.099920971363661010e+03
5.088632588236434458e+03
5.077334237932635006e+03
5.066111604463413641e+03
5.054934259030158501e+03
5.043754006584074887e+03
5.032519462929716610e+03
5.021310087100691817e+03
5.009954765966428567e+03
4.998542451007613636e+03
4.987155697437166054e+03
4.975672606712005290e+03
4.964143619978727656e+03
4.952643194130620032e+03
4.941176961481573016e+03
4.929600367599751735e+03
4.918033691627910230e+03
4.906442327762168134e+03
4.894717437007914668e+03
4.883076971013710136e+03
4.871518577850822112e+03
4.859968611884634811e+03
4.848371122887460842e+03
4.836632190908224402e+03
4.824778645936967223e+03
4.812791648560845715e+03
4.800684088678228363e+03
4.788440161759943294e+03
4.776191646896636485e+03
4.763959287712248624e+03
4.751605777923383357e+03
4.739215091244172072e+03
4.726703920980823568e+03
4.714236785571893961e+03
4.701797367052738991e+03
4.689254173419863946e+03
4.676670450469683601e+03
4.663965816121654825e+03
4.651166885410742907e+03
4.638406188952305456e+03
4.625666120932351077e+03
4.613190369659027056e+03
4.600718960657544812e+03
4.588204934048886571e+03
4.575666323223917061e+03
4.563170589323908644e+03
4.550719586334599626e+03
4.538116829736329237e+03
4.525533916552953087e+03
4.513057915286106436e+03
4.500686479107572268e+03
4.488269135813290632e+03
4.475774792871319733e+03
4.463281290237453504e+03
4.450777494787272190e+03
4.438433671374100413e+03
4.426134282015708777e+03
4.413886135170578200e+03
4.401643067256281938e+03
4.389274515521487046e+03
4.377005911392123380e+03
4.364755733286308896e+03
4.352382730484134299e+03
4.339990262907122087e+03
4.327512220023403643e+03
4.315029060008866509e+03
4.302490966482222575e+03
4.289994978604754579e+03
4.277486858324642526e+03
4.265045135701929212e+03
4.252621135077015424e+03
4.240219377545290627e+03
4.227822655049823879e+03
4.215437251929854028e+03
4.203127262357443215e+03
4.190717608406937870e+03
4.178160446368157864e+03
4.165540991242415657e+03
4.152981455922621535e+03
4.140498464458720264e+03
4.128219204986874502e+03
4.116026507740281886e+03
4.103913723327870684e+03
4.091786402336696938e+03
4.079612440409638111e+03
4.067414033733276028e+03
4.055284631056921626e+03
4.043207204522386746e+03
4.031136324282598707e+03
4.019093804500445003e+03
4.007036928495454958e+03
3.994913754269437504e+03
3.982762288280700886e+03
3.970654229630226837e+03
3.958510576173432582e+03
3.946342239053071353e+03
3.934295451680338374e+03
3.922264830604070994e+03
3.910236329435360858e+03
3.898356959593220836e+03
3.886582745627270015e+03
3.874818968907125509e+03
3.863156905873572668e+03
3.851586480176445548e+03
3.840186509837928497e+03
3.828918669997969573e+03
3.817739109638830996e+03
3.806552712442618031e+03
3.795289685971875770e+03
3.784102627921916337e+03
3.773040012171608851e+03
3.762021176186182856e+03
3.750974130286276250e+03
3.740103452050895612e+03
3.729240697798719339e+03
3.718370856631996503e+03
3.707576491746302509e+03
3.696869747182977335e+03
3.686361928310137955e+03
3.676070402343862497e+03
3.665758388319228288e+03
3.655394851094754813e+03
3.644902350115750778e+03
3.634539164215066194e+03
3.624094698936659825e+03
3.613594387090090549e+03
3.603126138682168403e+03
3.592802699990942529e+03
3.582449077884466988e+03
3.572117733951876744e+03
3.561798315771663965e+03
3.551539057692321421e+03
3.541207046660901142e+03
3.530827575973567491e+03
3.520473487098924579e+03
3.510265074571928380e+03
3.500015965966104432e+03
3.489757644848494238e+03
3.479581036314326866e+03
3.469390579337985855e+03
3.459247652186943924e+03
3.448985827356049413e+03
3.438778406640225512e+03
3.428572080359569100e+03
3.418395820630896651e+03
3.408101661094434348e+03
3.397790321673733160e+03
3.387646790955201141e+03
3.377558265024955290e+03
3.367547650260552473e+03
3.357617989619198397e+03
3.347738309893765745e+03
3.337894084676617240e+03
3.328231086527955085e+03
3.318678630033311492e+03
3.309276937126587654e+03
3.300005544247916532e+03
3.290784211109361877e+03
3.281568160922834068e+03
3.272407146940934126e+03
3.263379392108073262e+03
3.254407812759832268e+03
3.245509953563911495e+03
3.236716402273478707e+03
3.227934914907613347e+03
3.219172587658045813e+03
3.210407261003845633e+03
3.201568761552298838e+03
3.192856866019546032e+03
3.184139880249288126e+03
3.175430348441062051e+03
3.166673911588929059e+03
3.157998300560125244e+03
3.149419253501119783e+03
3.140888658750065588e+03
3.132470113193222915e+03
3.124063748657066753e+03
3.115699856414128590e+03
3.107316574916837908e+03
3.098875121982777728e+03
3.090428685484223479e+03
3.082008271910894109e+03
3.073649692040099126e+03
3.065383615258013833e+03
3.057059564863216565e+03
3.048717582166894772e+03
3.040392665365303401e+03
3.032092783511864582e+03
3.023864195584170830e+03
3.015742087439336501e+03
3.007713839870511947e+03
2.999707539033719513e+03
2.991777758327573792e+03
2.983886638480555121e+03
2.976126503099219008e+03
2.968516005567791126e+03
2.960940241224176134e+03
2.953403045570028553e+03
2.945884350609552712e+03
2.938385955103437936e+03
2.931085550107333802e+03
2.923867958388017541e+03
2.916576589308147504e+03
2.909300860702142018e+03
2.902069108424394472e+03
2.895091291662680305e+03
2.888164203005439958e+03
2.881285145378498783e+03
2.874454929742538297e+03
2.867669503116550004e+03
2.860912894243456321e+03
2.854183952652095286e+03
2.847551008706832363e+03
2.840879507490804372e+03
2.834162131605322884e+03
2.827497035961848724e+03
2.820851923679227639e+03
2.814245582942735837e+03
2.807639823380714461e+03
2.801090330631416691e+03
2.794533698224222007e+03
2.788070969386233173e+03
2.781673116156002834e+03
2.775356548027249119e+03
2.769126376874224206e+03
2.762995933449559743e+03
2.756883076889281256e+03
2.750770567325955653e+03
2.744684425217556054e+03
2.738611423508600637e+03
2.732514974168720983e+03
2.726400583927206753e+03
2.720278878414290375e+03
2.714167714696320672e+03
2.708197016604759483e+03
2.702303998696906092e+03
2.696500616708114194e+03
2.690738989199241587e+03
2.685016376813235183e+03
2.679416600200699577e+03
2.674042059842818617e+03
2.668816875353428713e+03
2.663604355333043259e+03
2.658347235055849524e+03
2.653290498171215859e+03
2.648343526381265747e+03
2.643359659600119812e+03
2.638465658542277197e+03
2.633740875856041839e+03
2.629131053304378838e+03
2.624537000150527092e+03
2.619900333712245811e+03
2.615269133827044243e+03
2.610572412716252074e+03
2.605939387661592264e+03
2.601424196652133560e+03
2.596954279990302894e+03
2.592427897414423569e+03
2.587968233774098735e+03
2.583472438851868901e+03
2.579025846604981780e+03
2.574615691342321497e+03
2.570192312510772808e+03
2.565752149958580503e+03
2.561364356473879525e+03
2.557130107227922963e+03
2.552953032725856247e+03
2.548897171033075210e+03
2.545051874535920433e+03
2.541279574155437786e+03
2.537655301979696105e+03
2.534043752970389505e+03
2.530474092923467651e+03
2.526877201835478445e+03
2.523287225963527362e+03
2.519703307405132819e+03
2.516197297771544072e+03
2.512709182096639324e+03
2.509323044462939833e+03
2.506019739811215004e+03
2.502819263686523300e+03
2.499704580254007851e+03
2.496724728732317999e+03
2.493932285680273708e+03
2.491237698633784930e+03
2.488577702828931706e+03
2.486010359390995291e+03
2.483497444558453935e+03
2.481051575989232333e+03
2.478732688024927938e+03
2.476548961080392473e+03
2.474445481478392594e+03
2.472417454175386410e+03
2.470510530446877965e+03
2.468740582584133335e+03
2.466969070441095482e+03
2.465326811722047751e+03
2.463951871003313499e+03
2.462634656615724452e+03
2.461368487498935792e+03
2.460161626983254791e+03
2.458983292401790095e+03
2.457897660330555482e+03
2.456928038270311845e+03
2.456239125478642563e+03
2.455601760577705136e+03
2.455023957175796568e+03
2.454511273256883669e+03
2.454082736518166257e+03
2.453770199552836857e+03
2.453600711348575715e+03
2.453549544166502073e+03
2.453558202444023664e+03
2.453646598416581128e+03
2.453852986220249477e+03
2.454156945432821431e+03
2.454573251638201327e+03
2.455058537387623801e+03
2.455608289829782734e+03
2.456180883045526116e+03
2.456790864612788027e+03
2.457499966365846831e+03
2.458246253315410740e+03
2.459013807679074489e+03
2.459838734567798383e+03
2.460764346050666973e+03
2.461719205392107142e+03
2.462679681222689396e+03
2.463724307512899031e+03
2.464819650342391469e+03
2.465993710228899545e+03
2.467270427144020687e+03
2.468645590609617102e+03
2.470096104064436076e+03
2.471661109839094024e+03
2.473336347330629906e+03
2.475001965400354493e+03
2.476784463309996681e+03
2.478689716977459739e+03
2.480685318174964777e+03
2.482731921781265555e+03
2.484811474551523133e+03
2.486932881299458131e+03
2.489063805156223680e+03
2.491226694207847686e+03
2.493472140607576875e+03
2.495767416636477719e+03
2.498119588131229648e+03
2.500537182624067100e+03
2.502927593601517401e+03
2.505372698166402188e+03
2.507884859272413451e+03
2.510534974726857399e+03
2.513229746306016750e+03
2.515931563099557934e+03
2.518640273949613402e+03
2.521401443737333466e+03
2.524211138182624381e+03
2.527075837413780391e+03
2.529938562981830728e+03
2.532846660825011895e+03
2.535834733245977986e+03
2.538826349487306288e+03
2.541823669365747719e+03
2.544788150047865656e+03
2.547750286217323264e+03
2.550753856426297716e+03
2.553755975247065180e+03
2.556738031568799670e+03
2.559708869080574004e+03
2.562704579764880691e+03
2.565693408797098982e+03
2.568820741080732660e+03
2.572028431904847821e+03
2.575207350251116623e+03
2.578447685751397330e+03
2.581726895683219027e+03
2.585067615803150147e+03
2.588374381342754987e+03
2.591682548114700694e+03
2.595017519906533380e+03
2.598349898223173568e+03
2.601782410183254797e+03
2.605208115326398001e+03
2.608671949211818173e+03
2.612130321039916907e+03
2.615611172613535928e+03
2.619075405539400435e+03
2.622502341491193420e+03
2.625910543668941500e+03
2.629319413138398431e+03
2.632733597704485419e+03
2.636147530700102834e+03
2.639572290136996344e+03
2.643000880472091012e+03
2.646417733937925732e+03
2.649843124315468231e+03
2.653294446037386479e+03
2.656803105611383671e+03
2.660280671192016143e+03
2.663748314880242106e+03
2.667214509864829779e+03
2.670720207473914343e+03
2.674186155923550359e+03
2.677614822114176150e+03
2.680998439624203456e+03
