9.794726547930341912e+05
9.795263040293158265e+05
9.795707171192908427e+05
9.796058533912989078e+05
9.796320548326792195e+05
9.796499187039638637e+05
9.796588844180010492e+05
9.796590843218229711e+05
9.796508990869417321e+05
9.796347255732946796e+05
9.796101873069589492e+05
9.795776257568132132e+05
9.795372297859012615e+05
9.794895153243768727e+05
9.794343030939577147e+05
9.793717685812138952e+05
9.793020535156057449e+05
9.792246707212097244e+05
9.791402863513429184e+05
9.790492960049095564e+05
9.789522380748421419e+05
9.788486481741253519e+05
9.787383529120213352e+05
9.786213708388054511e+05
9.784978870711246273e+05
9.783687862262252020e+05
9.782337821267913096e+05
9.780935007901983336e+05
9.779480783375651808e+05
9.777973158289584098e+05
9.776415522236996330e+05
9.774817060099858791e+05
9.773174161711153574e+05
9.771490090775174322e+05
9.769772158775180578e+05
9.768021210968025262e+05
9.766234537710425211e+05
9.764413128764138091e+05
9.762558733070491580e+05
9.760679834199579200e+05
9.758771569188828580e+05
9.756846430359160295e+05
9.754896032421528362e+05
9.752918281030745711e+05
9.750915746981755365e+05
9.748892985310746590e+05
9.746853137456142576e+05
9.744794533465018030e+05
9.742719864620575681e+05
9.740629376668016193e+05
9.738529680804732488e+05
9.736430730895373272e+05
9.734324942505100043e+05
9.732210861182099907e+05
9.730096506324916845e+05
9.727991153315644478e+05
9.725895577534754993e+05
9.723803224804565543e+05
9.721714470200508367e+05
9.719634821775035234e+05
9.717566723398386966e+05
9.715518282818936277e+05
9.713483820547086652e+05
9.711470310232189950e+05
9.709466799635840580e+05
9.707478233852988342e+05
9.705509127337442478e+05
9.703563448461671360e+05
9.701634659950665664e+05
9.699739328327161493e+05
9.697874124058984453e+05
9.696022171153938398e+05
9.694192964855756145e+05
9.692386746218582848e+05
9.690603954708357342e+05
9.688846035227993270e+05
9.687116705163017614e+05
9.685414058657719288e+05
9.683734112609716831e+05
9.682083485278914450e+05
9.680457997645782307e+05
9.678870252933447482e+05
9.677314797296576435e+05
9.675785359986945987e+05
9.674283065788511885e+05
9.672810879903340247e+05
9.671364689074284397e+05
9.669946441853470169e+05
9.668553441602652892e+05
9.667184103417118313e+05
9.665835520060866838e+05
9.664514756589368917e+05
9.663223558835793519e+05
9.661955320253563114e+05
9.660712916688012192e+05
9.659498610991766909e+05
9.658317308378923917e+05
9.657175813649594784e+05
9.656067721932299901e+05
9.654983639886224410e+05
9.653929187471437035e+05
9.652893431591272820e+05
9.651883527647745796e+05
9.650912270375186345e+05
9.649973500912529416e+05
9.649067456750312122e+05
9.648185425122799352e+05
9.647330812298544915e+05
9.646503140595917357e+05
9.645696299188050907e+05
9.644910216887933202e+05
9.644143256390902679e+05
9.643394269652882358e+05
9.642665549696560483e+05
9.641963013547973242e+05
9.641281446173705626e+05
9.640624202533347998e+05
9.639985308955268702e+05
9.639360114687177120e+05
9.638750025742151774e+05
9.638150329263694584e+05
9.637574860592148034e+05
9.637011168260686100e+05
9.636448399143142160e+05
9.635894630449889228e+05
9.635345183166611241e+05
9.634801653698690934e+05
9.634259423447400331e+05
9.633725404694431927e+05
9.633201120496751973e+05
9.632686644918939564e+05
9.632176484699873254e+05
9.631669695353136631e+05
9.631162225632874761e+05
9.630659032645677216e+05
9.630168552447656402e+05
9.629677331246354152e+05
9.629179966574844439e+05
9.628683541794948978e+05
9.628189615668095648e+05
9.627698367671146989e+05
9.627199829969637794e+05
9.626701158337615198e+05
9.626195592202759581e+05
9.625690709409737028e+05
9.625177365055182017e+05
9.624666219016790856e+05
9.624140230985737871e+05
9.623611368173310766e+05
9.623075083768278128e+05
9.622517723104986362e+05
9.621936568795359926e+05
9.621343133841188392e+05
9.620747850680032279e+05
9.620151728938063607e+05
9.619541913435696624e+05
9.618912387917003362e+05
9.618269483430949040e+05
9.617606922268987400e+05
9.616926294538134243e+05
9.616239254755874863e+05
9.615537278179138666e+05
9.614813496518102475e+05
9.614075721337052528e+05
9.613324744927344145e+05
9.612546401947240811e+05
9.611745422905286541e+05
9.610925744743334362e+05
9.610087615562565625e+05
9.609233171031909296e+05
9.608354115603544051e+05
9.607441734071554383e+05
9.606514650263340445e+05
9.605541852488267468e+05
9.604542224345186260e+05
9.603528344029971631e+05
9.602475372264705366e+05
9.601389518948505865e+05
9.600268688257189933e+05
9.599115240482625086e+05
9.597928869544104673e+05
9.596699630181809189e+05
9.595440755648690974e+05
9.594141338161135791e+05
9.592797854126387974e+05
9.591424845936527709e+05
9.590030258302761940e+05
9.588593475445763906e+05
9.587120562500625383e+05
9.585624225770666962e+05
9.584095844706818461e+05
9.582524759634531802e+05
9.580909822686971165e+05
9.579262133990487782e+05
9.577584429302358767e+05
9.575872177925313590e+05
9.574117358273118734e+05
9.572313796608595876e+05
9.570476870599865215e+05
9.568607357554666232e+05
9.566701626972644590e+05
9.564749634197439300e+05
9.562747841152667534e+05
9.560697674740995280e+05
9.558581450721127912e+05
9.556406982479885919e+05
9.554192127919648774e+05
9.551931542261294089e+05
9.549634350599058671e+05
9.547296808900777251e+05
9.544920183624166530e+05
9.542499501963857329e+05
9.540024579829633003e+05
9.537501124682528898e+05
9.534916916882868391e+05
9.532280336327549303e+05
9.529594143552121241e+05
9.526851384083647281e+05
9.524056160660701571e+05
9.521205746866894187e+05
9.518297342706868658e+05
9.515325770364355994e+05
9.512296927455719560e+05
9.509216761825212743e+05
9.506088105272360845e+05
9.502920810372412670e+05
9.499697544198981486e+05
9.496401517451837426e+05
9.493052441824773559e+05
9.489655996590406867e+05
9.486202591637183214e+05
9.482697533108269563e+05
9.479138804966019234e+05
9.475526270277725998e+05
9.471865190177196637e+05
9.468152539511589566e+05
9.464384236288522370e+05
9.460557186058766674e+05
9.456670948991817422e+05
9.452732642237879336e+05
9.448731748210863443e+05
9.444677519927492831e+05
9.440565387755356496e+05
9.436399085637542885e+05
9.432164672800145345e+05
9.427867933722477173e+05
9.423514761590871494e+05
9.419104939780522836e+05
9.414641792190702399e+05
9.410119620611545397e+05
9.405554855193226831e+05
9.400939237392651848e+05
9.396265987952392315e+05
9.391536396464817226e+05
9.386729409620144870e+05
9.381856393034022767e+05
9.376921997153109405e+05
9.371923236640628893e+05
9.366869451326895505e+05
9.361755971464291215e+05
9.356578872423075372e+05
9.351345431190468371e+05
9.346057361827187706e+05
9.340694540806877194e+05
9.335266127882712753e+05
9.329777655581538565e+05
9.324222850421770709e+05
9.318620599405341782e+05
9.312953307386437664e+05
9.307228423481748905e+05
9.301455868085398106e+05
9.295629928618679987e+05
9.289748552225329913e+05
9.283804212271019351e+05
9.277792337161861360e+05
9.271710800620346563e+05
9.265577111992667196e+05
9.259379610775654437e+05
9.253120706824926892e+05
9.246803871265570633e+05
9.240428771935306722e+05
9.233978394976536511e+05
9.227468506696402328e+05
9.220888589047400746e+05
9.214250820485097356e+05
9.207538088993990095e+05
9.200766927339944523e+05
9.193929849905745359e+05
9.187051747555662878e+05
9.180121152513525449e+05
9.173139742131723324e+05
9.166110653476341395e+05
9.159016837482770206e+05
9.151862141251201974e+05
9.144662374623173382e+05
9.137413258321456378e+05
9.130099081959170289e+05
9.122717771668804344e+05
9.115277147151819663e+05
9.107767351509552682e+05
9.100168606586209498e+05
9.092497810512470314e+05
9.084759877382736886e+05
9.076951631739765871e+05
9.069071296679291409e+05
9.061126108278714819e+05
9.053104862985810032e+05
9.045016139311876614e+05
9.036847766201386694e+05
9.028596413201686228e+05
9.020280388633279363e+05
9.011912928886475274e+05
9.003479165075351484e+05
8.994992180245363852e+05
8.986453448723609326e+05
8.977871060626915423e+05
8.969216322216941044e+05
8.960485908677378902e+05
8.951694670863540377e+05
8.942838941088536521e+05
8.933919476346875308e+05
8.924945228546055732e+05
8.915894185187723488e+05
8.906786295931013301e+05
8.897633457288481295e+05
8.888417266692849807e+05
8.879137160577533068e+05
8.869790882624206133e+05
8.860380594591778936e+05
8.850905593135154340e+05
8.841370063617966371e+05
8.831786456354417605e+05
8.822119487223500619e+05
8.812361978710554540e+05
8.802524682014842983e+05
8.792610856141878758e+05
8.782613308843290433e+05
8.772546916344984202e+05
8.762418932861516951e+05
8.752232556592130568e+05
8.741973816169606289e+05
8.731638199292665813e+05
8.721238505919720046e+05
8.710775583751343656e+05
8.700228792974232929e+05
8.689599391141587403e+05
8.678895101027421188e+05
8.668115945907889400e+05
8.657275559129910544e+05
8.646360167662785389e+05
8.635376544990217080e+05
8.624313135261830175e+05
8.613188096549205948e+05
8.601993189556562575e+05
8.590732702618392650e+05
8.579389391806699568e+05
8.567961223676690133e+05
8.556469573396671331e+05
8.544889902483911719e+05
8.533244562206078554e+05
8.521533437393823406e+05
8.509747163662470412e+05
8.497882261336344527e+05
8.485930891687218100e+05
8.473900716378312791e+05
8.461791053482654970e+05
8.449634147328344407e+05
8.437406840801194776e+05
8.425110466463530902e+05
8.412718825478474610e+05
8.400247505221531028e+05
8.387679520058069611e+05
8.375035524401653092e+05
8.362328778690200998e+05
8.349541998030882096e+05
8.336685407186381053e+05
8.323760210926266154e+05
8.310755909305046080e+05
8.297668304171703057e+05
8.284519231832345249e+05
8.271296661002764013e+05
8.258002006136039272e+05
8.244624107932117768e+05
8.231177764595357003e+05
8.217646995261331322e+05
8.204041833466843236e+05
8.190378652051349636e+05
8.176663604648178443e+05
8.162869792714229552e+05
8.148998753468210343e+05
8.135044862229248974e+05
8.121016099563549506e+05
8.106913811034023529e+05
8.092728575378132518e+05
8.078478795715742745e+05
8.064157474902073154e+05
8.049773220587698743e+05
8.035318790721861878e+05
8.020783277731704293e+05
8.006180950081393821e+05
7.991514449141396908e+05
7.976775471158054424e+05
7.961959246914309915e+05
7.947072816110285930e+05
7.932121602495035622e+05
7.917088678005940747e+05
7.901983467582135927e+05
7.886798223375269445e+05
7.871547647673918400e+05
7.856238445738763548e+05
7.840871432677429402e+05
7.825444584077936597e+05
7.809959665309968404e+05
7.794422864230537089e+05
7.778807724392195232e+05
7.763126236169568729e+05
7.747373907902198844e+05
7.731544776147999801e+05
7.715626780410582433e+05
7.699624922733620042e+05
7.683540978741430445e+05
7.667363655504350318e+05
7.651114512420287356e+05
7.634794722288653720e+05
7.618415858727832092e+05
7.601977097340084147e+05
7.585466448397041531e+05
7.568882129779845709e+05
7.552231731310239993e+05
7.535514787264248589e+05
7.518728086082241498e+05
7.501868362304719631e+05
7.484957201872308506e+05
7.467983412607527571e+05
7.450933249244189356e+05
7.433822634803407127e+05
7.416643347008181736e+05
7.399387804167028517e+05
7.382070692224568920e+05
7.364699203702277737e+05
7.347270767276667757e+05
7.329777354875546880e+05
7.312230368051261175e+05
7.294606827093592146e+05
7.276910395237422781e+05
7.259163273829743266e+05
7.241361812544792192e+05
7.223476942876818357e+05
7.205511784703392768e+05
7.187486301797478227e+05
7.169405978927662363e+05
7.151270711005267221e+05
7.133070573727207957e+05
7.114809028784839902e+05
7.096481584328709869e+05
7.078089220041648950e+05
7.059632661582278088e+05
7.041112376388647826e+05
7.022537448539618636e+05
7.003916731070833048e+05
6.985246511407090584e+05
6.966512362938638544e+05
6.947716589406597195e+05
6.928852559333066456e+05
6.909931558675983688e+05
6.890960110428751213e+05
6.871926125755368266e+05
6.852824727447464829e+05
6.833655371332733193e+05
6.814425814487807220e+05
6.795126399509005714e+05
6.775754831697086338e+05
6.756317761689240579e+05
6.736815404518466676e+05
6.717252525948776165e+05
6.697632236645381199e+05
6.677962959296241170e+05
6.658238452498088591e+05
6.638453310717162676e+05
6.618612971593003022e+05
6.598704331752711441e+05
6.578736760358235333e+05
6.558724432876600185e+05
6.538649496881368104e+05
6.518528432251531631e+05
6.498366317442413419e+05
6.478143128861110890e+05
6.457865161745240912e+05
6.437543715383979725e+05
6.417150985184081364e+05
6.396695888453128282e+05
6.376182336881601950e+05
6.355611951525489567e+05
6.334986981303929351e+05
6.314321018115081824e+05
6.293606597044784576e+05
6.272839515180267626e+05
6.252025880015903385e+05
6.231142232202654704e+05
6.210195473792974371e+05
6.189210484596793540e+05
6.168180373791307211e+05
6.147089704944640398e+05
6.125950494251279160e+05
6.104766377040597145e+05
6.083531298937913962e+05
6.062250346553624840e+05
6.040905326762585901e+05
6.019513848826574394e+05
5.998082080746742431e+05
5.976605509201037930e+05
5.955077265156331705e+05
5.933498587514015380e+05
5.911862959788657026e+05
5.890178056120498804e+05
5.868444121275997022e+05
5.846658449361912208e+05
5.824817705898033455e+05
5.802929107739473693e+05
5.780986348337678937e+05
5.758994186004034709e+05
5.736963134331628680e+05
5.714895176978640957e+05
5.692770389077326981e+05
5.670582488785038004e+05
5.648353765077632852e+05
5.626090259420967195e+05
5.603780009171895217e+05
5.581428645810515154e+05
5.559025043225425761e+05
5.536587873302855296e+05
5.514123755755143939e+05
5.491616078979049344e+05
5.469053810341268545e+05
5.446451374783293577e+05
5.423807000262206420e+05
5.401113720173172187e+05
5.378372103555798531e+05
5.355579888676689006e+05
5.332743811979433522e+05
5.309878176858976949e+05
5.286977998425780097e+05
5.264039370831846027e+05
5.241045186337473569e+05
5.218006024202078115e+05
5.194930666860530619e+05
5.171801799035914009e+05
5.148604526022210484e+05
5.125352988681118004e+05
5.102048951949153561e+05
5.078709402884815354e+05
5.055343678299743915e+05
5.031939241439285106e+05
5.008495152134881937e+05
4.985008723866256769e+05
4.961494621757826535e+05
4.937947262165696011e+05
4.914354833113194909e+05
4.890721172811705619e+05
4.867054013221914065e+05
4.843337512559174793e+05
4.819572602419875329e+05
4.795776701692990027e+05
4.771935109473826597e+05
4.748046114633631660e+05
4.724124770507789799e+05
4.700168831303521874e+05
4.676180829656402348e+05
4.652161808099767077e+05
4.628123245422760956e+05
4.604043580633804668e+05
4.579917347817230038e+05
4.555745914212851785e+05
4.531551325348589453e+05
4.507332868230236345e+05
4.483086394029929652e+05
4.458797036771670682e+05
4.434464126001443365e+05
4.410079857233196963e+05
4.385652252002471942e+05
4.361178441321955761e+05
4.336674068616960431e+05
4.312126595917501836e+05
4.287545601652140613e+05
4.262930441370518529e+05
4.238281443605651148e+05
4.213605689160267357e+05
4.188888855696277460e+05
4.164133998142383061e+05
4.139341014777980163e+05
4.114530427641564165e+05
4.089694589156413567e+05
4.064825168212120188e+05
4.039916087554686819e+05
4.014978306416810956e+05
3.990025115112148924e+05
3.965051843067659065e+05
3.940048694495685631e+05
3.915013962728970218e+05
3.889948860608674004e+05
3.864855790687772678e+05
3.839727175160056795e+05
3.814580909279749030e+05
3.789411353732376592e+05
3.764210724593794439e+05
3.738975439809329691e+05
3.713713978446613182e+05
3.688425348690898390e+05
3.663117377849973855e+05
3.637799431457248866e+05
3.612448486614319263e+05
3.587066256247325218e+05
3.561661956132085761e+05
3.536227568953782320e+05
3.510769939383892925e+05
3.485277036030776217e+05
3.459751617639271426e+05
3.434194022766035050e+05
3.408604698912081076e+05
3.382969751206007204e+05
3.357325468533699168e+05
3.331680722191211535e+05
3.306031026537283906e+05
3.280359872663214919e+05
3.254673172114758054e+05
3.228963847062594723e+05
3.203250393521903316e+05
3.177521345953336568e+05
3.151780055349624599e+05
3.126031217977616470e+05
3.100297470438646851e+05
3.074570629804029013e+05
3.048821992952722940e+05
3.023054377492687781e+05
2.997272643310928252e+05
2.971480836735778139e+05
2.945677040271985461e+05
2.919873245406043716e+05
2.894067396774346125e+05
2.868249640629337518e+05
2.842409831871289643e+05
2.816551033680029796e+05
2.790686364883283386e+05
2.764806118533559493e+05
2.738905235432197805e+05
2.712994183839919278e+05
2.687081160816738848e+05
2.661155523590974626e+05
2.635223477466871846e+05
2.609285856803391944e+05
2.583345373120563745e+05
2.557403768487565103e+05
2.531459452728298784e+05
2.505514914731690078e+05
2.479574120212373964e+05
2.453640054378068016e+05
2.427706559505288024e+05
2.401765174475071835e+05
2.375821078264624812e+05
2.349888239493859292e+05
2.323962279552262917e+05
2.298028804518949473e+05
2.272079384100470925e+05
2.246122745463484025e+05
2.220173926637265249e+05
2.194222527812363405e+05
2.168272909006228729e+05
2.142307887124332774e+05
2.116338571561243443e+05
2.090372873648770910e+05
2.064402987268312718e+05
2.038438277061417757e+05
2.012482079400752264e+05
1.986526410173640761e+05
1.960570521077741869e+05
1.934625960343291226e+05
1.908689784801607020e+05
1.882758695934232674e+05
1.856820265106783190e+05
1.830875579428423662e+05
1.804942082489926252e+05
1.779017525514065055e+05
1.753110273045482463e+05
1.727200476643950969e+05
1.701296045468896918e+05
1.675394578128855210e+05
1.649506805104644736e+05
1.623628508820196148e+05
1.597769799817146268e+05
1.571929111608307285e+05
1.546105339158591523e+05
1.520290381663357839e+05
1.494480823844335973e+05
1.468692879536084656e+05
1.442926471608137945e+05
1.417168221225773450e+05
1.391418478019195318e+05
1.365683950018367323e+05
1.339973587108933134e+05
1.314280579691359890e+05
1.288612868512907880e+05
1.262973833519631735e+05
1.237358073487853835e+05
1.211752717613300920e+05
1.186156427049297490e+05
1.160585693094002781e+05
1.135047848934670474e+05
1.109539985222160758e+05
1.084053599870371836e+05
1.058585655279610364e+05
1.033145665962570347e+05
1.007749652600724075e+05
9.823725758002400107e+04
9.570134811233999790e+04
9.316707283127159462e+04
9.063562003770458978e+04
8.810759315244777827e+04
8.558125590705657669e+04
8.305649268760420091e+04
8.053468303977999312e+04
7.801567915994497889e+04
7.549877691589239112e+04
7.298375046339731489e+04
7.047212427492563438e+04
6.796375314968742896e+04
6.545846885591253522e+04
6.295631292462410784e+04
6.045697812552880350e+04
5.795999429154095560e+04
5.546672195318937156e+04
5.297671498420348507e+04
5.048922506465145125e+04
4.800576198479339655e+04
4.552511134726044111e+04
4.304724167284524447e+04
4.057303711228788598e+04
3.810224556478517479e+04
3.563519831880838319e+04
3.317122730038318696e+04
3.071129295874204035e+04
2.825591276750411271e+04
2.580533110839271831e+04
2.335796673605378965e+04
2.091483593549909347e+04
1.847593667971642572e+04
1.604223277204031547e+04
1.361340628186092545e+04
1.118914381272959690e+04
8.768593157397324831e+03
6.352264622121157117e+03
3.939606480477615150e+03
1.531383729563407996e+03
-8.722313253145607632e+02
-3.271167931177139963e+03
-5.665918431462669105e+03
-8.056689874787650297e+03
-1.044287517146556820e+04
-1.282474757416959619e+04
-1.520147097962073167e+04
-1.757362462238604348e+04
-1.994276129953167765e+04
-2.230610058038517309e+04
-2.466383261544357811e+04
-2.701605051251848636e+04
-2.936188537678549255e+04
-3.170109871434875458e+04
-3.403519691170921578e+04
-3.636260730596158101e+04
-3.868426721553104289e+04
-4.099995813294114487e+04
-4.331059855543191952e+04
-4.561490180423886341e+04
-4.791343740601438913e+04
-5.020563174673902540e+04
-5.249110195107474283e+04
-5.477065863484200963e+04
-5.704480581687371159e+04
-5.931280741351206234e+04
-6.157498380923492368e+04
-6.383016130026075552e+04
-6.607753317859930394e+04
-6.831842169532596017e+04
-7.055450543360601296e+04
-7.278485244109314226e+04
-7.500821163037915539e+04
-7.722395141201603110e+04
-7.943278927198072779e+04
-8.163445540668767353e+04
-8.382929383806572878e+04
-8.601755541478688247e+04
-8.819989911424966704e+04
-9.037636155456252163e+04
-9.254725883283796429e+04
-9.470992316771725018e+04
-9.686655236078675080e+04
-9.901690206266961468e+04
-1.011589717312416615e+05
-1.032943248290993652e+05
-1.054233443811496109e+05
-1.075460394082028215e+05
-1.096616480816753465e+05
-1.117696099300899514e+05
-1.138697426178931637e+05
-1.159621687003572879e+05
-1.180468564246307214e+05
-1.201237441417616938e+05
-1.221926430589935480e+05
-1.242529276024326246e+05
-1.263049240005138854e+05
-1.283488462698485964e+05
-1.303845070517322456e+05
-1.324120935466390220e+05
-1.344310348978723341e+05
-1.364409864557245164e+05
-1.384430047445563832e+05
-1.404364434552761959e+05
-1.424215435217815975e+05
-1.443984237122348568e+05
-1.463670296717471501e+05
-1.483277819636539498e+05
-1.502806544037159765e+05
-1.522252845674940618e+05
-1.541610541964603472e+05
-1.560871764420828549e+05
-1.580037790066795424e+05
-1.599115871580889216e+05
-1.618112522948169499e+05
-1.637011235485990765e+05
-1.655802270786495938e+05
-1.674498107266527077e+05
-1.693100617508616997e+05
-1.711606522430432960e+05
-1.730011130906835024e+05
-1.748321711067943543e+05
-1.766548379628385592e+05
-1.784684293279053818e+05
-1.802719214199101552e+05
-1.820654981606548536e+05
-1.838496646781596937e+05
-1.856238746058875113e+05
-1.873880498214673426e+05
-1.891412387062209600e+05
-1.908834730575599824e+05
-1.926140912770938885e+05
-1.943347098501423316e+05
-1.960445537727930641e+05
-1.977427882056367525e+05
-1.994296035428370233e+05
-2.011060819870643027e+05
-2.027709231536411680e+05
-2.044246654608482495e+05
-2.060673860668543784e+05
-2.076990565199057455e+05
-2.093209318502850947e+05
-2.109307725811917044e+05
-2.125295287193276745e+05
-2.141166229902607156e+05
-2.156922686585084884e+05
-2.172559181618019938e+05
-2.188062799238032894e+05
-2.203434980501054088e+05
-2.218676272268186440e+05
-2.233791249945972522e+05
-2.248785431486371381e+05
-2.263667126997002342e+05
-2.278432519645409484e+05
-2.293075945472209423e+05
-2.307594691330968053e+05
-2.321981921723648848e+05
-2.336237154387856717e+05
-2.350359384135136497e+05
-2.364353272353147040e+05
-2.378215528270220093e+05
-2.391946323237344332e+05
-2.405546634386786609e+05
-2.419014534286175331e+05
-2.432343742214443919e+05
-2.445536790920280328e+05
-2.458593257020301826e+05
-2.471512395319142670e+05
-2.484296048733292555e+05
-2.496932305803906638e+05
-2.509421355541663943e+05
-2.521769534826153249e+05
-2.533977363997785142e+05
-2.546048647459545173e+05
-2.557984789471910626e+05
-2.569776887554243440e+05
-2.581420497451761039e+05
-2.592924649723594775e+05
-2.604278427533525391e+05
-2.615494850176654290e+05
-2.626573935260887374e+05
-2.637496546247248189e+05
-2.648281083749630488e+05
-2.658925363996528322e+05
-2.669418924959367723e+05
-2.679768396810873528e+05
-2.689976181720862514e+05
-2.700035119362945552e+05
-2.709945736524218810e+05
-2.719702946656615240e+05
-2.729305448703597649e+05
-2.738756898187958868e+05
-2.748050687542987289e+05
-2.757189263454003958e+05
-2.766179832108357223e+05
-2.775016640373519622e+05
-2.783708634352100198e+05
-2.792253560064819758e+05
-2.800638656797428266e+05
-2.808875851529028150e+05
-2.816961502878721221e+05
-2.824896696713666897e+05
-2.832682294358572690e+05
-2.840312392952929367e+05
-2.847789763734975713e+05
-2.855118810449662269e+05
-2.862293181950525031e+05
-2.869315482417486492e+05
-2.876180944464693894e+05
-2.882887926452867687e+05
-2.889431598528268514e+05
-2.895821130808456219e+05
-2.902058607865055092e+05
-2.908146184174513328e+05
-2.914082879918624531e+05
-2.919867625167932129e+05
-2.925501357810855261e+05
-2.930984745440859697e+05
-2.936316279173337389e+05
-2.941497222319761058e+05
-2.946530325283164275e+05
-2.951424293650416075e+05
-2.956178571748181130e+05
-2.960793129726523766e+05
-2.965268914576530224e+05
-2.969601529274352943e+05
-2.973798539358002599e+05
-2.977846164733384503e+05
-2.981749122528667212e+05
-2.985509892733684974e+05
-2.989140122159742168e+05
-2.992633684190917411e+05
-2.995987214870496537e+05
-2.999209403687702725e+05
-3.002301298520752462e+05
-3.005268342550480738e+05
-3.008111739087447640e+05
-3.010832250028104172e+05
-3.013427628139209119e+05
-3.015907243596205954e+05
-3.018265812811651849e+05
-3.020504345391369425e+05
-3.022626420553697972e+05
-3.024632487812485779e+05
-3.026527926858530845e+05
-3.028317784520182759e+05
-3.030004834181743208e+05
-3.031589732827637927e+05
-3.033073595257703564e+05
-3.034458225043992861e+05
-3.035743459061708418e+05
-3.036931685054444824e+05
-3.038020034145111567e+05
-3.039008802171102143e+05
-3.039903465676838532e+05
-3.040708362288351636e+05
-3.041431546775256284e+05
-3.042073600552874850e+05
-3.042634264962355373e+05
-3.043111344063723809e+05
-3.043506920889239991e+05
-3.043827344668805017e+05
-3.044070386045114719e+05
-3.044240232987794443e+05
-3.044336316885072738e+05
-3.044361331504843547e+05
-3.044319758264621487e+05
-3.044211367828113143e+05
-3.044036095481382217e+05
-3.043792916381456889e+05
-3.043478436024672701e+05
-3.043105210868243012e+05
-3.042668349770442001e+05
-3.042168245488929097e+05
-3.041613973358570365e+05
-3.041004359317772323e+05
-3.040340582253850298e+05
-3.039627601461965824e+05
-3.038864332785909646e+05
-3.038049203181053745e+05
-3.037189354513975559e+05
-3.036286456094570458e+05
-3.035338733384630759e+05
-3.034354530155297252e+05
-3.033332701353877201e+05
-3.032273874508441077e+05
-3.031177001824117033e+05
-3.030042727771982900e+05
