7.010094559739944089e+03
7.011873232122505215e+03
7.013303848447919336e+03
7.014482293833663789e+03
7.015863543809351540e+03
7.017056712359518315e+03
7.017853240425860349e+03
7.018239870353991137e+03
7.018253486648321996e+03
7.018395202081517709e+03
7.018514103946264186e+03
7.018348796480911915e+03
7.017972623612748976e+03
7.017429792258724774e+03
7.016836897492040407e+03
7.015983316054544048e+03
7.015172387445518325e+03
7.014260725611670750e+03
7.013070400981160674e+03
7.011700207740581391e+03
7.010182594337017690e+03
7.008606220875539293e+03
7.007298450280226461e+03
7.005837467307486804e+03
7.004170539040995209e+03
7.002401234873394969e+03
7.000554420868623311e+03
6.998448192630246922e+03
6.996326781459465565e+03
6.994097642874075973e+03
6.991764334440602397e+03
6.989555714851299854e+03
6.987511260646651863e+03
6.985422896101653350e+03
6.983258634144105599e+03
6.981049774633793277e+03
6.978882026727865195e+03
6.976428442923865077e+03
6.973532431224970424e+03
6.970455135722213527e+03
6.967441330697100057e+03
6.964590983113075708e+03
6.961604618002162169e+03
6.958549369875466255e+03
6.955440301146009006e+03
6.952382356235973020e+03
6.949150109716104453e+03
6.945986394520432441e+03
6.942988215988330012e+03
6.939876075165915609e+03
6.936662657805130038e+03
6.933533829601095022e+03
6.930649301037981786e+03
6.927983065279709990e+03
6.925432761550060604e+03
6.922855505584675484e+03
6.920051183835737902e+03
6.917417892966562249e+03
6.914849533442873508e+03
6.912337226152377298e+03
6.909806546309974692e+03
6.907599833884458349e+03
6.905190133442541992e+03
6.902800926787103890e+03
6.900797503557960226e+03
6.899015906828921288e+03
6.897655442750583461e+03
6.896239569720308282e+03
6.895387245822612385e+03
6.894760051534831291e+03
6.894169167388049573e+03
6.893615119026149841e+03
6.893113996680333003e+03
6.892764524811681440e+03
6.892559683910454623e+03
6.892582460731905485e+03
6.892657552946870965e+03
6.893263517332708943e+03
6.894103419210686297e+03
6.895274999463257700e+03
6.896663682503183736e+03
6.898369631120252961e+03
6.900650126814942269e+03
6.903193402524964768e+03
6.906077418257133104e+03
6.909089199153841037e+03
6.912105987327819093e+03
6.915167984289168089e+03
6.918845946125141381e+03
6.922883259659727628e+03
6.927191902292067425e+03
6.931865419697913239e+03
6.937143084024513882e+03
6.942688113689864622e+03
6.949044194606623932e+03
6.956220446077664747e+03
6.964495472210643129e+03
6.973351148430782814e+03
6.982936214397594085e+03
6.992746925362758702e+03
7.003001834230892200e+03
7.013758785190093477e+03
7.024874903567702859e+03
7.036628978995789112e+03
7.048829935019891309e+03
7.061195907023004111e+03
7.073897308119497211e+03
7.087115047987529579e+03
7.100889758083922061e+03
7.115104369677430441e+03
7.129676376794119278e+03
7.144416429416854953e+03
7.159613392605579975e+03
7.175424195610100469e+03
7.191764757421304239e+03
7.209173734847281594e+03
7.227439652586092052e+03
7.246631506952948257e+03
7.266373133746497842e+03
7.286480417012808175e+03
7.307042176858916719e+03
7.327972886311892580e+03
7.349315646050983560e+03
7.371685333678279676e+03
7.394723880488578288e+03
7.418281184834704618e+03
7.442084215497605328e+03
7.466423268960352289e+03
7.491134888710955238e+03
7.516742202450780496e+03
7.543021135536360816e+03
7.570121927645575852e+03
7.598082298218021606e+03
7.626539412478183294e+03
7.655433887549736028e+03
7.684769331178566063e+03
7.714510789911915708e+03
7.745290560752281635e+03
7.776629279699305698e+03
7.808670273380901563e+03
7.840958635448011592e+03
7.873634758161035279e+03
7.906867794552308624e+03
7.940559125108686203e+03
7.974481773414857344e+03
8.009095960598785496e+03
8.044293779710907984e+03
8.079830320553934143e+03
8.115738873474790125e+03
8.152436362715371615e+03
8.189728025397533202e+03
8.227228067441874373e+03
8.265308915817260640e+03
8.304384619429949453e+03
8.343829771966462431e+03
8.383563384262135514e+03
8.424189002655864897e+03
8.465317615451436723e+03
8.506917916367103317e+03
8.548698999314901812e+03
8.590957132111736428e+03
8.633648136989133491e+03
8.676583774002683640e+03
8.720015289093931642e+03
8.763997850976500558e+03
8.808524743780286371e+03
8.853317011869654380e+03
8.898335331128037069e+03
8.943319866839305178e+03
8.988599827443380491e+03
9.033970362223451957e+03
9.079527705711856470e+03
9.125152498119101438e+03
9.171063518806204229e+03
9.217380343557682863e+03
9.263999674348173357e+03
9.310567465465957866e+03
9.357048341436191549e+03
9.403265608573474310e+03
9.449374855448102608e+03
9.495593302743078311e+03
9.542121506713263443e+03
9.588828732249847235e+03
9.635308432891546545e+03
9.681745302026985883e+03
9.727920001943677562e+03
9.773821561384504093e+03
9.819626788169856809e+03
9.865234334201933962e+03
9.910708846357330913e+03
9.955907006167337386e+03
1.000108626797043144e+04
1.004636182138756703e+04
1.009163667585261646e+04
1.013682906775316951e+04
1.018168049821143177e+04
1.022600028892356204e+04
1.027002420212240395e+04
1.031362605599817834e+04
1.035693562311760979e+04
1.039984518613008913e+04
1.044213518123302856e+04
1.048391511415678360e+04
1.052527266292395507e+04
1.056596237901063796e+04
1.060604101744922809e+04
1.064571488840915481e+04
1.068472882865195061e+04
1.072317389657099920e+04
1.076079558173724763e+04
1.079780152730183545e+04
1.083411823136116436e+04
1.086974358615478559e+04
1.090474839854570200e+04
1.093899639415225647e+04
1.097250775728468579e+04
1.100538716994652714e+04
1.103794191293366384e+04
1.106980337677878924e+04
1.110076988527826870e+04
1.113076010794102694e+04
1.115988635639086715e+04
1.118814147656257410e+04
1.121571942936225241e+04
1.124251519903490589e+04
1.126857275637659404e+04
1.129373602420893985e+04
1.131799573098496330e+04
1.134132739253087129e+04
1.136368348751826670e+04
1.138502616805086654e+04
1.140539499899916518e+04
1.142495341212584208e+04
1.144355045825960769e+04
1.146114535926102872e+04
1.147764514945727933e+04
1.149308167291915015e+04
1.150745491631956611e+04
1.152092568086055689e+04
1.153339151977169604e+04
1.154483339022898690e+04
1.155521011850576906e+04
1.156444413013042322e+04
1.157253194827698462e+04
1.157953537960803442e+04
1.158542842326912432e+04
1.159024692464924010e+04
1.159393663919287246e+04
1.159646949116198266e+04
1.159784472901734625e+04
1.159808864602633730e+04
1.159725455992271964e+04
1.159526346979276786e+04
1.159211652796291310e+04
1.158781538427754276e+04
1.158236218623191962e+04
1.157575957819532778e+04
1.156810519615056910e+04
1.155931982322234035e+04
1.154939579981558381e+04
1.153833766470119554e+04
1.152615044019204834e+04
1.151291409504680632e+04
1.149875421088509029e+04
1.148369665474741123e+04
1.146768920115037690e+04
1.145058735283930764e+04
1.143249769693653798e+04
1.141332530572897485e+04
1.139309611025194681e+04
1.137195792766157319e+04
1.134980074771467116e+04
1.132664144822780690e+04
1.130264485086378772e+04
1.127783413895780177e+04
1.125216462350826623e+04
1.122561438934446051e+04
1.119813600142260475e+04
1.116971192228800282e+04
1.114033796327902382e+04
1.111014260113950695e+04
1.107922624885132609e+04
1.104761997308360151e+04
1.101534766163773747e+04
1.098254874592098349e+04
1.094901891613620319e+04
1.091493248459551432e+04
1.088037158379520770e+04
1.084532820475383414e+04
1.080964784743936070e+04
1.077334105588979583e+04
1.073639658479329046e+04
1.069880658712493823e+04
1.066075055069221708e+04
1.062208134044754115e+04
1.058294745811282701e+04
1.054325809292702615e+04
1.050301636935282295e+04
1.046237350695823625e+04
1.042142503454217149e+04
1.038015753712532751e+04
1.033855077644371704e+04
1.029635982534832510e+04
1.025362948902194694e+04
1.021071876551485911e+04
1.016742312106071040e+04
1.012394390451365143e+04
1.008015033239350487e+04
1.003594841377787816e+04
9.991836035403248388e+03
9.947629157658073382e+03
9.903051980705975438e+03
9.858315066498264059e+03
9.813403564684795128e+03
9.768106524682547388e+03
9.722603913423456106e+03
9.676942278990132763e+03
9.631135699519723858e+03
9.585305613429765799e+03
9.539610795638986019e+03
9.493967940903574345e+03
9.448636795869173511e+03
9.403566396878870364e+03
9.358580820722279896e+03
9.313420452724487404e+03
9.268354221054165464e+03
9.223204590161261876e+03
9.177929285199856167e+03
9.132983288302664732e+03
9.088253107540742349e+03
9.043933149229447736e+03
9.000341001557188065e+03
8.957053599013896019e+03
8.914071902205498191e+03
8.871399625034511701e+03
8.829245723173889928e+03
8.787515546614657069e+03
8.746018756831614155e+03
8.704949215646494849e+03
8.663886858150162880e+03
8.623197763503980241e+03
8.583264251964114010e+03
8.543927158507434797e+03
8.505083577880619487e+03
8.466769494737909554e+03
8.428878275653338278e+03
8.391105341974922339e+03
8.353777866593334693e+03
8.317145032768199599e+03
8.280614540179582036e+03
8.244577694131958197e+03
8.209020912838625009e+03
8.174220510859254318e+03
8.140396089654728712e+03
8.107230856895842408e+03
8.074892493435014330e+03
8.043339209767974353e+03
8.012431559613456557e+03
7.981689959476010699e+03
7.951408119916632131e+03
7.921429077226001027e+03
7.892109251942370065e+03
7.863532205546553996e+03
7.835666303463740405e+03
7.808143350361615376e+03
7.780847412096552944e+03
7.754159990873774404e+03
7.728260519118896809e+03
7.702884636140099246e+03
7.678179854448955666e+03
7.653833343982209044e+03
7.629664724961881802e+03
7.606000615044071310e+03
7.582872658121394124e+03
7.560418529305805350e+03
7.538627000645503358e+03
7.517613121701871933e+03
7.497341851166411288e+03
7.477655322177751259e+03
7.458686959576128174e+03
7.440335911577332809e+03
7.422483957213496979e+03
7.405052354628611283e+03
7.388271680015806851e+03
7.371901453651844349e+03
7.356435432260550442e+03
7.341596125258336542e+03
7.327398130423114708e+03
7.313846083736593755e+03
7.300834849540022333e+03
7.288217893785421438e+03
7.276337822998910269e+03
7.265072494867170462e+03
7.254121472077452381e+03
7.243669680461604912e+03
7.234002715058149988e+03
7.224977991731431757e+03
7.216249495323574592e+03
7.207920421795397488e+03
7.199829129522774565e+03
7.192139502912018543e+03
7.185085942393343430e+03
7.178641220664587308e+03
7.172863268884905665e+03
7.167481091184194156e+03
7.162219756403391330e+03
7.157174638810606666e+03
7.152616855571350243e+03
7.148467668092538588e+03
7.144537292254535714e+03
7.141135896032888013e+03
7.137869796219007185e+03
7.134813348552420393e+03
7.132105748613887044e+03
7.129567464952715454e+03
7.127399709145903216e+03
7.125576445571237855e+03
7.123813947456390451e+03
7.121867510379315718e+03
7.120149400130684626e+03
7.118708011993527180e+03
7.117298667867964468e+03
7.115926400799234216e+03
7.114910232138585343e+03
7.114303523808026512e+03
7.114314023246701254e+03
7.114572579764448164e+03
7.114935180039201441e+03
7.115743147914959991e+03
7.116847789021834615e+03
7.118364569255513743e+03
7.120115708493964121e+03
7.121664498158896095e+03
7.123170118878058020e+03
7.124557551899004466e+03
7.126089251566012535e+03
7.127757609661457536e+03
7.129766051405018516e+03
7.132026501440971515e+03
7.134195199915959165e+03
7.136219634928767846e+03
7.138337858457814036e+03
7.140593834312220679e+03
7.142788460975669295e+03
7.144870511630357214e+03
7.147124487565756681e+03
7.149287838348146579e+03
7.151631094740494518e+03
7.154116851448654415e+03
7.156583359575954091e+03
7.158978449695491690e+03
7.161350410442461907e+03
7.163463239842575604e+03
7.165405951233684391e+03
7.167456572253005106e+03
7.169388147395437045e+03
7.171122698770079296e+03
7.172573749067254539e+03
7.174178908600291834e+03
7.175754047262376844e+03
7.177452611706552489e+03
7.179163409117649280e+03
7.180598680494107612e+03
7.182142881689548631e+03
7.183458251853905494e+03
7.184491153107384889e+03
7.185419895469194671e+03
7.186201624799548881e+03
7.186954498679338940e+03
7.187464538744153288e+03
7.187879082967498107e+03
7.188058161255297819e+03
7.188156118720022278e+03
7.188116175623343224e+03
7.187845631832766230e+03
7.187376023999158861e+03
7.186618011555605335e+03
7.185741392087451459e+03
7.184675742928348882e+03
7.183665822340977684e+03
7.182614691464524185e+03
7.181433073206284462e+03
7.180079577832715586e+03
7.178499186900620771e+03
7.177286466525349169e+03
7.176000478909763842e+03
7.174526634486448529e+03
7.172704650267431134e+03
7.170729006514733555e+03
7.168697200338709081e+03
7.166507150491925131e+03
7.164033317729164992e+03
7.161416150177595227e+03
7.158729712310167088e+03
7.155956382905958890e+03
7.153089084000510411e+03
7.150158680820239169e+03
7.146937481290625328e+03
7.143538744546081944e+03
7.139881702249454975e+03
7.135988289626993719e+03
7.131777519314222445e+03
7.127079898555839463e+03
7.122110414062383825e+03
7.117021970325678922e+03
7.111915959820129501e+03
7.106784901364420875e+03
7.101577555767080412e+03
7.095979517991521789e+03
7.090207639599594586e+03
7.084300363900035336e+03
7.078354948213045645e+03
7.072210888664430968e+03
7.065748102879673752e+03
7.058966994778953449e+03
7.051875944627114222e+03
7.044804122444842506e+03
7.037673519302244131e+03
7.030223191430277438e+03
7.022582195458642673e+03
7.014979289398406763e+03
7.007459447260287561e+03
6.999749781716723191e+03
6.991749559786186182e+03
6.983770294968298913e+03
6.975893211007628452e+03
6.967919887568097693e+03
6.959703330425800232e+03
6.951189408241380079e+03
6.942502164557653487e+03
6.933771782405472550e+03
6.924727487600800487e+03
6.915324712232515594e+03
6.906028547796013299e+03
6.896833450234025804e+03
6.887555636431236053e+03
6.878054381823575568e+03
6.868453659378620614e+03
6.858760865021804420e+03
6.848791030131859770e+03
6.838675874309896244e+03
6.828387357079984213e+03
6.817970704755285624e+03
6.807322821964073228e+03
6.796450187739339526e+03
6.785342700658380636e+03
6.774107743370259413e+03
6.762704950449844546e+03
6.751160797935686787e+03
6.739514052447246286e+03
6.727701981888710179e+03
6.715732496714442277e+03
6.703659046969679366e+03
6.691445073726630653e+03
6.679118176216943539e+03
6.666615675429467046e+03
6.653875067183897045e+03
6.641102466491065570e+03
6.628281268420051674e+03
6.615372224994919634e+03
6.602416244801665016e+03
6.589535131277389155e+03
6.576854983621316023e+03
6.564004701001366811e+03
6.551156727112051158e+03
6.538344157315801567e+03
6.525406432288657015e+03
6.512327337012878161e+03
6.499115719491648633e+03
6.485693492223565954e+03
6.472039165217947811e+03
6.458221078617322746e+03
6.444255335902953448e+03
6.430093289608066698e+03
6.415898152286157710e+03
6.401842254694383882e+03
6.387843401497820196e+03
6.373649275311611746e+03
6.359261654312009341e+03
6.344816162022067147e+03
6.330227619322209648e+03
6.315624308232390831e+03
6.300903680796005574e+03
6.286185942097101361e+03
6.271359015004353751e+03
6.256567812417399182e+03
6.241684849485207451e+03
6.226746896107473731e+03
6.211848202977855181e+03
6.196896799116329930e+03
6.181866239364237117e+03
6.166699823332583037e+03
6.151492147011362249e+03
6.136318160002967488e+03
6.121190134751526784e+03
6.106260563931109573e+03
6.091373426700358323e+03
6.076407757477223640e+03
6.061502023075237048e+03
6.046628554144614100e+03
6.031808470526004385e+03
6.016949331708936370e+03
6.002135834905409865e+03
5.987313500078789730e+03
5.972365146301470304e+03
5.957511018024008081e+03
5.942724667096437770e+03
5.927875652208137581e+03
5.913040247417793580e+03
5.898204732248847904e+03
5.883384549185734613e+03
5.868573429862286503e+03
5.853808749911561790e+03
5.839187772150647106e+03
5.824867489538764858e+03
5.810775680606987407e+03
5.796722845233018234e+03
5.782636891832006768e+03
5.768585465583682890e+03
5.754484439239724452e+03
5.740565494307199515e+03
5.726710718056932819e+03
5.712909877188302744e+03
5.699098265706898019e+03
5.685265313028719902e+03
5.671431066492260470e+03
5.657610773771973072e+03
5.643757926310609037e+03
5.629943866671833348e+03
5.616212106452306216e+03
5.602554551334764255e+03
5.588989622468983725e+03
5.575576997885364108e+03
5.562292417248239872e+03
5.549091763025051478e+03
5.535913358067105946e+03
5.522783657026125184e+03
5.509689860281388064e+03
5.496704919405499822e+03
5.483857078214252397e+03
5.471048509452105463e+03
5.458354382534153046e+03
5.445786624483500418e+03
5.433240390719718562e+03
5.420948379250382459e+03
5.408919011196718202e+03
5.396923348289757996e+03
5.384958117906785446e+03
5.373198444087445750e+03
5.361645483233589403e+03
5.350255244210316960e+03
5.338919813211285145e+03
5.327720753997658903e+03
5.316676240676371890e+03
5.305772579274040254e+03
5.294984129322602712e+03
5.284387643154814214e+03
5.273882719835874013e+03
5.263435480416363134e+03
5.253176059184605037e+03
5.243103004086754481e+03
5.233179348942791876e+03
5.223380386388867919e+03
5.213832236702103728e+03
5.204478575316472416e+03
5.195319951581101122e+03
5.186252633463631355e+03
5.177239058014504735e+03
5.168344492631445974e+03
5.159693997318179754e+03
5.151186187204549242e+03
5.142761769172226195e+03
5.134400064546012800e+03
5.126150175049939207e+03
5.118009710176783301e+03
5.109939532452883213e+03
5.101932840306239086e+03
5.093962996970339191e+03
5.086213269733903871e+03
5.078625543202991139e+03
5.071302504666563436e+03
5.064089867367289116e+03
5.056964219583436716e+03
5.049894945328474023e+03
5.042892105940090005e+03
5.035993438344256901e+03
5.029223276522388915e+03
5.022520754533762556e+03
5.015926270948343699e+03
5.009520149820713414e+03
5.003258462279423838e+03
4.997137359839251076e+03
4.991312941066146777e+03
4.985595678701925863e+03
4.980008236135974585e+03
4.974524864194278962e+03
4.969117121659628538e+03
4.963770850307078945e+03
4.958510154669002077e+03
4.953319484276240473e+03
4.948212945336816119e+03
4.943243342530968221e+03
4.938345601854360211e+03
4.933509973619643461e+03
4.928723834971011456e+03
4.924083060466213283e+03
4.919547655167134508e+03
4.915073893313091503e+03
4.910681170666954131e+03
4.906412188333939412e+03
4.902209608600525826e+03
4.898070192639735069e+03
4.893998841183908553e+03
4.889987037084903932e+03
4.886038496807348565e+03
4.882152715152948986e+03
4.878469776263117637e+03
4.874905287280178527e+03
4.871488713925277807e+03
4.868115403046509527e+03
4.864787628963013958e+03
4.861524257421226139e+03
4.858325828993378309e+03
4.855212995992957985e+03
4.852176473190682373e+03
4.849387630572887247e+03
4.846693126057538393e+03
4.844065856011237884e+03
4.841493983219827896e+03
4.838978643172206830e+03
4.836522890288993949e+03
4.834208959229903485e+03
4.832008312130903505e+03
4.829868607793418050e+03
4.827844683763789362e+03
4.825918342234519514e+03
4.824056250326500958e+03
4.822258842297611409e+03
4.820536211276214090e+03
4.818881146705080027e+03
4.817293116395845573e+03
4.815761553951322639e+03
4.814284400142943014e+03
4.812863541144522969e+03
4.811509571643225172e+03
4.810214542760870245e+03
4.808985444593328793e+03
4.807812854587850779e+03
4.806697135575528591e+03
4.805638625052604766e+03
4.804647406151816540e+03
4.803717243110379968e+03
4.802845125660270241e+03
4.802031266703756046e+03
4.801275842630523584e+03
4.800578991709047841e+03
4.799945891634488362e+03
4.799379474638704778e+03
4.798871806312155968e+03
4.798422863243393294e+03
4.798032580645443886e+03
4.797700852783058508e+03
4.797450077534229422e+03
4.797280777860405578e+03
4.797195715139495405e+03
4.797174567083822694e+03
4.797217829826457091e+03
4.797324326830808786e+03
4.797487627596334278e+03
4.797717921679066421e+03
4.798019763074908042e+03
4.798377240493421596e+03
4.798808524473595753e+03
4.799317557663825028e+03
4.799905288185660538e+03
4.800568368128956536e+03
4.801290549036819357e+03
4.802077027912011545e+03
4.802969672559385799e+03
4.803974884025125903e+03
4.805055065006024051e+03
4.806215170941422002e+03
4.807459977364717815e+03
4.808790949848651508e+03
4.810251332143752734e+03
4.811868348041415629e+03
4.813679135229487656e+03
4.815571709347817887e+03
4.817595639808818305e+03
4.819757856360758524e+03
4.821990320319759121e+03
4.824297045783564499e+03
4.826673555451695393e+03
4.829193819941589936e+03
4.831883101244140562e+03
4.834817703432265262e+03
4.837818167701521816e+03
4.840899743506349296e+03
4.844081147752203833e+03
4.847354434084954846e+03
4.850921560340100768e+03
4.854577901337456751e+03
4.858294672555093712e+03
4.862096060527948794e+03
4.866001053103529557e+03
4.869990736572288370e+03
4.874086079930956657e+03
4.878265385959668492e+03
4.882536505708356344e+03
4.886951924297911319e+03
4.891465915189691259e+03
4.896077494056107753e+03
4.901024255244685264e+03
4.906242531890397913e+03
4.911535755023869569e+03
4.917165769126180749e+03
4.923018142145330785e+03
4.929072191982377262e+03
4.935335588213887604e+03
4.941733869632212190e+03
4.948370745330604223e+03
4.955142906262688484e+03
4.962073245502089776e+03
4.969087438613392806e+03
4.976219397996553198e+03
4.983489722477370378e+03
4.990920855505508371e+03
4.998470625167767139e+03
5.006155539132457307e+03
5.013984745063014998e+03
5.021989471898242300e+03
5.030249143482531508e+03
5.038652107807294669e+03
5.047160111917844006e+03
5.055836675827617000e+03
5.064730537093464591e+03
5.073773704904095212e+03
5.082939089375618096e+03
5.092384709054493214e+03
5.101970428483076830e+03
5.111940218511936109e+03
5.122133929296000133e+03
5.132441181714438244e+03
5.142896946978147753e+03
5.153466267172431799e+03
5.164119468825111653e+03
5.174853824763064040e+03
5.185715576140940357e+03
5.196744555688354012e+03
5.207994492101157448e+03
5.219417117413590859e+03
5.230963696666563919e+03
5.242630047653658039e+03
5.254429801743057396e+03
5.266515338608985985e+03
5.278737036788115802e+03
5.291143216817972643e+03
5.303626008495097267e+03
5.316335019513275256e+03
5.329216125944088162e+03
5.342148341134639850e+03
5.355229539046711579e+03
5.368520809993307012e+03
5.381929379527940000e+03
5.395440674907067660e+03
5.409029822814734871e+03
5.422834608473473054e+03
5.436998920041854944e+03
5.451222738136508269e+03
5.465549172974389876e+03
5.479862620540269745e+03
5.494175452583558581e+03
5.508645148995221462e+03
5.523154909872442659e+03
5.537813191546013513e+03
5.552578018893024819e+03
5.567550969762140085e+03
5.582729235861143934e+03
5.597906587682999088e+03
5.613134025425238178e+03
5.628463313500704317e+03
5.643827947355881406e+03
5.659383753634259847e+03
5.675091033960244204e+03
5.690843884987672936e+03
5.706790095883316098e+03
5.722925310389249717e+03
5.739292534327039903e+03
5.755632781286703903e+03
5.771933003575395560e+03
5.788339207060073932e+03
5.804802138905872198e+03
5.821202814313322961e+03
5.837510831381377102e+03
5.853762496180599555e+03
5.870176791769528791e+03
5.886500668590890200e+03
5.902950684211664338e+03
5.919394030529590054e+03
5.935815039060424169e+03
5.952143033763534731e+03
5.968433692619325484e+03
5.984711207507494692e+03
6.000903460709585488e+03
6.016949995546916398e+03
6.032972826599804648e+03
6.049081671937150531e+03
6.065172128446759416e+03
6.081243217646972880e+03
6.097484770371838749e+03
6.113592794811454951e+03
6.129653254117856704e+03
6.145740475099815740e+03
6.161714182153084948e+03
6.177605011038105658e+03
6.193366935393429230e+03
6.209075573902246106e+03
6.224651243696437632e+03
6.240023136507348681e+03
6.255232911556282488e+03
6.270268528095158217e+03
6.285220367697462279e+03
6.300027590026468715e+03
6.314764988944858487e+03
6.329425947143082340e+03
6.344077352209778837e+03
6.358798129790073290e+03
6.373424136197281769e+03
6.387854917473112437e+03
6.402192730190043221e+03
6.416386094336241513e+03
6.430475903155960623e+03
6.444442019282611000e+03
6.458260102081740115e+03
6.471976295424462478e+03
6.485636724751443580e+03
6.499302803477017733e+03
6.512984534331784744e+03
6.526625284073351395e+03
6.540068538989695298e+03
6.553353136812052981e+03
6.566550282001217056e+03
6.579643162670788115e+03
6.592516608582053777e+03
6.605195504015956431e+03
6.617567965859901960e+03
6.629621459173647054e+03
6.641489559413470488e+03
6.653371924713197586e+03
6.665009804155654820e+03
6.676481953182552388e+03
6.687742121364435661e+03
6.698692112685309439e+03
6.709367148752588037e+03
6.719877980076042149e+03
6.730311749455780955e+03
6.740402544943483008e+03
6.750330186642825538e+03
6.760136051395846152e+03
6.769900284820356319e+03
6.779584788789836239e+03
6.789224705789859399e+03
6.798814444013620232e+03
6.808048856718366551e+03
6.816985184189003121e+03
6.825943072045467488e+03
6.834737781689722397e+03
6.843455609079458554e+03
6.851988004397281657e+03
6.860245285342160059e+03
6.868404085447798934e+03
6.876423864175137169e+03
6.884088496583148299e+03
6.891605891267516199e+03
6.898762595358941326e+03
6.905699892833217746e+03
6.912382327699146117e+03
6.918893610727867781e+03
6.925111507905714461e+03
6.931087402078828745e+03
6.936923815324549651e+03
6.942499172852536503e+03
6.947867238595946219e+03
6.953008486586448271e+03
6.957933576062388056e+03
6.962476322482894830e+03
6.966685086197840064e+03
6.970892648070215728e+03
6.975181386958656731e+03
6.979239813084686830e+03
6.983056359718931162e+03
6.987004268696941836e+03
6.990626514528811640e+03
6.994127713715692153e+03
6.997323197001356675e+03
7.000305155435902634e+03
7.003114765295809775e+03
7.005696179291826411e+03
7.007966504863932641e+03
7.010094559739944998e+03
