1.654748445810806516e+03
1.654860641103806984e+03
1.654952624835200822e+03
1.655023646634450870e+03
1.655078589083469069e+03
1.655119734538352986e+03
1.655142483121511987e+03
1.655147391086944481e+03
1.655148154065478820e+03
1.655128678450886127e+03
1.655090094227857662e+03
1.655036926937254975e+03
1.654966340051991438e+03
1.654887678567100011e+03
1.654786287908764052e+03
1.654663975794983571e+03
1.654519668777755214e+03
1.654377762174398413e+03
1.654225385801265929e+03
1.654050475420699968e+03
1.653854535572349050e+03
1.653637818782061913e+03
1.653400092826549098e+03
1.653149200638187722e+03
1.652912933536744731e+03
1.652676408590956726e+03
1.652432206547267469e+03
1.652230114130980382e+03
1.652026728411749673e+03
1.651805253902158711e+03
1.651562898611701257e+03
1.651297397612344867e+03
1.651019089207323304e+03
1.650722334931405157e+03
1.650410793164546703e+03
1.650084446413221485e+03
1.649743090457132894e+03
1.649392919864820215e+03
1.649046739384875309e+03
1.648703640143697839e+03
1.648336495664967060e+03
1.647972255624328909e+03
1.647587274263824611e+03
1.647178870472384688e+03
1.646748694207897188e+03
1.646311850798993873e+03
1.645851012235551480e+03
1.645364590800175392e+03
1.644862601628103448e+03
1.644339077906396597e+03
1.643809703773587671e+03
1.643257021613503184e+03
1.642681321698303464e+03
1.642098355764385360e+03
1.641516132943799676e+03
1.640942697238730261e+03
1.640382862428538829e+03
1.639874188525422142e+03
1.639350111070742514e+03
1.638811245208258470e+03
1.638264885170968455e+03
1.637714081945376620e+03
1.637170453443631686e+03
1.636624515909153615e+03
1.636067241121557345e+03
1.635497305393630768e+03
1.634901919586040094e+03
1.634323330771891960e+03
1.633727426686694116e+03
1.633129774434399451e+03
1.632536757543517979e+03
1.631937231622181116e+03
1.631334239128682839e+03
1.630755117819951238e+03
1.630146646363587024e+03
1.629509695796730057e+03
1.628906310120739363e+03
1.628341300847585899e+03
1.627750752923669097e+03
1.627165990065751430e+03
1.626592141520332461e+03
1.626029449954313350e+03
1.625446377588590622e+03
1.624850221509751009e+03
1.624245677643018553e+03
1.623626146630758740e+03
1.623028531941229176e+03
1.622461945802982427e+03
1.621914951595274943e+03
1.621423090674164769e+03
1.620920325059650168e+03
1.620397119812751953e+03
1.619914350181434202e+03
1.619460394806661498e+03
1.619018208173300536e+03
1.618597619306813613e+03
1.618157817427907503e+03
1.617702976019291327e+03
1.617235215221882299e+03
1.616784913994259796e+03
1.616328832813862846e+03
1.615877483271256779e+03
1.615409768276821524e+03
1.614927468014063834e+03
1.614458682054936617e+03
1.614012744045958925e+03
1.613599620749510677e+03
1.613190291102201172e+03
1.612793020595330290e+03
1.612365562944891735e+03
1.611950277901770960e+03
1.611563837985970167e+03
1.611209567522824727e+03
1.610893384030752486e+03
1.610590327070942521e+03
1.610308934607768833e+03
1.610067955954419176e+03
1.609835418778905478e+03
1.609597901073045705e+03
1.609376430468308172e+03
1.609192428560631924e+03
1.609022283863625944e+03
1.608871604032978667e+03
1.608708415517994126e+03
1.608540657303113449e+03
1.608386620957351624e+03
1.608244250534890625e+03
1.608158231557076761e+03
1.608093628509308701e+03
1.608084531459946902e+03
1.608083826311773237e+03
1.608084471778562147e+03
1.608056789334329324e+03
1.608016417702181798e+03
1.607986514761000080e+03
1.608026718798713546e+03
1.608109186120277627e+03
1.608198648496946589e+03
1.608311297663279220e+03
1.608460118214134582e+03
1.608630571283750896e+03
1.608779122503572580e+03
1.608938324952961011e+03
1.609111640600422334e+03
1.609281882919903637e+03
1.609477037867424542e+03
1.609674171347143329e+03
1.609833722258307716e+03
1.609966452767012925e+03
1.610082715916109919e+03
1.610183699022318706e+03
1.610312463738915540e+03
1.610457169316132649e+03
1.610642429761694075e+03
1.610850198166951486e+03
1.611023399126002914e+03
1.611231662513528363e+03
1.611495008272663199e+03
1.611732629508908076e+03
1.611983740300795262e+03
1.612209850024973093e+03
1.612401553364038591e+03
1.612579473566104298e+03
1.612770802865119322e+03
1.612942714598936618e+03
1.613063765732965976e+03
1.613255202600276107e+03
1.613517328607138097e+03
1.613820898382877203e+03
1.614146479993227786e+03
1.614503318398571082e+03
1.614859154939096243e+03
1.615220752710098395e+03
1.615558741790292288e+03
1.615876688717338993e+03
1.616150114937495118e+03
1.616418074669686121e+03
1.616678846788605370e+03
1.616960122612199712e+03
1.617210992066662357e+03
1.617428410824160437e+03
1.617700478721530772e+03
1.617988522168380314e+03
1.618241120977899755e+03
1.618485462871881509e+03
1.618678199611829314e+03
1.618817034385313718e+03
1.618921863000771737e+03
1.618990168117406711e+03
1.619057070027358805e+03
1.619129188190019931e+03
1.619173700946920235e+03
1.619176192541064893e+03
1.619126287004186906e+03
1.619018137390731681e+03
1.618885821509534480e+03
1.618756833235415343e+03
1.618604932508057800e+03
1.618388767793202533e+03
1.618119835543220688e+03
1.617784511757825612e+03
1.617378824256227972e+03
1.616899641029915529e+03
1.616356168268923739e+03
1.615759781029731357e+03
1.615114916201206142e+03
1.614527587597151751e+03
1.613919985287565623e+03
1.613278704334205258e+03
1.612672505949702099e+03
1.612076809821448023e+03
1.611435000002784363e+03
1.610751390467439705e+03
1.610032138210450512e+03
1.609269698389670793e+03
1.608509692840661955e+03
1.607725710823849568e+03
1.606924045715827560e+03
1.606130340075595086e+03
1.605318843386693061e+03
1.604564342870950895e+03
1.603780386425235520e+03
1.602934687831814244e+03
1.602030100002045174e+03
1.601056605165787232e+03
1.600088292746768730e+03
1.599165467903239460e+03
1.598298500560223829e+03
1.597405910953591956e+03
1.596488592814714821e+03
1.595564254400310574e+03
1.594642573042212462e+03
1.593705780931597701e+03
1.592731371190513300e+03
1.591706734657663219e+03
1.590678917561658636e+03
1.589617236525363751e+03
1.588506709916588989e+03
1.587361593522147814e+03
1.586172260576082408e+03
1.584965735810736987e+03
1.583774440334795372e+03
1.582593705198649786e+03
1.581380298822014083e+03
1.580149484247966484e+03
1.578895890157802114e+03
1.577647410358222260e+03
1.576397651406299701e+03
1.575153051515239440e+03
1.573959372607347632e+03
1.572765935277467634e+03
1.571611268087383905e+03
1.570451582128923064e+03
1.569296728133859233e+03
1.568155568415931612e+03
1.566984577317494086e+03
1.565783357225618147e+03
1.564569776065338374e+03
1.563384778193824786e+03
1.562204081125312996e+03
1.561021811958760736e+03
1.559832724847626196e+03
1.558608528658488922e+03
1.557405210359556577e+03
1.556256934714366707e+03
1.555103739821314775e+03
1.553948337156939942e+03
1.552769677318019603e+03
1.551573503064862962e+03
1.550351717314394591e+03
1.549094709570344094e+03
1.547832246310889332e+03
1.546562475022180934e+03
1.545278465613537264e+03
1.544000918779563563e+03
1.542710753686694943e+03
1.541431504754403477e+03
1.540128898899675050e+03
1.538788612251754330e+03
1.537447529618152203e+03
1.536109961036333971e+03
1.534746810133126473e+03
1.533338036364625623e+03
1.531892161766041454e+03
1.530400121693653091e+03
1.528877225988327382e+03
1.527407577534414031e+03
1.525909235725814369e+03
1.524380334442465710e+03
1.522802123944309642e+03
1.521215970268612864e+03
1.519713259708851183e+03
1.518206835932532385e+03
1.516684176899024351e+03
1.515240106912423016e+03
1.513785110867634103e+03
1.512400480932932169e+03
1.511089709462298060e+03
1.509758402625864619e+03
1.508360785211897110e+03
1.506906465173587549e+03
1.505417922607439323e+03
1.503910493727669973e+03
1.502382888704764127e+03
1.500817578071907974e+03
1.499249579722137696e+03
1.497679694305399380e+03
1.496131392354945547e+03
1.494556124371939859e+03
1.492939614167007676e+03
1.491404047344788978e+03
1.489829628161134679e+03
1.488194483534712617e+03
1.486563681927163088e+03
1.484932343496067688e+03
1.483278980846939248e+03
1.481573723443320887e+03
1.479842449949843740e+03
1.478058755449413866e+03
1.476198339977139767e+03
1.474261159319263015e+03
1.472250988073497865e+03
1.470237921752062903e+03
1.468220457806701688e+03
1.466254087650836937e+03
1.464334111989810935e+03
1.462405711417680777e+03
1.460481080007458331e+03
1.458531225202592395e+03
1.456503120698037264e+03
1.454506232889033072e+03
1.452518208633218364e+03
1.450492737620936623e+03
1.448418833196117703e+03
1.446278895723642563e+03
1.444147695615231441e+03
1.442016481421457229e+03
1.439935366289277681e+03
1.437850751589069205e+03
1.435753448223373425e+03
1.433641755987783881e+03
1.431521631718786693e+03
1.429401139498526618e+03
1.427244321348598078e+03
1.425058552452643880e+03
1.422832241092353343e+03
1.420553372849634798e+03
1.418213216854361917e+03
1.415875188486553043e+03
1.413521370419648520e+03
1.411170769065361128e+03
1.408811733442534887e+03
1.406459388223263886e+03
1.404047215939885518e+03
1.401616975466173244e+03
1.399249459403823039e+03
1.396858397994820280e+03
1.394464806662345609e+03
1.392063029499957793e+03
1.389635747598338639e+03
1.387202604373350141e+03
1.384775536619727973e+03
1.382330340692053369e+03
1.379866229868249093e+03
1.377402141023407239e+03
1.374967891808514651e+03
1.372558177861603326e+03
1.370083800433345914e+03
1.367605099041305948e+03
1.365183450149563669e+03
1.362722239273178047e+03
1.360239381490776395e+03
1.357800271248619538e+03
1.355350302991452736e+03
1.352911463671950287e+03
1.350488637637496595e+03
1.348045314995581975e+03
1.345605731374511834e+03
1.343201948904722713e+03
1.340811973178843800e+03
1.338404747385006431e+03
1.335953920417107383e+03
1.333542619499050943e+03
1.331179884702655954e+03
1.328856251719837474e+03
1.326577317271759284e+03
1.324312898863725422e+03
1.322032111103095758e+03
1.319732660889670797e+03
1.317407959658185973e+03
1.315114369520154924e+03
1.312773103806849122e+03
1.310408877883789955e+03
1.308010795697494586e+03
1.305576325567913955e+03
1.303130946489073722e+03
1.300698009708799646e+03
1.298309441642986485e+03
1.295905368842399412e+03
1.293482619509655251e+03
1.291038137613267509e+03
1.288601859303299989e+03
1.286224028905513478e+03
1.283866157903053363e+03
1.281488152445901505e+03
1.279053910325410470e+03
1.276566967989934028e+03
1.274045516840242271e+03
1.271526721412574261e+03
1.269022284774732270e+03
1.266606136432679932e+03
1.264254510895754265e+03
1.261943341374754709e+03
1.259624875211799917e+03
1.257310531018167922e+03
1.255008260564325155e+03
1.252706080173237297e+03
1.250381726963835263e+03
1.248011971180073033e+03
1.245596182802968087e+03
1.243153783403700118e+03
1.240714526837599806e+03
1.238291835131299877e+03
1.235847729818747439e+03
1.233408139767618650e+03
1.230954586530248434e+03
1.228477277847589676e+03
1.225957127207981102e+03
1.223398011623113462e+03
1.220892619404036395e+03
1.218332385970629275e+03
1.215761904522335499e+03
1.213210081801996239e+03
1.210657056660696753e+03
1.208114057312936211e+03
1.205559334617200420e+03
1.202987846002727110e+03
1.200517343375781365e+03
1.198008187163415869e+03
1.195411238463938844e+03
1.192808077223532109e+03
1.190198947299008978e+03
1.187546102750324280e+03
1.184890147601942090e+03
1.182250489905631184e+03
1.179595432276477823e+03
1.176849169382494210e+03
1.174092099559077269e+03
1.171330323999254688e+03
1.168556284760005838e+03
1.165741344452121666e+03
1.162950676915207623e+03
1.160101388589068620e+03
1.157235824115847663e+03
1.154383490882304613e+03
1.151571264743262418e+03
1.148717873955771438e+03
1.145773993745703137e+03
1.142795688993927342e+03
1.139763204149003286e+03
1.136689833685736176e+03
1.133571568859947547e+03
1.130470041170749482e+03
1.127282610183114457e+03
1.124037136362339879e+03
1.120767658933229541e+03
1.117487028776720763e+03
1.114180955159913992e+03
1.110844783329933307e+03
1.107471524236194455e+03
1.104025425681832530e+03
1.100560312951592550e+03
1.097029256251283869e+03
1.093420209371158762e+03
1.089783840452865661e+03
1.086100380500626443e+03
1.082458557701080736e+03
1.078856527145468817e+03
1.075272735932728210e+03
1.071689104796682159e+03
1.068130293373868881e+03
1.064571562154508229e+03
1.060996618270610725e+03
1.057468878778627641e+03
1.053903011549530447e+03
1.050326504574951741e+03
1.046711158172992782e+03
1.042987831035566614e+03
1.039221897741676457e+03
1.035473649959301838e+03
1.031724649328142050e+03
1.027969829159245137e+03
1.024188057879083090e+03
1.020438659779607747e+03
1.016717560183661362e+03
1.012994697050331297e+03
1.009230902519922552e+03
1.005455790074730771e+03
1.001647786229061239e+03
9.978388402788500571e+02
9.940624398864788418e+02
9.902496569930440273e+02
9.863688028088339479e+02
9.824553838483217305e+02
9.786307465357526780e+02
9.748440559900667495e+02
9.710412044695136728e+02
9.671854006818664402e+02
9.632836270681759743e+02
9.593695016629642396e+02
9.554378973897441938e+02
9.515230112815609118e+02
9.475797936195194779e+02
9.435744420240789623e+02
9.395177675983958352e+02
9.354521783105637951e+02
9.313478167106586625e+02
9.271700015910524826e+02
9.229279767698101296e+02
9.186527659002039172e+02
9.143958683709265642e+02
9.100904698645103963e+02
9.058249809330544622e+02
9.016074888530947646e+02
8.973826850540983742e+02
8.931483287488730411e+02
8.889488205528825802e+02
8.849074861950875857e+02
8.808881861759443836e+02
8.769065915561976681e+02
8.729239480150968120e+02
8.689118557843387407e+02
8.648800107190249946e+02
8.608264011622148928e+02
8.567856641150115138e+02
8.526851850212731279e+02
8.485653636571126981e+02
8.444467773121957634e+02
8.402883595323054351e+02
8.361179867166690656e+02
8.319075276042970017e+02
8.276515734915407165e+02
8.234085612564006169e+02
8.191169634244181452e+02
8.149038494297191164e+02
8.106833919941753948e+02
8.064373544128886806e+02
8.021531725184233892e+02
7.978444450100080303e+02
7.935450858638505451e+02
7.892143819291726459e+02
7.849025507960228651e+02
7.805642573253958290e+02
7.762364571500023658e+02
7.719159560815124905e+02
7.675677742362481695e+02
7.632947470529425118e+02
7.591217582296894761e+02
7.549370565891086926e+02
7.507246285237288248e+02
7.464845728849679745e+02
7.422210954297809167e+02
7.379395504742108187e+02
7.336710461621926243e+02
7.295348053335601435e+02
7.254390689036059712e+02
7.213317108149216210e+02
7.171672058538911187e+02
7.129383354029753264e+02
7.086938688407685731e+02
7.044518177338568421e+02
7.002126694678186141e+02
6.959129068770696449e+02
6.915344339183816373e+02
6.871372012672655956e+02
6.827187214222233251e+02
6.783553064959126004e+02
6.739825982491189507e+02
6.695535922127040749e+02
6.650608729065870648e+02
6.606012858953837394e+02
6.561070310953406306e+02
6.516539704182575861e+02
6.472321283667654370e+02
6.429282635627365607e+02
6.386410672626759606e+02
6.343288836289536903e+02
6.300621282384936421e+02
6.258553202270311431e+02
6.216695562197388654e+02
6.175104105953188309e+02
6.134044039933162367e+02
6.093373426031566851e+02
6.052549572399832414e+02
6.011322927741155127e+02
5.970162628450763123e+02
5.929299002031887085e+02
5.888115949027740044e+02
5.846309059876025458e+02
5.804111158817809155e+02
5.761476597553596548e+02
5.719042933778805491e+02
5.676550158641884991e+02
5.634352779864033209e+02
5.592944794846317791e+02
5.551110499124205262e+02
5.508789733538368409e+02
5.466349290346906855e+02
5.423727758449947487e+02
5.381263100179008916e+02
5.339381675911427010e+02
5.297599211418948926e+02
5.255459626888593903e+02
5.212820568028491834e+02
5.169859326090700051e+02
5.126466133353204668e+02
5.082750485223730834e+02
5.039189270650489902e+02
4.995756823595680203e+02
4.952135822425427705e+02
4.908323070307270655e+02
4.864678891074743206e+02
4.821180931024889560e+02
4.777598637452316552e+02
4.733704678197690328e+02
4.689600421569387549e+02
4.645776181112897234e+02
4.603569244172506387e+02
4.561256039747947852e+02
4.518816598883981897e+02
4.476076284943645192e+02
4.433261813198134860e+02
4.390284498115813676e+02
4.346934017477128691e+02
4.303710864491433199e+02
4.260829749555078934e+02
4.218584564877692742e+02
4.176291987844120968e+02
4.133748481230611560e+02
4.091863829890833699e+02
4.049922064534584365e+02
4.007458509609962221e+02
3.964517251301159604e+02
3.921092170516224087e+02
3.877378138874741467e+02
3.833522449351223713e+02
3.789862971956765705e+02
3.746194139264615615e+02
3.702110569571298697e+02
3.657214317522144711e+02
3.611972803591927459e+02
3.566408320764979862e+02
3.520557011797046130e+02
3.474783797272089032e+02
3.429311681525291533e+02
3.384092387114944245e+02
3.338639685480706021e+02
3.293019664332886691e+02
3.247807265454607659e+02
3.202050461781151398e+02
3.156905123804394293e+02
3.112065094205024138e+02
3.067505344227460000e+02
3.022989247993170920e+02
2.979283615773945257e+02
2.935337184727326871e+02
2.890848922779977670e+02
2.846442537509034310e+02
2.802684271445567674e+02
2.758730057550662877e+02
2.714182291573245038e+02
2.669277239951751994e+02
2.624240894098531953e+02
2.579661343215025227e+02
2.534964184231812396e+02
2.490069974037614884e+02
2.444777728882262409e+02
2.399342742325425490e+02
2.354007696980696380e+02
2.308286649636235950e+02
2.262465782364311906e+02
2.216424719284793241e+02
2.171225695134203022e+02
2.126644346812934145e+02
2.081870422101048348e+02
2.036867896333055512e+02
1.991594133196253438e+02
1.946395815151729778e+02
1.901268190235139741e+02
1.856931043464056188e+02
1.812599711056991225e+02
1.768152320869301093e+02
1.723586357093880679e+02
1.679088768328841752e+02
1.634483437713803085e+02
1.589571529747399836e+02
1.545005345947520254e+02
1.500464360347991430e+02
1.456127385817021320e+02
1.411333465439025758e+02
1.366249541251691539e+02
1.321080708602719085e+02
1.276124497526736405e+02
1.230815819961769080e+02
1.185590340405007339e+02
1.140320744267272062e+02
1.095085816798791711e+02
1.050096867427819234e+02
1.005415687195489767e+02
9.609199477169835291e+01
9.164067251841264294e+01
8.716756735884098362e+01
8.271074833534461845e+01
7.823176419165264406e+01
7.375996041864118524e+01
6.932986346287975721e+01
6.491656604750113502e+01
6.046721460276622651e+01
5.602637441071805569e+01
5.163807860537186656e+01
4.724738238588922457e+01
4.284441576430100440e+01
3.843339027469606606e+01
3.413431296114732305e+01
2.984761589576496021e+01
2.563208192025884102e+01
2.140565951122724897e+01
1.715168605193007068e+01
1.286442423556154324e+01
8.554980667047644260e+00
4.216230860042237794e+00
-1.208186459019060521e-01
-4.345696902299934550e+00
-8.577905649110348918e+00
-1.280096748006680230e+01
-1.702401477150762332e+01
-2.121770092276639730e+01
-2.545017005331069271e+01
-2.965904598069612774e+01
-3.386445409688040797e+01
-3.803976478052062760e+01
-4.219677655679805639e+01
-4.631748375439940446e+01
-5.045031009033977654e+01
-5.459066131961780144e+01
-5.873754983238268323e+01
-6.283820381937839272e+01
-6.687935526364044847e+01
-7.090210231968403320e+01
-7.492758727593992774e+01
-7.896184444653127343e+01
-8.300759053714236302e+01
-8.702165971924924293e+01
-9.103032271410903320e+01
-9.506347009706446727e+01
-9.910470002862692240e+01
-1.030673817650661022e+02
-1.069996118168501198e+02
-1.109233902182066203e+02
-1.148718665566583184e+02
-1.188375374795002841e+02
-1.228218159391795581e+02
-1.268096521847029976e+02
-1.307893282198605505e+02
-1.347508103310930778e+02
-1.387103874113412871e+02
-1.426666185944434346e+02
-1.466112048879274425e+02
-1.505758031537854436e+02
-1.545876504861340663e+02
-1.586216183538842870e+02
-1.626999671621679227e+02
-1.667425698425451230e+02
-1.707764682514760466e+02
-1.747940091315132065e+02
-1.787810437243542765e+02
-1.828118614175286325e+02
-1.868823791569554373e+02
-1.909053875789019799e+02
-1.948971637595983566e+02
-1.988742131617838425e+02
-2.028535622995884751e+02
-2.068318837649865429e+02
-2.107379178209298516e+02
-2.146220196933018372e+02
-2.184990620426805208e+02
-2.223964670356963893e+02
-2.262953927069884230e+02
-2.301874474487099747e+02
-2.340539189118953516e+02
-2.379207722507966878e+02
-2.417393516728974134e+02
-2.455221723165601873e+02
-2.492270110847352953e+02
-2.529407060881580378e+02
-2.566692568573886319e+02
-2.604126924422313323e+02
-2.641413300244158791e+02
-2.678230751387911823e+02
-2.714909164121203275e+02
-2.751445899433352906e+02
-2.787712288061418349e+02
-2.824012760798186719e+02
-2.860093240474483309e+02
-2.896149295334565750e+02
-2.932229819218975990e+02
-2.968278774070387271e+02
-3.003930277191411733e+02
-3.039326965507121940e+02
-3.074356562087297107e+02
-3.108150499144196601e+02
-3.141604959864158673e+02
-3.174958758264092467e+02
-3.208410878312076306e+02
-3.241853417199466776e+02
-3.275379545941657398e+02
-3.308904278378208801e+02
-3.342086397658029000e+02
-3.375355533326804789e+02
-3.408965190310219668e+02
-3.442520260014931637e+02
-3.476240267362546206e+02
-3.510054989339355416e+02
-3.543603132100226958e+02
-3.577344357101923151e+02
-3.611409266019624056e+02
-3.645236067266764621e+02
-3.678549986124754128e+02
-3.711912756392448500e+02
-3.744914813623949499e+02
-3.777386219481326179e+02
-3.809563662703254749e+02
-3.841085716074576908e+02
-3.872252072138849144e+02
-3.903321105496312384e+02
-3.934334332916081394e+02
-3.965347729712186720e+02
-3.996282998573736904e+02
-4.026668976483488223e+02
-4.057034904689986661e+02
-4.087318857442630815e+02
-4.117228933104170210e+02
-4.146865511678983012e+02
-4.176598568401108196e+02
-4.206182766191611222e+02
-4.235469115379892742e+02
-4.264707666988305164e+02
-4.293461862745434701e+02
-4.322340009730604038e+02
-4.350784501187740716e+02
-4.379158480061920500e+02
-4.407688745946047675e+02
-4.435566222904251958e+02
-4.463258303299239742e+02
-4.490575949917129037e+02
-4.517927656465550399e+02
-4.545493331779525192e+02
-4.573086501131087971e+02
-4.600747438158455793e+02
-4.628527106990522952e+02
-4.656414618828804350e+02
-4.684391334335147121e+02
-4.712164254849444092e+02
-4.739360631060880564e+02
-4.766502270336491165e+02
-4.793204548380955998e+02
-4.819743998256911937e+02
-4.845887018918279523e+02
-4.871868021904535908e+02
-4.897805908974256681e+02
-4.923681745275039248e+02
-4.949461653697450174e+02
-4.974692568986521906e+02
-4.999439153855266227e+02
-5.023806610654746692e+02
-5.047995460865063251e+02
-5.072146330438068844e+02
-5.096361388213015289e+02
-5.120463114375781970e+02
-5.144182873608597220e+02
-5.167124537370808639e+02
-5.189743966841808742e+02
-5.212129430282011526e+02
-5.234414085639083396e+02
-5.256537822925128012e+02
-5.278521107046651650e+02
-5.300263255320044209e+02
-5.321720039603357009e+02
-5.342330257751734734e+02
-5.362709613113265732e+02
-5.383098048851472868e+02
-5.403462344504935118e+02
-5.423772298456110548e+02
-5.443979278070520422e+02
-5.463997833550799896e+02
-5.483446475295306755e+02
-5.502737819082267379e+02
-5.521669746087217163e+02
-5.540290299240776903e+02
-5.558802897916568782e+02
-5.577096908213641200e+02
-5.595310688936518773e+02
-5.613284679120384908e+02
-5.631286286186424377e+02
-5.649219111337064305e+02
-5.667050220211206124e+02
-5.684582265965165107e+02
-5.701897756238345210e+02
-5.719083340693072159e+02
-5.735475674757338993e+02
-5.751462657242935848e+02
-5.766953041372199777e+02
-5.782059941201183619e+02
-5.796981422702617692e+02
-5.811764961134435907e+02
-5.826379264488650733e+02
-5.840723577592564197e+02
-5.854944896117386861e+02
-5.869085391323247904e+02
-5.883159820181427904e+02
-5.896806155079068503e+02
-5.910145375257594651e+02
-5.923223735729345663e+02
-5.936017682408210021e+02
-5.948636011835652653e+02
-5.961062447162454419e+02
-5.973298075397340199e+02
-5.985486003206747228e+02
-5.997123217885355189e+02
-6.007906444105917672e+02
-6.018681758679599625e+02
-6.029132265899968388e+02
-6.039208210514191251e+02
-6.048992426704671743e+02
-6.058591997057914114e+02
-6.067981054528929690e+02
-6.077044577402799632e+02
-6.085611739637715800e+02
-6.093731799613294697e+02
-6.101719023582664931e+02
-6.109422307938622225e+02
-6.116982258454642079e+02
-6.124152073694547198e+02
-6.131193146363250435e+02
-6.137925431851764415e+02
-6.144317102728707596e+02
-6.150340597826118483e+02
-6.156339454885010127e+02
-6.162102433119687248e+02
-6.167674136400069074e+02
-6.173219036318004100e+02
-6.178724227738864556e+02
-6.184220348903222657e+02
-6.189479939285599812e+02
-6.194500886741213890e+02
-6.199416611852905135e+02
-6.204319418671601625e+02
-6.209153215718464480e+02
-6.213450023684786174e+02
-6.217517794052257614e+02
-6.221298358356559675e+02
-6.224994567765861575e+02
-6.228482932057511334e+02
-6.231813087846520602e+02
-6.234836380676177896e+02
-6.237708779227486957e+02
-6.240098226276641071e+02
-6.242179145654039303e+02
-6.244102083243400330e+02
-6.245965545879905676e+02
-6.247761429508479978e+02
-6.249337771571524627e+02
-6.250835213442877603e+02
-6.252135464457063563e+02
-6.253215352036766035e+02
-6.253943775032798840e+02
-6.254532838647612607e+02
-6.254991578276225255e+02
-6.255299365168341410e+02
-6.255218839054376758e+02
-6.255018220445555244e+02
-6.254742959661055011e+02
-6.254119925489892466e+02
-6.253135874966753818e+02
-6.252069635529059042e+02
-6.250916832596684571e+02
-6.249710441150454017e+02
-6.248446283118521478e+02
-6.247091482241735321e+02
-6.245590763672141748e+02
-6.243963764783977695e+02
-6.242189992163757779e+02
-6.240347660375711030e+02
-6.238322107172957658e+02
-6.236045691354044038e+02
-6.233728446532248881e+02
-6.231367318793729737e+02
-6.228970563167508772e+02
-6.226449745483065499e+02
-6.223871121901711376e+02
