7.832938535867967857e+02
7.878653116571481405e+02
7.924260440264210956e+02
7.969729946800291600e+02
8.015030143021497224e+02
8.060128737394478549e+02
8.105106341318505656e+02
8.149835458747688790e+02
8.197733261153209696e+02
8.245588137038652121e+02
8.293060576309350154e+02
8.340110427215938671e+02
8.386698186383093798e+02
8.432799496670211283e+02
8.480131184226993355e+02
8.531399543072994902e+02
8.582042905863444275e+02
8.632016431412134807e+02
8.681278839598662671e+02
8.729793139024966422e+02
8.777527296459966237e+02
8.824651698458079636e+02
8.871230545061364410e+02
8.917071733949983354e+02
8.962199335054527864e+02
9.006505087630821436e+02
9.050630557723703760e+02
9.095769927964701083e+02
9.144442759951834887e+02
9.192318610809678603e+02
9.239418550650663065e+02
9.285770551027271722e+02
9.331409285850809283e+02
9.376375761609444908e+02
9.420716766943418179e+02
9.464484135202596917e+02
9.507733818054589392e+02
9.550524773555225693e+02
9.592917678321457515e+02
9.636599068530406385e+02
9.682732034448551985e+02
9.728633302420624887e+02
9.774347238687566914e+02
9.819912316092568290e+02
9.865359631613353031e+02
9.910711506997016613e+02
9.956890121467424706e+02
1.000403627398148728e+03
1.005108675911484056e+03
1.009801661614157524e+03
1.014478865849764816e+03
1.019135388414473709e+03
1.023765232681314956e+03
1.028361434960444058e+03
1.032916235920045210e+03
1.037437233449578343e+03
1.041911120566785939e+03
1.046317786753889550e+03
1.050756057704625391e+03
1.055296064066295912e+03
1.059744061887522548e+03
1.064093096056401009e+03
1.068337317832804729e+03
1.072472113024417922e+03
1.076494167581726288e+03
1.080401466622465023e+03
1.084193227054133558e+03
1.087869768279115533e+03
1.091432329599610966e+03
1.096238402251001844e+03
1.101750877633564869e+03
1.107175117912591304e+03
1.112470917570212350e+03
1.117782696914786129e+03
1.122966096573371487e+03
1.128011112248177369e+03
1.132917645928290767e+03
1.137687357571675420e+03
1.142323626684748433e+03
1.146831442569938645e+03
1.151217231367494151e+03
1.155488631060318767e+03
1.159654227731107312e+03
1.163723267488917827e+03
1.167939468142362102e+03
1.172439888175309989e+03
1.176947226241671387e+03
1.181478697187036687e+03
1.185955304563204209e+03
1.190383413465036938e+03
1.194768602616013823e+03
1.199115607265598101e+03
1.203660345081703326e+03
1.208342995561960151e+03
1.213036768370263871e+03
1.217838574396126887e+03
1.222610727110420385e+03
1.227357325406049313e+03
1.232080320907657551e+03
1.236770116116646932e+03
1.241424703985375345e+03
1.246495701692238526e+03
1.251667634279854383e+03
1.256814179992987420e+03
1.262015217703180042e+03
1.267170587491329115e+03
1.272266211273788258e+03
1.277296752929253444e+03
1.282256537479557664e+03
1.287139497149599947e+03
1.292083662576173992e+03
1.296971696109680806e+03
1.301761500187292540e+03
1.307364245798519050e+03
1.312974409373564640e+03
1.318454108970601965e+03
1.323790839351706381e+03
1.328984425682561323e+03
1.334011848784298309e+03
1.338860340270752204e+03
1.343519297435293538e+03
1.347979235279070281e+03
1.352232014253970874e+03
1.356271033725198322e+03
1.360314214107223734e+03
1.364728978588689642e+03
1.368917878561359430e+03
1.373120547454885582e+03
1.377400699615360281e+03
1.381659977619693109e+03
1.386035573300209307e+03
1.390404899469919428e+03
1.394949217268612301e+03
1.401026321868812374e+03
1.408134800950841509e+03
1.415067259318790320e+03
1.421813013796227551e+03
1.428362032637174707e+03
1.434974823498971091e+03
1.441587892399533757e+03
1.448271165345966438e+03
1.454728719762872970e+03
1.460964331695295641e+03
1.466983335291204185e+03
1.472792420533057793e+03
1.478443208346559231e+03
1.484179004396489063e+03
1.489729650946485890e+03
1.495103718734131689e+03
1.500314285783597825e+03
1.505372760756335538e+03
1.510288500844288592e+03
1.515084101209980872e+03
1.519735149518602157e+03
1.524249430455680340e+03
1.529017991779138583e+03
1.533723338271199282e+03
1.538332397921185020e+03
1.542899234139801592e+03
1.547407344927228451e+03
1.551745204766532652e+03
1.555902604555538801e+03
1.560066072135668492e+03
1.564189428286064413e+03
1.568096788340972353e+03
1.571809373135289206e+03
1.575318168832056017e+03
1.578575367235542217e+03
1.581570706772434278e+03
1.584295142549966386e+03
1.587008003957823576e+03
1.589667391062872866e+03
1.592035954869200850e+03
1.594109727696461505e+03
1.595895412411406824e+03
1.597467681487490154e+03
1.599877594294904611e+03
1.602727740971615731e+03
1.605298935586019525e+03
1.607654471219755123e+03
1.609700691881006378e+03
1.611438094597581767e+03
1.613570194868780845e+03
1.615626309677316840e+03
1.617969060001918024e+03
1.620388537934725264e+03
1.622519069881635914e+03
1.624368159765504515e+03
1.626271877698861999e+03
1.627914719295963096e+03
1.629303745556697322e+03
1.630465628105636142e+03
1.631401941413026179e+03
1.632684468626905982e+03
1.634979365055894505e+03
1.637057180545051779e+03
1.638918066171469036e+03
1.640959121951666702e+03
1.643138821872199287e+03
1.645463059775870079e+03
1.648147108700721674e+03
1.650586624372500864e+03
1.652771305880336513e+03
1.654690855300814292e+03
1.656335296839851708e+03
1.657695259908004573e+03
1.658762214903442100e+03
1.659541572492769774e+03
1.660164994555438625e+03
1.661125534472072559e+03
1.662763052186081723e+03
1.664649583541441189e+03
1.668553653876334693e+03
1.672195697290563203e+03
1.675477021317937670e+03
1.678386005483398776e+03
1.681061186920579075e+03
1.683871278870289188e+03
1.686290272447395182e+03
1.688317546847564245e+03
1.689955702147033890e+03
1.691897613155319959e+03
1.694468643011621225e+03
1.698146293430764217e+03
1.701982287951824219e+03
1.705636706420047176e+03
1.709191146588266520e+03
1.712620239908703752e+03
1.715683688681186595e+03
1.718403607704310616e+03
1.720801666067514361e+03
1.722857740150102472e+03
1.724581857761402262e+03
1.726614472433914216e+03
1.728644115386586691e+03
1.731235664222274181e+03
1.734054759586563932e+03
1.736965652715814031e+03
1.739573057645157405e+03
1.741874001135372055e+03
1.743864052411654029e+03
1.745537329806908019e+03
1.746886551544569102e+03
1.747903129913671819e+03
1.748577306657150530e+03
1.748898326035690388e+03
1.748854640730159190e+03
1.748434144493920485e+03
1.747624424266326741e+03
1.746413023340846848e+03
1.745105677290258427e+03
1.744325212839386495e+03
1.743102671720990202e+03
1.741423924796620440e+03
1.739276398996119951e+03
1.736649376482692787e+03
1.733534210870358038e+03
1.729924450837998847e+03
1.725815866813416278e+03
1.721254913536701451e+03
1.716396984068227994e+03
1.711490199092755574e+03
1.707497042971021529e+03
1.704458303179178529e+03
1.700912117446714092e+03
1.696852463371981003e+03
1.692275341704282710e+03
1.687179125297881910e+03
1.681564845762489085e+03
1.675557165911307948e+03
1.669945985273298902e+03
1.664001388234306205e+03
1.657567500886504149e+03
1.650657873164186640e+03
1.643301573020995420e+03
1.635990863048521987e+03
1.628263780879663273e+03
1.620479756049388925e+03
1.612748355340783064e+03
1.604665708152993147e+03
1.596255904774012606e+03
1.587543277967732593e+03
1.579274083855350000e+03
1.572154143613168344e+03
1.565191184857602366e+03
1.558365627497444393e+03
1.551324302921815615e+03
1.544078136417424730e+03
1.536725140855008249e+03
1.530429001201552637e+03
1.523949684447312848e+03
1.517289717488935821e+03
1.510452893602372114e+03
1.503494422477046555e+03
1.496606931355334382e+03
1.490099015387444979e+03
1.483483165499034385e+03
1.477269230190103599e+03
1.471585954868865883e+03
1.465802890275236678e+03
1.460245048981958007e+03
1.454539978131581847e+03
1.448694422882645540e+03
1.442754974745905656e+03
1.437428325172791119e+03
1.433052723401360709e+03
1.428498988167811376e+03
1.424819582669891815e+03
1.420970484095478014e+03
1.416954632337281282e+03
1.412732347795317764e+03
1.408388474092036859e+03
1.404239527229258783e+03
1.400712291051630018e+03
1.397586299089420208e+03
1.394351800929191540e+03
1.391285394047711634e+03
1.389467911120642839e+03
1.387634276931045406e+03
1.386905874911324645e+03
1.386015326303357597e+03
1.385104667425710659e+03
1.384169708985214584e+03
1.383225207637270842e+03
1.382291343747237534e+03
1.382328704633021971e+03
1.382834700774369821e+03
1.383992975799516444e+03
1.385294004899046740e+03
1.386954045403977716e+03
1.388529422327787415e+03
1.389974501351103754e+03
1.391295245998643622e+03
1.392965945194463302e+03
1.395213852481273534e+03
1.397458112955692059e+03
1.399865547878160214e+03
1.402171275395091698e+03
1.404437477716668127e+03
1.407078195219762620e+03
1.409627012931052377e+03
1.412143424545262405e+03
1.414569064662153096e+03
1.416877480680411281e+03
1.419064330250006151e+03
1.421124684459412947e+03
1.423053087596815203e+03
1.424854288276162151e+03
1.426526047836901171e+03
1.428047003286961626e+03
1.429410281089180671e+03
1.430608835061300397e+03
1.431635518204038135e+03
1.432483152300518668e+03
1.433144594511491960e+03
1.433651060537948524e+03
1.434206659484530519e+03
1.434749622385682642e+03
1.435078278747499553e+03
1.435185860159807817e+03
1.435065994338478959e+03
1.434712757278439312e+03
1.434120718242345447e+03
1.433284977300953869e+03
1.432201195296835522e+03
1.430865616259563012e+03
1.429876594778043000e+03
1.428986046839727123e+03
1.427832830274959633e+03
1.426413702245880813e+03
1.424726203206292666e+03
1.422797086025079352e+03
1.420603460164048329e+03
1.418201067657997555e+03
1.415529063855952700e+03
1.412704102340075224e+03
1.410273171490226105e+03
1.407681700871856719e+03
1.404841262620266662e+03
1.401744208465045176e+03
1.398441157447109845e+03
1.395117104124345133e+03
1.391570072999927561e+03
1.387839427396026167e+03
1.383880369606444674e+03
1.379700276860935446e+03
1.375306979149535209e+03
1.371240537381559307e+03
1.366981082110774423e+03
1.362911582564349146e+03
1.358874764447631378e+03
1.354661042015117346e+03
1.350276915915415884e+03
1.345728941347232421e+03
1.341078753207032150e+03
1.336431019366012151e+03
1.331646586074529296e+03
1.326728421189551227e+03
1.321731606697092730e+03
1.316609630359063431e+03
1.311368687000795944e+03
1.306014860327571569e+03
1.300563049941018107e+03
1.295097855142762455e+03
1.289545511046450883e+03
1.283908085253841818e+03
1.278185575149797842e+03
1.272382893276377672e+03
1.266504705827442194e+03
1.260570211903376730e+03
1.254672242726304603e+03
1.248711080551102896e+03
1.242690223262087784e+03
1.236612889085733741e+03
1.230482017530820485e+03
1.224300271924966182e+03
1.218070043222662434e+03
1.211793454755915945e+03
1.205472367620357545e+03
1.199163838802240207e+03
1.192856021769894141e+03
1.186571803942889801e+03
1.180367186269521198e+03
1.174287244991851594e+03
1.168168100179438852e+03
1.162009596759659871e+03
1.155811397407433560e+03
1.149573001498869417e+03
1.143293765508659362e+03
1.136972925186152679e+03
1.130631578906096593e+03
1.124715161753833399e+03
1.118884318503986833e+03
1.113006222002934010e+03
1.107078996873492315e+03
1.101224614936959824e+03
1.095401907393232705e+03
1.089623866284819087e+03
1.083905903171699265e+03
1.078131756149166449e+03
1.072300906104841715e+03
1.066413332453023258e+03
1.060469545944628635e+03
1.054534087859581177e+03
1.048734539195477055e+03
1.043002747552857727e+03
1.037221702622843168e+03
1.031394282998394374e+03
1.025523827688997471e+03
1.019614080421438075e+03
1.013669122831029654e+03
1.007693298526126227e+03
1.002182554595258011e+03
9.970596023177481584e+02
9.919156795246033198e+02
9.868329723622018719e+02
9.819880085970862638e+02
9.771475825423317474e+02
9.722948025992925523e+02
9.674319617005988903e+02
9.625614965203857309e+02
9.576900610624129513e+02
9.528253708968205729e+02
9.479611278052020680e+02
9.431002001024698984e+02
9.382454879800429808e+02
9.333998803263889386e+02
9.285662074465303704e+02
9.237471912962118950e+02
9.189453949164187634e+02
9.141631727504100127e+02
9.094026234537478786e+02
9.046655466760655600e+02
8.999534051118462230e+02
8.952672928977896163e+02
8.906079111884764643e+02
8.859755514818805295e+02
8.813700870029645102e+02
8.767909721971000181e+02
8.722372501439526786e+02
8.677075674837019506e+02
8.632001962564385167e+02
8.590480589682006212e+02
8.549391931181812652e+02
8.508443965887768172e+02
8.467602342464474532e+02
8.426831300698256655e+02
8.386094267195924203e+02
8.345354435507965718e+02
8.305240625863998503e+02
8.265568993065110135e+02
8.225786705041916775e+02
8.185860273033415524e+02
8.145758307349171901e+02
8.105451817111338642e+02
8.064914443020197723e+02
8.024122623874241071e+02
7.983055699460647929e+02
7.941841679442542272e+02
7.900910310708161433e+02
7.865182200139443012e+02
7.829112587260193550e+02
7.792683150926064855e+02
7.755878950740311666e+02
7.718688654352897629e+02
7.681736415608161224e+02
7.645543777182308531e+02
7.609009056409640834e+02
7.572156417000737747e+02
7.534913475650147348e+02
7.497290697608584651e+02
7.459302293959544841e+02
7.420965990249741253e+02
7.382968673017539913e+02
7.345201652604498577e+02
7.307188512470213482e+02
7.268924756326473471e+02
7.230439388816300834e+02
7.191762388049285164e+02
7.152924150287044540e+02
7.113954919650940383e+02
7.074997981380936380e+02
7.036899313106677027e+02
7.001611501699514974e+02
6.966893360577448675e+02
6.932192238557015571e+02
6.897586346121049701e+02
6.863093932124311323e+02
6.828646640896371309e+02
6.794216088335151653e+02
6.759802234974433759e+02
6.725401946017525461e+02
6.691009153107600014e+02
6.656615088529462128e+02
6.622208588904525186e+02
6.587776463282009445e+02
6.553303918267552035e+02
6.518775030548426912e+02
6.484173254972589575e+02
6.449601357947597080e+02
6.414941116479369612e+02
6.380159949888758320e+02
6.345244109771201693e+02
6.310181765753136460e+02
6.274963394664169982e+02
6.239582091936747474e+02
6.204162574774857148e+02
6.168579751337945254e+02
6.132830704248603979e+02
6.096920178105687000e+02
6.060855583704503715e+02
6.024646690031308935e+02
5.988305225252516948e+02
5.951844401436158023e+02
5.917799669372492417e+02
5.892126443788934012e+02
5.866578222748169082e+02
5.840905921624038228e+02
5.815215083785417391e+02
5.789396677348144067e+02
5.763424906007232948e+02
5.737294638167788889e+02
5.711003572749983732e+02
5.684552396280790845e+02
5.657944830544076922e+02
5.631187571627654052e+02
5.604290125521104073e+02
5.577264549301216903e+02
5.550143798426080366e+02
5.523048546571444604e+02
5.495999190365839695e+02
5.468887747041131888e+02
5.441792195496842623e+02
5.414744792899671211e+02
5.387690229976079763e+02
5.360645234749515566e+02
5.333625023938770937e+02
5.306642946481241552e+02
5.279710188022311286e+02
5.252835540924874067e+02
5.226025241910820114e+02
5.199282877194432331e+02
5.172609352973296382e+02
5.146002927451011146e+02
5.119582273200539362e+02
5.093232482622335056e+02
5.067058600831858826e+02
5.040924764507218470e+02
5.014814350449820495e+02
4.988713107739272345e+02
4.962605557666887535e+02
4.936485889245461749e+02
4.910452312125736967e+02
4.884361520024370975e+02
4.858293337009735069e+02
4.832168901474071845e+02
4.805935511119866419e+02
4.780191611046055868e+02
4.754393631032726262e+02
4.728440118966548198e+02
4.702353665572617842e+02
4.676187864407437473e+02
4.649830386548048295e+02
4.623417827717156001e+02
4.596906040083980542e+02
4.570180358164675454e+02
4.543236714740086200e+02
4.516072717029742307e+02
4.488687618972546716e+02
4.461123267831303565e+02
4.433433199197441468e+02
4.405529120677725814e+02
4.377469124466079506e+02
4.349293101653071858e+02
4.320922326212003099e+02
4.292365400985008819e+02
4.264846054377657651e+02
4.238948963169871718e+02
4.212890191030008964e+02
4.186676920316302812e+02
4.160316981452754135e+02
4.133818843349538383e+02
4.107191600801355662e+02
4.080444957831283546e+02
4.053696323932143173e+02
4.026880938356646311e+02
3.999978691076851192e+02
3.973130903347339427e+02
3.946228493155707611e+02
3.919459144693997814e+02
3.892730381039101530e+02
3.866226439554917533e+02
3.839863216283823135e+02
3.813786921916015444e+02
3.787733274606794680e+02
3.761833762136612336e+02
3.735978264621670064e+02
3.710260494866251975e+02
3.684667826007000713e+02
3.659285920607750313e+02
3.634007266252158388e+02
3.608834180091166672e+02
3.583777310211959275e+02
3.558846581439702277e+02
3.534051138685251772e+02
3.509485586150901213e+02
3.485120496107124382e+02
3.460913034446631400e+02
3.436868858094986763e+02
3.414627155457165486e+02
3.392823439582725769e+02
3.371287356255327836e+02
3.349949226399278359e+02
3.328781821432904735e+02
3.307854128927752981e+02
3.287175227510596187e+02
3.266779326997919952e+02
3.246549745974921279e+02
3.226612212755323981e+02
3.206832793416601817e+02
3.187208648223007685e+02
3.167743391299645737e+02
3.148557473451137412e+02
3.129518610115428032e+02
3.110624356904709202e+02
3.091997441103781057e+02
3.073513615139586364e+02
3.055168471711330653e+02
3.036960553792093265e+02
3.018893506576645791e+02
3.001093896722792920e+02
2.983428630330789133e+02
2.965897168104742150e+02
2.948970539424744288e+02
2.934433627045581261e+02
2.920164137324325111e+02
2.906147075537180626e+02
2.892251279201720990e+02
2.878567657090056855e+02
2.865035618849687467e+02
2.851615721999361313e+02
2.838358771188290461e+02
2.825294855304903194e+02
2.812609109277914285e+02
2.800246230915263368e+02
2.788034039227841276e+02
2.775925254415474797e+02
2.763986517222051589e+02
2.752220196108797268e+02
2.740557783276819919e+02
2.729019089720569582e+02
2.717686227850140881e+02
2.706469541117797917e+02
2.696802713812704155e+02
2.687345013392967985e+02
2.677996021945361349e+02
2.668759603740662669e+02
2.659767604147843940e+02
2.650885416781181902e+02
2.642236305695804504e+02
2.633713512937127348e+02
2.625301083446061625e+02
2.616998970045572719e+02
2.608806979631085596e+02
2.600724760352264866e+02
2.592751791877723235e+02
2.584887378768481199e+02
2.577217974207144380e+02
2.569795008125452682e+02
2.562721744087251636e+02
2.555854324873958205e+02
2.549389075681662575e+02
2.543102898822884299e+02
2.536915768593292455e+02
2.530825751339391161e+02
2.524830797085621441e+02
2.519028184612124619e+02
2.513354911862967924e+02
2.507770029865333186e+02
2.502271195090582978e+02
2.496890946588475515e+02
2.491695960097029001e+02
2.486698725009404427e+02
2.481850071856084980e+02
2.477163294702301926e+02
2.472656944165609048e+02
2.468322646990308442e+02
2.464116261484835775e+02
2.459975520060532972e+02
2.456003944525643874e+02
2.452113176587752719e+02
2.448282647821602609e+02
2.444534448111249674e+02
2.440958826184930501e+02
2.437485225415771311e+02
2.434159661433345150e+02
2.431022621221259215e+02
2.427942403683171619e+02
2.424914597156871139e+02
2.421938688934056358e+02
2.419014315696400672e+02
2.416141261362091086e+02
2.413319453894263233e+02
2.410548961099145799e+02
2.407829985444782608e+02
2.405162857934724343e+02
2.402548031074938422e+02
2.399986070976571284e+02
2.397477648642011161e+02
2.395023530487029007e+02
2.392729296004239927e+02
2.390526060042555514e+02
2.388379912691410993e+02
2.386291904242291650e+02
2.384263123826149240e+02
2.382294686807250059e+02
2.380387721959690452e+02
2.378543358531082959e+02
2.376762713303766077e+02
2.375147629409246122e+02
2.373725166405469906e+02
2.372512859903880553e+02
2.371525019876306999e+02
2.370626960896811113e+02
2.369798482963506956e+02
2.369040315781088282e+02
2.368353087485290871e+02
2.367737317142710367e+02
2.367193408436897357e+02
2.366852152623447409e+02
2.366857752176518375e+02
2.366935723893500381e+02
2.367085999861757273e+02
2.367308385746638351e+02
2.367674655107828130e+02
2.368177399493683879e+02
2.368820279091695511e+02
2.369701920143650682e+02
2.370686287597362139e+02
2.371739250727074193e+02
2.372859899536550188e+02
2.374082668489003538e+02
2.375560605352456491e+02
2.377167355196710616e+02
2.379067557487590250e+02
2.381059235371853902e+02
2.383112201292338455e+02
2.385225350703000515e+02
2.387476707497831967e+02
2.389846726676705089e+02
2.392273777187950827e+02
2.394756895797775087e+02
2.397362094568786688e+02
2.400096053974687038e+02
2.403092683355574763e+02
2.406190216668117046e+02
2.409425944824052976e+02
2.412912380624522086e+02
2.416576143405598600e+02
2.420350236864715612e+02
2.424252081515537327e+02
2.428207095815211574e+02
2.432367474756628951e+02
2.436674019000875546e+02
2.441157403065406584e+02
2.445703546750015107e+02
2.450827797462621334e+02
2.457261262610441861e+02
2.463856127572473724e+02
2.470509306251636588e+02
2.477248694279137453e+02
2.484140584797662541e+02
2.491191654639948183e+02
2.498421475961641818e+02
2.505723003144911729e+02
2.513161395766856572e+02
2.520733676167273813e+02
2.528388200837243289e+02
2.536289233479818108e+02
2.544388428768671133e+02
2.552554979544953540e+02
2.561000876292908401e+02
2.569576697708355368e+02
2.578374529193160356e+02
2.587375877744917148e+02
2.596656425393701397e+02
2.606081445819816054e+02
2.615760938266112134e+02
2.625632600651228472e+02
2.635634373759502296e+02
2.645686124287939833e+02
2.655790699294877868e+02
2.666011500792677111e+02
2.676493035937682521e+02
2.687180491920120176e+02
2.698055082117131178e+02
2.709134946054671218e+02
2.720309264558386531e+02
2.731823013543628349e+02
2.743537862267614287e+02
2.755378419479160357e+02
2.767408699936509606e+02
2.779539982958208384e+02
2.791778090384897268e+02
2.804129056906397182e+02
2.816599121806102630e+02
2.829194719221333685e+02
2.842032228355304824e+02
2.855018238470602228e+02
2.868150137701910012e+02
2.881435009729975718e+02
2.894880054586947153e+02
2.908492565670516115e+02
2.922279904010391078e+02
2.936249469729186785e+02
2.950521217128576836e+02
2.965141770053828623e+02
2.979968869339794537e+02
2.995007559455378896e+02
3.010264929408887156e+02
3.025747881251353988e+02
3.041463085380809730e+02
3.057416934889524782e+02
3.073615499515349825e+02
3.090064479826714887e+02
3.106832898828793077e+02
3.124070958886294420e+02
3.141573904011960394e+02
3.159345548177053615e+02
3.177389136362827458e+02
3.195762034776510063e+02
3.214477630821143066e+02
3.233544136093785824e+02
3.252943807758689445e+02
3.272629318303248738e+02
3.292773575685902188e+02
3.313308410638907162e+02
3.334213561160669315e+02
3.355391854984680435e+02
3.376840450951685852e+02
3.398646443445887826e+02
3.420760268728989786e+02
3.443230731290977360e+02
3.465986056560343513e+02
3.488991491688622091e+02
3.512242267211914282e+02
3.535801067405582216e+02
3.559665446213449513e+02
3.583779705774247759e+02
3.608239080474396587e+02
3.632920410034407723e+02
3.657819604585928346e+02
3.682932904873405278e+02
3.708288540648836715e+02
3.734007261698328648e+02
3.760004153128677444e+02
3.786204134971761164e+02
3.812677653704997738e+02
3.839405342943981054e+02
3.866332318343281713e+02
3.893458054030646736e+02
3.920782317641510417e+02
3.948381987512310616e+02
3.976642336143821694e+02
4.008068143435123147e+02
4.039687284689088074e+02
4.071494879366416058e+02
4.103486218778305670e+02
4.135656827861472493e+02
4.168084361946828835e+02
4.200732218697457938e+02
4.233547803308954371e+02
4.266527993115992103e+02
4.299670042091459550e+02
4.332971570042245162e+02
4.366430538278914923e+02
4.400045212343502499e+02
4.433814112733833781e+02
4.467965126768104938e+02
4.504136283278118640e+02
4.541288253181130585e+02
4.578710721557226861e+02
4.616376726276045019e+02
4.654219638993066042e+02
4.692197241059634507e+02
4.730305834511518697e+02
4.768541578305070630e+02
4.806900457382556056e+02
4.845378254642731122e+02
4.883970526800038670e+02
4.922747666173898438e+02
4.961787201443386834e+02
5.000963466895076408e+02
5.040233907750063622e+02
5.079605517267872301e+02
5.119180712543212621e+02
5.158832168116384764e+02
5.198682234628167862e+02
5.238600790392101771e+02
5.278575911006732895e+02
5.318600796371777051e+02
5.358668605465072687e+02
5.398772510283374686e+02
5.439048471894082013e+02
5.479588701515959883e+02
5.520150500320323772e+02
5.560722463032290079e+02
5.601298766101438105e+02
5.641873976601312961e+02
5.682443116783158530e+02
5.723001726910747493e+02
5.763552122931607755e+02
5.804217528512666604e+02
5.844862728630756692e+02
5.885485910948880246e+02
5.926227275946488362e+02
5.967067774158962266e+02
6.007885646338611423e+02
6.048682393119914877e+02
6.089460390213739629e+02
6.130222891372653748e+02
6.172084047135301716e+02
6.214198959631414709e+02
6.256311248550418895e+02
6.298426440652369820e+02
6.340550876170077572e+02
6.382691672152943738e+02
6.424856672471111096e+02
6.467054384155475191e+02
6.509293899936960770e+02
6.551584807058263777e+02
6.593937082658903819e+02
6.636360976278841690e+02
6.678866880281731255e+02
6.721465189262896729e+02
6.764166149772950121e+02
6.806979701949817354e+02
6.849915314903121271e+02
6.892981817926947770e+02
6.936187229823256075e+02
6.979538588788990410e+02
7.023100050656389612e+02
7.066895780367567568e+02
7.110851063105287722e+02
7.154967425435187351e+02
7.199244662994515238e+02
7.243680728516276304e+02
7.288271637890609327e+02
7.333019571193133288e+02
7.378031062831391864e+02
7.423173198167544342e+02
7.468433727315814394e+02
7.513798310780011889e+02
7.559250555058076770e+02
7.604772068836127801e+02
7.650342538137761039e+02
7.695939818363619906e+02
7.741540040802610747e+02
7.787211697807676956e+02
7.832938535867967857e+02
