2.888791831396424641e+03
2.906854654496984040e+03
2.924906861929478964e+03
2.943005729786520533e+03
2.961110975140241862e+03
2.979272160539298511e+03
2.997359695327605550e+03
3.015380138153077041e+03
3.033330061768553605e+03
3.051342413559541001e+03
3.069283349334104514e+03
3.087514011270174706e+03
3.105657680465201338e+03
3.123710850833708719e+03
3.141668061524761470e+03
3.159524195723483899e+03
3.177267960754185424e+03
3.194916351351426783e+03
3.212797464611760915e+03
3.230612910558913882e+03
3.248326534502736649e+03
3.266121859637826219e+03
3.283910630406105156e+03
3.301719299294094071e+03
3.319608909332120675e+03
3.337444054983671776e+03
3.355125829679229355e+03
3.372717103138574203e+03
3.390188196907963174e+03
3.407503707744052917e+03
3.424652260254921202e+03
3.441627675008545339e+03
3.458430357098711738e+03
3.475065201424311454e+03
3.491570062471233086e+03
3.508062601263489796e+03
3.524468406098310879e+03
3.540985058412134094e+03
3.557378305384119813e+03
3.573867592053266890e+03
3.591791069672325648e+03
3.609799902868072422e+03
3.628191219192430253e+03
3.646366176053204981e+03
3.664447854132804423e+03
3.682283442500346609e+03
3.699984696070895552e+03
3.717567069662319227e+03
3.734925903257860682e+03
3.752354876028525268e+03
3.769522524909219101e+03
3.786390358742907665e+03
3.803002329573306270e+03
3.819450844878418138e+03
3.835750579460189329e+03
3.851745720304280439e+03
3.867570587695905488e+03
3.883220714753354514e+03
3.898538226191316426e+03
3.914114476440427097e+03
3.929953641219331985e+03
3.945816017099168221e+03
3.961563732099916251e+03
3.976949585578304323e+03
3.991966928081842525e+03
4.006849968023690508e+03
4.021454173072264894e+03
4.035695801600288178e+03
4.049541899620437107e+03
4.062986456986222947e+03
4.076311213390788907e+03
4.089746157911362843e+03
4.102761248379812969e+03
4.115350039270673733e+03
4.127573635065080452e+03
4.140414485329628405e+03
4.153084912073916712e+03
4.165448496681061442e+03
4.177582550441023159e+03
4.190126176616277917e+03
4.202866382275813521e+03
4.215245688595858155e+03
4.227317789299040669e+03
4.239411989350010117e+03
4.251266582101224230e+03
4.263047149870857538e+03
4.274598947496589062e+03
4.285606909471123799e+03
4.296068980484401436e+03
4.305990667624178968e+03
4.315361035607256781e+03
4.324182067260248914e+03
4.332467585829856034e+03
4.340218315118831015e+03
4.347438776952230910e+03
4.354149799429257655e+03
4.361947897583598206e+03
4.369451887886874829e+03
4.376612772607177249e+03
4.383327492347481893e+03
4.389640791541969520e+03
4.395515405429994644e+03
4.401442869562379201e+03
4.407207449961919338e+03
4.412543739512397224e+03
4.417462889849908606e+03
4.422021952686780423e+03
4.427861362754021684e+03
4.433942889421939981e+03
4.439802083071166635e+03
4.446168564308256464e+03
4.452830464477488022e+03
4.459671197903033317e+03
4.466589160838932912e+03
4.473225965194558739e+03
4.479449450245418120e+03
4.485259184157233904e+03
4.490686644976087337e+03
4.496204432439581979e+03
4.502168940397396000e+03
4.508609511134985041e+03
4.514857865556254183e+03
4.520932657318269776e+03
4.527254465946017262e+03
4.533252605041608149e+03
4.538865171099805593e+03
4.543908669065518552e+03
4.548748944386269613e+03
4.554013569649037890e+03
4.558988804023316334e+03
4.563891892458193070e+03
4.569566656974858233e+03
4.575716909708249659e+03
4.582451938986791902e+03
4.589972820531208527e+03
4.597313854441550575e+03
4.604186966068292350e+03
4.612036033853095432e+03
4.619766847823006174e+03
4.627571780788957767e+03
4.635958454040533070e+03
4.644487103100725108e+03
4.654254982165864931e+03
4.664232285547674110e+03
4.673692901229811469e+03
4.682540789860770019e+03
4.690884324586568255e+03
4.699292287805606975e+03
4.707726522283227496e+03
4.716148199292384561e+03
4.724385896935726123e+03
4.732761573550145840e+03
4.740673131125037798e+03
4.748725945891559604e+03
4.757931815923707290e+03
4.767066913611139171e+03
4.776135499629494007e+03
4.784859178431338478e+03
4.793951647911118926e+03
4.803964184270334044e+03
4.814062435146285679e+03
4.825275422897240787e+03
4.837006467671717473e+03
4.848750786189200880e+03
4.861378764795028474e+03
4.873639718474545589e+03
4.885972807758894305e+03
4.898352153038999859e+03
4.910246506117988247e+03
4.921984661924228931e+03
4.933623216209684870e+03
4.944941869376286377e+03
4.955692867896104872e+03
4.967425911123616970e+03
4.979966653740020774e+03
4.992750154579425725e+03
5.005215342295047776e+03
5.017345493285880366e+03
5.030195202525690547e+03
5.043647315899655950e+03
5.057206326756802810e+03
5.070227283244688806e+03
5.083351575522508938e+03
5.097031488348412495e+03
5.110138128370253980e+03
5.123841102909220353e+03
5.138446636582782958e+03
5.153225966334264740e+03
5.168477904304319964e+03
5.184402120702070533e+03
5.200355129798726011e+03
5.215780613599741628e+03
5.231205605728640876e+03
5.247563933942312360e+03
5.264373566166248565e+03
5.280646687559698876e+03
5.297666444350372331e+03
5.314693272086693469e+03
5.331875066640729528e+03
5.348765519646745815e+03
5.365334492677745402e+03
5.384213757376905050e+03
5.402806123210117221e+03
5.420985948217079567e+03
5.438934537583724705e+03
5.456919258004593758e+03
5.474259106926976528e+03
5.493697976519679287e+03
5.514178018992442958e+03
5.534886211336758606e+03
5.557277555205402678e+03
5.579789944714129888e+03
5.602398142651534727e+03
5.625963433817949408e+03
5.648998069982828383e+03
5.671370711925488649e+03
5.692936301750237362e+03
5.713700280377516719e+03
5.733556810903270161e+03
5.753811682593330261e+03
5.773630244152762316e+03
5.792549768538055105e+03
5.810886814077288363e+03
5.828962013629210560e+03
5.845865987158456846e+03
5.861481906330613128e+03
5.875794657353046205e+03
5.891029052776660137e+03
5.905463842344957811e+03
5.918631478371575213e+03
5.930871333979892370e+03
5.943579515408481711e+03
5.956972380316907220e+03
5.970204374263827958e+03
5.983105368659191299e+03
5.995436759093630826e+03
6.007880784799507637e+03
6.019274269549723613e+03
6.030519214981923142e+03
6.040279575334725450e+03
6.048820453320313391e+03
6.056524474717205521e+03
6.062811113643050703e+03
6.069476809969770329e+03
6.074910609893472611e+03
6.079041409720530282e+03
6.082158130836531200e+03
6.083997217957959947e+03
6.084432692485479492e+03
6.083481668365333462e+03
6.081160499056566550e+03
6.077484114737160780e+03
6.072465467669417194e+03
6.066115123123014200e+03
6.058441027629918608e+03
6.049448478315573084e+03
6.039140306707073250e+03
6.027676460977534589e+03
6.015403901674286317e+03
6.002383994217432701e+03
5.988043879174319954e+03
5.972387707579313428e+03
5.955404681676743166e+03
5.937097995038876434e+03
5.917494471388148668e+03
5.897876585547543073e+03
5.878580292235184970e+03
5.858875443489202553e+03
5.837919841245904536e+03
5.815824412751722775e+03
5.793159103177822544e+03
5.773964075926562145e+03
5.755093298724280430e+03
5.735357270736421015e+03
5.715849353976252132e+03
5.697004623172819265e+03
5.677585985871943194e+03
5.657449337498696877e+03
5.636825202529609669e+03
5.615931975872881594e+03
5.597339157923750463e+03
5.578330583532883793e+03
5.560243469732103222e+03
5.542370999457325524e+03
5.523699593721004931e+03
5.504205402854177919e+03
5.483914459368776079e+03
5.463635407006354399e+03
5.443699082392489800e+03
5.423291567903309442e+03
5.403057912562853744e+03
5.382843175180160870e+03
5.363065442193397757e+03
5.343168180138025491e+03
5.323062583053362687e+03
5.303041169887366777e+03
5.284108681704668925e+03
5.264700130033425012e+03
5.245232576188825078e+03
5.226245745120768333e+03
5.209946685788535433e+03
5.195126287349445192e+03
5.180502515280498301e+03
5.167156853356901593e+03
5.154363289005639672e+03
5.142217304173999764e+03
5.130923499615430046e+03
5.120351239767296647e+03
5.110385992117128808e+03
5.101034559352729957e+03
5.091748762379718755e+03
5.083043885212303394e+03
5.076202581184978044e+03
5.068854979149993596e+03
5.060878137720031191e+03
5.052412917652272881e+03
5.043805760427962014e+03
5.036513808164419061e+03
5.030123531572698994e+03
5.023366840568916814e+03
5.016118188131708848e+03
5.009469223385409350e+03
5.003815613409000434e+03
4.999889660473576441e+03
4.997484525877946908e+03
4.994738548215163974e+03
4.991687873482866053e+03
4.989269490487897201e+03
4.987110046328955832e+03
4.984543785246356492e+03
4.981572237712452079e+03
4.978564043978844893e+03
4.975901471037992451e+03
4.972883783783553554e+03
4.969711367082132710e+03
4.966836162046531172e+03
4.963426166299546821e+03
4.959389478181219602e+03
4.954919745269601663e+03
4.949951152874963554e+03
4.944777925399852393e+03
4.939499067584572003e+03
4.933878298129017821e+03
4.927643875004001529e+03
4.920756976825799029e+03
4.913283354008861352e+03
4.905186005504524474e+03
4.896416208749927137e+03
4.887545856246415497e+03
4.878277797819160696e+03
4.869074792159952267e+03
4.859488982067719917e+03
4.849444657537354942e+03
4.838709405258543484e+03
4.827791663312054879e+03
4.817088397739286847e+03
4.805712207710645089e+03
4.793947934436140713e+03
4.782943616076680883e+03
4.772327432302054149e+03
4.761207200709166500e+03
4.749536759407299542e+03
4.737344323383781557e+03
4.724458148566569434e+03
4.710996062680468640e+03
4.697051892789952035e+03
4.683315786278722953e+03
4.669376075370451872e+03
4.655373552107061187e+03
4.641108445946010761e+03
4.627222212409989879e+03
4.613984197530110578e+03
4.600180952865235668e+03
4.585836509702370677e+03
4.571036020364901560e+03
4.556545005896996372e+03
4.541975218238659181e+03
4.527044870713189994e+03
4.512609147452996694e+03
4.499049303042088468e+03
4.485242107295565802e+03
4.470968971785567192e+03
4.456232783340433343e+03
4.441125037815535507e+03
4.425902289267417473e+03
4.410229604461352210e+03
4.394116266238006574e+03
4.377579047224318856e+03
4.360617911623816326e+03
4.343245451548105848e+03
4.325891113924777528e+03
4.308590804500509876e+03
4.291111589136135080e+03
4.273467107623719130e+03
4.255534936674610435e+03
4.237552165483081808e+03
4.220641923397032770e+03
4.206585877545114272e+03
4.192301560456167863e+03
4.177851527457902193e+03
4.163736510227126928e+03
4.151170702965313467e+03
4.138609694399709042e+03
4.126183615380334231e+03
4.113609256990961512e+03
4.100967942823104750e+03
4.088899709002622330e+03
4.077539875120207398e+03
4.065968290179270753e+03
4.054089979734314511e+03
4.042004535907842637e+03
4.029645302892577547e+03
4.017044030765177922e+03
4.004272463920438440e+03
3.991801963094933853e+03
3.979190079384702585e+03
3.966911815314123487e+03
3.954648831753098420e+03
3.942411619313817027e+03
3.930001819498296754e+03
3.917785249394264611e+03
3.905830132097663864e+03
3.893585102950622058e+03
3.881157601192071070e+03
3.868509951396703400e+03
3.855564571903244541e+03
3.842411828616051935e+03
3.829253639609604761e+03
3.815873996753989559e+03
3.803371712513762304e+03
3.791121394422897993e+03
3.778574594142834485e+03
3.765844152714276333e+03
3.752921729968735235e+03
3.739770968650423129e+03
3.726342618265812234e+03
3.712664499158884610e+03
3.699170337356453274e+03
3.685939060547217196e+03
3.672422883484802696e+03
3.658750718161324585e+03
3.645265091195607965e+03
3.632104265973582187e+03
3.619786091839309393e+03
3.607234806571393165e+03
3.594471835834763624e+03
3.581445956152306735e+03
3.568160819453803015e+03
3.554729314315070496e+03
3.541070106446220962e+03
3.527164249041245057e+03
3.513016356715939764e+03
3.498644996123694909e+03
3.484054397170190896e+03
3.469236089331741823e+03
3.454194794719327547e+03
3.438959056730146585e+03
3.423526337723245888e+03
3.407883988623762889e+03
3.392036134696026238e+03
3.375986752182046075e+03
3.359884135136653640e+03
3.344224421914740560e+03
3.328385219621665783e+03
3.312358847270403203e+03
3.296146073632161915e+03
3.279909035941337606e+03
3.263759646715386225e+03
3.247432922022255752e+03
3.231021711984337344e+03
3.214488191527059826e+03
3.197796228535534283e+03
3.180949358052356729e+03
3.165118918101841700e+03
3.149851641540066339e+03
3.134444192259250485e+03
3.119076792066710823e+03
3.103799652784412501e+03
3.088368552390698369e+03
3.072785648580053930e+03
3.057268702898723859e+03
3.041640491404160457e+03
3.025923553660745711e+03
3.010108207956554907e+03
2.994166920783276055e+03
2.978107212511912621e+03
2.962079109201606116e+03
2.946241706413538850e+03
2.930330671689092924e+03
2.914641249506308213e+03
2.898970705663593890e+03
2.883220438899626060e+03
2.867393819411432560e+03
2.851493157478108060e+03
2.835519657060543977e+03
2.819476738077628397e+03
2.803370183526821165e+03
2.787197633885537471e+03
2.770950269539622695e+03
2.754621453548131740e+03
2.738215969936291913e+03
2.721727142106105475e+03
2.705380201718091939e+03
2.688988374815658972e+03
2.672508930637191952e+03
2.655930243347784199e+03
2.639345197024545087e+03
2.622874047423038064e+03
2.606394080833053977e+03
2.589820852651848782e+03
2.573167383057792904e+03
2.556426766480774859e+03
2.539893835278582173e+03
2.524748931226396053e+03
2.510310931398542834e+03
2.495909146327702274e+03
2.481415847137421224e+03
2.466954024763152574e+03
2.452500202083374461e+03
2.438104157257884253e+03
2.423958643905997633e+03
2.410007174421233685e+03
2.395999322334686440e+03
2.382003559166249943e+03
2.367942258356654293e+03
2.353812674016101028e+03
2.339621161082121034e+03
2.325386457606432487e+03
2.311202123622291765e+03
2.297223385051307105e+03
2.283217459606237753e+03
2.269193165228139605e+03
2.255505067183019491e+03
2.241939431628720740e+03
2.228387299265357797e+03
2.214848190669526957e+03
2.201333529895913216e+03
2.187840662771655843e+03
2.174603686578257111e+03
2.161676420371094991e+03
2.148796867699861650e+03
2.135956411356113222e+03
2.123152334452661307e+03
2.110378005692506122e+03
2.097632135682579246e+03
2.084908116794388661e+03
2.072225322082014827e+03
2.059560920607208118e+03
2.047274571657805836e+03
2.035194814122856997e+03
2.023124300384268736e+03
2.011060452215760279e+03
1.999021014726634803e+03
1.986994931972809127e+03
1.974976848735023395e+03
1.962957756095789591e+03
1.950959808903916382e+03
1.938959484993565638e+03
1.926955490311360336e+03
1.914968232554317638e+03
1.902983438624454266e+03
1.891023490535620567e+03
1.879063794341392395e+03
1.867099503460745382e+03
1.855283208555578312e+03
1.843874898685172411e+03
1.832476045784448615e+03
1.821075420136559387e+03
1.809673889318349211e+03
1.798272472870110050e+03
1.786895844645240686e+03
1.775525525983912303e+03
1.764159162857008596e+03
1.752798242252083128e+03
1.741459825457074885e+03
1.730595557521889077e+03
1.719767440136024106e+03
1.708965262756642005e+03
1.698195405855529998e+03
1.687475785072308099e+03
1.676804260852912194e+03
1.666266586853368608e+03
1.655975287310699287e+03
1.645710030348274131e+03
1.635473709686219991e+03
1.625271188516941038e+03
1.615087922688082017e+03
1.604921747076702559e+03
1.594882765324010279e+03
1.584909459246465076e+03
1.574954454360656200e+03
1.565073976923003329e+03
1.555421904259975463e+03
1.545788650045923077e+03
1.536183342744221136e+03
1.526618498502436523e+03
1.517092042359756306e+03
1.507598156294895034e+03
1.498172308733516275e+03
1.488893918397941889e+03
1.479644147549757690e+03
1.470418973891588848e+03
1.461229465531548840e+03
1.452064132666239402e+03
1.442918471419174693e+03
1.433794500121796545e+03
1.424722702461255722e+03
1.415712304836932617e+03
1.406732374506458200e+03
1.397824014242870362e+03
1.388979904264739844e+03
1.380177346670251382e+03
1.371418371821496294e+03
1.362710602290645056e+03
1.354041178970750479e+03
1.345858404347513442e+03
1.338063998969604199e+03
1.330310617020886866e+03
1.322622068728418981e+03
1.314986865010824204e+03
1.307430533527616717e+03
1.299913146562937300e+03
1.292447795533904127e+03
1.285028846595948380e+03
1.277653454121091272e+03
1.270318908019144828e+03
1.263014598845640649e+03
1.255755646612406053e+03
1.248544894122216647e+03
1.241389664454169633e+03
1.234285111632876578e+03
1.227227117792476747e+03
1.220223681808736956e+03
1.213288974602892949e+03
1.206413655959450580e+03
1.199594300830305428e+03
1.192837256462037885e+03
1.186142635242245888e+03
1.179524484573523296e+03
1.172987692158928894e+03
1.166607365221672580e+03
1.160307015572403998e+03
1.154077453012864225e+03
1.148009550049697054e+03
1.141991761319395891e+03
1.136022313347243198e+03
1.130113115282750186e+03
1.124278272852845021e+03
1.118503070943012517e+03
1.112796088070559790e+03
1.107160303151662447e+03
1.101576314884450539e+03
1.096034511088872478e+03
1.090561728769950605e+03
1.085143353404857862e+03
1.079784956093023084e+03
1.074463686491437556e+03
1.069190104982972116e+03
1.063991937297528921e+03
1.058873871290907118e+03
1.053812861393536423e+03
1.048817017499355188e+03
1.043869414902231483e+03
1.038975410342890200e+03
1.034126636853144646e+03
1.029301412535779491e+03
1.024529054259478926e+03
1.019790242472019827e+03
1.015086549928204022e+03
1.010428471106326356e+03
1.005804937801643973e+03
1.001208305676833561e+03
9.966401081613853421e+02
9.921368520222374627e+02
9.877204065529415402e+02
9.834041730141642574e+02
9.791283109013484136e+02
9.751133700156002533e+02
9.714618646440445673e+02
9.678432408104450815e+02
9.642545766988852165e+02
9.606940951328459732e+02
9.571676808279937632e+02
9.536675085815202237e+02
9.501993671141403865e+02
9.467816322266073712e+02
9.434251633997201907e+02
9.401115134267250824e+02
9.368524235749556510e+02
9.336674690019134459e+02
9.305133704347814501e+02
9.274074887971282806e+02
9.243642993082590920e+02
9.213852288514642623e+02
9.184359159413257885e+02
9.155500805822206303e+02
9.127454220784646850e+02
9.099944773787835857e+02
9.073362304500169557e+02
9.047213019417580426e+02
9.021559770466493546e+02
8.996664081570086182e+02
8.972202395951052267e+02
8.948342345688261048e+02
8.925110458487664573e+02
8.902465519529608855e+02
8.880343059922589646e+02
8.859333553136223145e+02
8.838977342311007988e+02
8.819369581888906851e+02
8.800535621534164648e+02
8.782204598799676205e+02
8.764534086034760776e+02
8.747510478899420150e+02
8.731148527583238774e+02
8.715171163854151928e+02
8.699762342904318757e+02
8.684810459056379841e+02
8.670420824138645912e+02
8.656436129793638656e+02
8.642848463095244824e+02
8.629768112210090294e+02
8.617218639540890308e+02
8.605113644267962627e+02
8.593449810331233039e+02
8.582061082389039939e+02
8.571048614119949889e+02
8.560646877579382590e+02
8.550760361252964685e+02
8.541079789450898261e+02
8.531676040866173025e+02
8.522602058502120599e+02
8.513761632376111947e+02
8.505128299898713067e+02
8.496673668950350020e+02
8.488643890666253355e+02
8.480828065798600619e+02
8.473276685552236813e+02
8.465888117747815613e+02
8.458504389964426764e+02
8.451226627318784494e+02
8.443959805029874133e+02
8.436744533234292476e+02
8.429577959355476651e+02
8.422496767927519841e+02
8.415443471760552256e+02
8.408553713638232239e+02
8.401625346018149685e+02
8.394662072105755897e+02
8.387670140233159373e+02
8.380658478556242699e+02
8.373638813424267937e+02
8.366625767026520180e+02
8.359636929565417631e+02
8.352692900907613875e+02
8.345817296447638682e+02
8.339088599968522431e+02
8.332565666419618537e+02
8.326333221371457967e+02
8.320297948315813983e+02
8.316099191621086675e+02
8.312759402512873521e+02
8.309724003129348375e+02
8.307032578345583715e+02
8.304798427184430238e+02
8.303307643122744821e+02
8.302516713250065550e+02
8.302295977949079315e+02
8.302645739907907227e+02
8.303784822778950456e+02
8.305824291748870110e+02
8.308799049021853307e+02
8.312477820042595340e+02
8.316998473232483775e+02
8.322668840942944826e+02
8.329464574887138042e+02
8.337160702902106095e+02
8.345708768267805908e+02
8.355399231079627498e+02
8.366707635949225050e+02
8.379149618958188057e+02
8.392353820118676140e+02
8.406623460672644796e+02
8.421784218848043793e+02
8.437517347448367673e+02
8.453792611887007524e+02
8.470608873892538213e+02
8.488077611223945951e+02
8.506105957431052502e+02
8.524750910287934857e+02
8.544036775008434006e+02
8.564064517519695983e+02
8.584674692891722998e+02
8.605864839942637445e+02
8.627575712922424600e+02
8.649954613386221354e+02
8.674020761628592027e+02
8.699630442442046387e+02
8.729962335354762217e+02
8.772403877061851745e+02
8.815953879719974111e+02
8.860379834817899791e+02
8.905612376368009109e+02
8.951765637232829249e+02
8.998659747858449691e+02
9.046426147070314983e+02
9.095152803553376089e+02
9.145871291367250251e+02
9.197727614342925335e+02
9.250421810463376460e+02
9.303964051508719422e+02
9.358485565219917817e+02
9.413913195791018325e+02
9.470056775934651796e+02
9.527126425247299721e+02
9.585013521676276014e+02
9.644123120279462000e+02
9.704417805216730812e+02
9.765755096292189137e+02
9.828531156630591568e+02
9.892551364290562788e+02
9.958086390079847661e+02
1.002511888073143041e+03
1.009380372816730187e+03
1.016374222323022764e+03
1.023455201927427652e+03
1.030640688305775939e+03
1.037938688626488101e+03
1.045331018161690281e+03
1.052808703888142190e+03
1.060374759967532555e+03
1.068043059438283535e+03
1.075783666639855255e+03
1.083613471635694623e+03
1.091535889344801490e+03
1.099522802539193663e+03
1.107551576743592477e+03
1.115619598409888795e+03
1.123740263404817597e+03
1.131894992216322180e+03
1.140112070255109757e+03
1.148366766781906335e+03
1.156646004539601108e+03
1.164937554821245840e+03
1.173248728416547920e+03
1.181579677636805627e+03
1.189912976717752827e+03
1.198259831090765601e+03
1.206632196971702569e+03
1.215016955726714968e+03
1.223412130328860485e+03
1.231808011064153561e+03
1.240192318836699087e+03
1.248561633974016786e+03
1.256945371174473621e+03
1.265318238903790643e+03
1.273683180753497481e+03
1.282057086924904979e+03
1.290581090216061511e+03
1.299193135908730483e+03
1.307785338197839337e+03
1.316369610016129172e+03
1.324921504317859217e+03
1.333439507153961131e+03
1.341930052494290294e+03
1.350397329346842525e+03
1.358840199681902732e+03
1.367247098704164273e+03
1.375636293010612917e+03
1.383996093662323347e+03
1.392340953883744533e+03
1.400637157922197503e+03
1.408881969092771669e+03
1.417086844324026970e+03
1.425261682419608633e+03
1.433410968527493878e+03
1.441515107727326267e+03
1.449601620609893871e+03
1.457651099004388470e+03
1.465663516082397109e+03
1.473632393172080356e+03
1.481560677828706048e+03
1.489451751184154091e+03
1.497328244735713042e+03
1.505183414705158384e+03
1.513013775305762920e+03
1.520902352908652119e+03
1.528811112852571796e+03
1.536709421631693886e+03
1.544604312509207830e+03
1.552514357698669528e+03
1.560438698634928869e+03
1.568393461385131104e+03
1.576373044143012066e+03
1.584370010470101988e+03
1.592408048796839239e+03
1.600511328446578545e+03
1.608646825500154137e+03
1.616797883390839388e+03
1.624976663802399798e+03
1.633203842626699270e+03
1.641468502429211185e+03
1.649753390341306840e+03
1.658054907911170631e+03
1.666353737756623559e+03
1.674663086151952257e+03
1.682982315309826845e+03
1.691289204280707054e+03
1.699607860434420900e+03
1.708002674326871784e+03
1.716365063060618922e+03
1.724745491023456225e+03
1.733131234424343575e+03
1.741483479333862761e+03
1.749815692477188122e+03
1.758118590628613674e+03
1.766399458909301529e+03
1.774657872811277230e+03
1.782890460997424725e+03
1.792761780498223516e+03
1.803137443512684740e+03
1.813496269376284090e+03
1.823829438514834010e+03
1.834146686107575306e+03
1.844435942875913952e+03
1.854698384185736586e+03
1.864949814107143993e+03
1.875193946364606290e+03
1.885440410986384450e+03
1.895714694920170814e+03
1.905996527842477917e+03
1.916282124697398785e+03
1.926592108319663112e+03
1.936923403435071577e+03
1.947291327647833441e+03
1.957693082818751009e+03
1.968150115856897628e+03
1.978711100739423273e+03
1.989377232050636849e+03
2.000096928532049787e+03
2.010889250673496235e+03
2.021774457667579554e+03
2.032741701488349008e+03
2.043771231025135421e+03
2.055005029637072766e+03
2.066318847807359816e+03
2.077686695736540969e+03
2.089110137857987411e+03
2.100590751222603558e+03
2.112116244170668779e+03
2.123682956888027547e+03
2.135300586083941198e+03
2.147602867749989400e+03
2.159934856286382910e+03
2.172288837280299049e+03
2.184759117972614604e+03
2.198918625726383652e+03
2.213346793046855055e+03
2.227760904354967352e+03
2.242149174993041470e+03
2.256500829290834190e+03
2.270963618671325094e+03
2.285625978044874500e+03
2.300366243740214486e+03
2.315041858111623242e+03
2.329650707687995236e+03
2.344204874777062741e+03
2.358696520997706102e+03
2.373130277464387291e+03
2.387521449175926136e+03
2.401875933557236294e+03
2.416397196485025688e+03
2.431617565607601136e+03
2.448218294661485288e+03
2.464807656903833958e+03
2.481373341475196412e+03
2.497939212899530503e+03
2.514483319066708191e+03
2.531003613226302150e+03
2.547556338768747082e+03
2.564350009482860060e+03
2.581124675510638554e+03
2.597892010054577440e+03
2.614642297435377714e+03
2.631377723785813942e+03
2.648100560935550675e+03
2.664824324109491499e+03
2.681720796518005500e+03
2.698921509031560163e+03
2.716125882435256244e+03
2.733323521601560060e+03
2.750513694147566184e+03
2.767695045419455255e+03
2.784865595607838713e+03
2.802022761501519653e+03
2.819310090539448538e+03
2.836648483266409585e+03
2.854032860814623291e+03
2.871387954841176452e+03
2.888791831396424641e+03
