1.381063284804916066e+03
1.382135191141869882e+03
1.383175188701510251e+03
1.384237789515941358e+03
1.385284339396620453e+03
1.386306879484013734e+03
1.387293484048705750e+03
1.388243853693950314e+03
1.389201224200879551e+03
1.390173524307232810e+03
1.391126300953854297e+03
1.392044639303151598e+03
1.392932962972443647e+03
1.393792448081632301e+03
1.394618200708684071e+03
1.395414024485160098e+03
1.396173668512186396e+03
1.396915243432716579e+03
1.397625412181445199e+03
1.398300943799314609e+03
1.398988643847272442e+03
1.399677076478919616e+03
1.400335498697105095e+03
1.400962263064465333e+03
1.401557432445333006e+03
1.402167547951138658e+03
1.402745410949553616e+03
1.403286889202397106e+03
1.403796013058905828e+03
1.404297415381444353e+03
1.404775714622150190e+03
1.405215929446162363e+03
1.405623106228637880e+03
1.405990062669542795e+03
1.406324304910386218e+03
1.406621762930037676e+03
1.406880670003851719e+03
1.407101706997407973e+03
1.407286354898767513e+03
1.407458553993117221e+03
1.407625700412598007e+03
1.407752323882584278e+03
1.407836173248025261e+03
1.407882820041713558e+03
1.407922480909757724e+03
1.407923931418911707e+03
1.407884277944306632e+03
1.407806350179576611e+03
1.407697173727849986e+03
1.407571096373603950e+03
1.407429767254892113e+03
1.407305550336742272e+03
1.407176534833855385e+03
1.407018751129420252e+03
1.406891882817679516e+03
1.406743842277305703e+03
1.406550673046622705e+03
1.406349362496085632e+03
1.406114129625793794e+03
1.405910726730826809e+03
1.405721280926332156e+03
1.405546554499161175e+03
1.405365430095606371e+03
1.405171851961258653e+03
1.405019498370243355e+03
1.404836483127300653e+03
1.404626010425750337e+03
1.404402369566001880e+03
1.404161233274240203e+03
1.403877984478864619e+03
1.403569944821202625e+03
1.403275335562858118e+03
1.403010764055089567e+03
1.402713049003452397e+03
1.402401404690387380e+03
1.402084725878021345e+03
1.401828176597829952e+03
1.401576010996152945e+03
1.401295856363157100e+03
1.401031938346235847e+03
1.400783956880396090e+03
1.400536996913348730e+03
1.400303103651123820e+03
1.400071527666131715e+03
1.399877329667753429e+03
1.399671927637688668e+03
1.399478234595865615e+03
1.399265197271374063e+03
1.399097207039618297e+03
1.398904968817616464e+03
1.398715468644419161e+03
1.398518063485233597e+03
1.398305743922246165e+03
1.398117102381060249e+03
1.397917150229700383e+03
1.397775891433110246e+03
1.397651251541686179e+03
1.397495726563227663e+03
1.397316677076783662e+03
1.397114154920299598e+03
1.396949571275570634e+03
1.396812878840295298e+03
1.396651743656030703e+03
1.396475879669733104e+03
1.396353911997131490e+03
1.396227758587899643e+03
1.396139795074344875e+03
1.396028734866734339e+03
1.395894733550825094e+03
1.395881809211414065e+03
1.395930670219352351e+03
1.396049561071547714e+03
1.396153596472606750e+03
1.396244302088886343e+03
1.396384910609411463e+03
1.396575911969704748e+03
1.396812136007345998e+03
1.397091291011311569e+03
1.397427529532239532e+03
1.397790733890079991e+03
1.398262746835242979e+03
1.398797812183897577e+03
1.399417794011014848e+03
1.400026619571523270e+03
1.400639341439975851e+03
1.401301638938045471e+03
1.401981497121588745e+03
1.402716281563911252e+03
1.403502043061131644e+03
1.404281721523164606e+03
1.405074951414666884e+03
1.405857686459474280e+03
1.406653944614708507e+03
1.407511558153757051e+03
1.408493940798127824e+03
1.409496463576919041e+03
1.410515637349714780e+03
1.411544367616038244e+03
1.412609439979056788e+03
1.413668122869909666e+03
1.414745121951561941e+03
1.415858384969996678e+03
1.417042735910016063e+03
1.418236911647634770e+03
1.419416885711968916e+03
1.420586671947367904e+03
1.421890438032693282e+03
1.423309315653622434e+03
1.424746390859722851e+03
1.426170125443822599e+03
1.427567093201438183e+03
1.428933533459951150e+03
1.430358760027325843e+03
1.431837308877128180e+03
1.433377021697549026e+03
1.434960713003936007e+03
1.436570921587401699e+03
1.438164735684760217e+03
1.439746579791192289e+03
1.441324843640741847e+03
1.442948491759369290e+03
1.444586725026360000e+03
1.446325698910704887e+03
1.448051400270945351e+03
1.449807803497314808e+03
1.451635779901446313e+03
1.453469727659743512e+03
1.455308758014839441e+03
1.457217569531388563e+03
1.459236551373371640e+03
1.461288057542439446e+03
1.463285654412435179e+03
1.465258622693320149e+03
1.467224559325441987e+03
1.469138396623601011e+03
1.471148322508703359e+03
1.473150404027431932e+03
1.475208944084784889e+03
1.477280645705182678e+03
1.479388398009625462e+03
1.481575927378799406e+03
1.483848658502266062e+03
1.486120623903951355e+03
1.488351372957964941e+03
1.490591322435387383e+03
1.492914197016259095e+03
1.495305480155336227e+03
1.497742334170454342e+03
1.500223374159222203e+03
1.502738029459643258e+03
1.505208888381646830e+03
1.507638073971945687e+03
1.510037650909905551e+03
1.512453897169127913e+03
1.514842701467740426e+03
1.517202995305971854e+03
1.519530105103576261e+03
1.521869265833829559e+03
1.524145029830091971e+03
1.526349858387155109e+03
1.528535228745452287e+03
1.530782194521657402e+03
1.532966341722048128e+03
1.535125804663104191e+03
1.537311216428495300e+03
1.539483623438378800e+03
1.541629366168319393e+03
1.543777371107214094e+03
1.545956982455076286e+03
1.548109085667675117e+03
1.550291255025043483e+03
1.552542277969588667e+03
1.554804001116975087e+03
1.557124097634021382e+03
1.559403682512168643e+03
1.561649362310210108e+03
1.563945550508026827e+03
1.566229699792803785e+03
1.568503214610670057e+03
1.570731522576226325e+03
1.572897369510065573e+03
1.575041460845300435e+03
1.577229281287626236e+03
1.579398457528882773e+03
1.581520814347060650e+03
1.583692907054134366e+03
1.585886770471519412e+03
1.588049500084022384e+03
1.590171442133269920e+03
1.592271747287462858e+03
1.594304335226238891e+03
1.596267472779310992e+03
1.598166172563106556e+03
1.599994319286831796e+03
1.601798634494216685e+03
1.603694770483757338e+03
1.605708715117224301e+03
1.607738209454412527e+03
1.609740483679837780e+03
1.611717394976858486e+03
1.613731356758981292e+03
1.615749965209713082e+03
1.617688531814981616e+03
1.619551956537986598e+03
1.621380725509373860e+03
1.623147993516363385e+03
1.624858884729364945e+03
1.626491166665917490e+03
1.628041493285522620e+03
1.629531588927467737e+03
1.630946705894025854e+03
1.632324224911066494e+03
1.633709819816291201e+03
1.635045141102604703e+03
1.636331005580934743e+03
1.637573043402441044e+03
1.638791001341157880e+03
1.640040567054736584e+03
1.641227164563280212e+03
1.642370330210262864e+03
1.643448727445647364e+03
1.644616731386776337e+03
1.645744676130416337e+03
1.646826442282206699e+03
1.647902686905113114e+03
1.649005034362025526e+03
1.650094910647646429e+03
1.651217753777823873e+03
1.652290294495518538e+03
1.653301534923703002e+03
1.654308967628773644e+03
1.655272087076309163e+03
1.656290300308636006e+03
1.657291921100338186e+03
1.658239814317653781e+03
1.659104876108859116e+03
1.659963069184626420e+03
1.660783084683649122e+03
1.661623235705271782e+03
1.662387020511550418e+03
1.663068972386217411e+03
1.663729738096568781e+03
1.664370948781874631e+03
1.665008933977931520e+03
1.665623897626964890e+03
1.666160372085174458e+03
1.666627941821568584e+03
1.667046164392749006e+03
1.667408487393210635e+03
1.667766182265327643e+03
1.668123468295757448e+03
1.668496992724036318e+03
1.668803754978885081e+03
1.669045862554706673e+03
1.669197719085109156e+03
1.669273745488726036e+03
1.669346812455025656e+03
1.669521755571955964e+03
1.669674177068481640e+03
1.669819769694699517e+03
1.669947401884616283e+03
1.670040345325679937e+03
1.670115662013998417e+03
1.670108270215999710e+03
1.670091720216090380e+03
1.669982369168104015e+03
1.669805275064572470e+03
1.669621224299477262e+03
1.669396922163563204e+03
1.669203360124415667e+03
1.669061474241409087e+03
1.668987370651977471e+03
1.668935493942595258e+03
1.668846370426095746e+03
1.668822018110839053e+03
1.668751291760038839e+03
1.668607791002232489e+03
1.668444935629881684e+03
1.668343953053703672e+03
1.668190928076501450e+03
1.668000357520982561e+03
1.667813121685941951e+03
1.667580513896039974e+03
1.667333974196495546e+03
1.667130889757198020e+03
1.666967245036281383e+03
1.666783404394147965e+03
1.666602958932891852e+03
1.666400204433283761e+03
1.666227511785511979e+03
1.666017350787079977e+03
1.665798126827183296e+03
1.665573397939589540e+03
1.665335158305516416e+03
1.665128775951614898e+03
1.664941946648512612e+03
1.664815953061453911e+03
1.664671381056884684e+03
1.664490059976830253e+03
1.664292781926980297e+03
1.664052085647576178e+03
1.663753505905600377e+03
1.663455255140935606e+03
1.663175420252723825e+03
1.662820664659751401e+03
1.662428688065520419e+03
1.662052849055648494e+03
1.661640900439839470e+03
1.661239494700077103e+03
1.660838684993517745e+03
1.660408916851858976e+03
1.659972323989267352e+03
1.659610941450644987e+03
1.659243249912848341e+03
1.658890083696549937e+03
1.658490192627602482e+03
1.658033199377960500e+03
1.657531480096238738e+03
1.657044363074116063e+03
1.656555935377216429e+03
1.656111442828748523e+03
1.655671190624272640e+03
1.655253898464137819e+03
1.654917683677522973e+03
1.654549031888718446e+03
1.654169855723294859e+03
1.653860558371961815e+03
1.653573681797558493e+03
1.653452469202721204e+03
1.653417930149603308e+03
1.653334662676465086e+03
1.653224396519913853e+03
1.653014294396481318e+03
1.652702671733281022e+03
1.652355957877595301e+03
1.651974456230138912e+03
1.651570002027393457e+03
1.651115184925985886e+03
1.650654397736029750e+03
1.650145678240113739e+03
1.649647222195673294e+03
1.649077153621037723e+03
1.648430657360583155e+03
1.647803246112318675e+03
1.647162766427424913e+03
1.646495096102914886e+03
1.645799388951598758e+03
1.645092892017358508e+03
1.644374276375685895e+03
1.643598938780580511e+03
1.642782203233089604e+03
1.642022846339427360e+03
1.641258724887290327e+03
1.640461508565064833e+03
1.639715789165127262e+03
1.638955894597388806e+03
1.638268909992860927e+03
1.637563963179329221e+03
1.636883980558113308e+03
1.636320803802602313e+03
1.635763623922375928e+03
1.635185396425281851e+03
1.634619974047946016e+03
1.634004364614293763e+03
1.633499239091092704e+03
1.632917612440907305e+03
1.632271262409510655e+03
1.631577545875867145e+03
1.630847510212764064e+03
1.630097738948601091e+03
1.629339602822772349e+03
1.628535950287537617e+03
1.627667303031921847e+03
1.626715354991944650e+03
1.625750735888302870e+03
1.624796292332323901e+03
1.623806195786238277e+03
1.622847004750348560e+03
1.621834507783994923e+03
1.620776222411020171e+03
1.619679676643063431e+03
1.618537158605847935e+03
1.617407362467316943e+03
1.616232559078013992e+03
1.615004285215783966e+03
1.613762275339100825e+03
1.612516873646742624e+03
1.611315570151979955e+03
1.610070260685362200e+03
1.608777345963665766e+03
1.607575316207095057e+03
1.606345313130000250e+03
1.605087117766912343e+03
1.603777387541762437e+03
1.602522074286071074e+03
1.601331718577838956e+03
1.600148938075326669e+03
1.599030187303535058e+03
1.597932721113776324e+03
1.596783224347969053e+03
1.595603922582497944e+03
1.594384293180993382e+03
1.593151272105675162e+03
1.591947349781213916e+03
1.590728300203688832e+03
1.589519269833713224e+03
1.588295929786648685e+03
1.587015317437505928e+03
1.585679601815333172e+03
1.584305451616939081e+03
1.582933683603857844e+03
1.581560039655480523e+03
1.580185768553348680e+03
1.578790359596707731e+03
1.577413868056252568e+03
1.576058359996670333e+03
1.574639081173385875e+03
1.573209776563497144e+03
1.571764496704056455e+03
1.570337146687843870e+03
1.568850278563740176e+03
1.567311891606695099e+03
1.565759961077924572e+03
1.564235728682099989e+03
1.562727820060144950e+03
1.561177996706996964e+03
1.559622409883495038e+03
1.558034589033501106e+03
1.556463225748852892e+03
1.554979002157409923e+03
1.553468630851159105e+03
1.551947219409566515e+03
1.550396799847147122e+03
1.548870874098751528e+03
1.547284253497630743e+03
1.545653641326375919e+03
1.544017916297589636e+03
1.542384171845428000e+03
1.540755750442533099e+03
1.539085212030800903e+03
1.537385132870844700e+03
1.535736737783496665e+03
1.534047164647096452e+03
1.532262871119544116e+03
1.530472401711614111e+03
1.528733063432988729e+03
1.526979909156885924e+03
1.525179329230754774e+03
1.523438129708059478e+03
1.521728879217982922e+03
1.520041056381856833e+03
1.518438643972727050e+03
1.516793969473004154e+03
1.515097289352253028e+03
1.513338615124136140e+03
1.511606788203373071e+03
1.509819722467417250e+03
1.508034710893542524e+03
1.506280219197856240e+03
1.504575350588037963e+03
1.502876754548207373e+03
1.501103497538855436e+03
1.499380211552198489e+03
1.497682686821158086e+03
1.496035574951302351e+03
1.494432921826119127e+03
1.492765879281989783e+03
1.491118626671603579e+03
1.489431945834279986e+03
1.487720702090276973e+03
1.486012901262032983e+03
1.484263179652105464e+03
1.482565449108423536e+03
1.480833775883929320e+03
1.479144320245296740e+03
1.477435465383520750e+03
1.475696206293283467e+03
1.474035865268775979e+03
1.472295957654491758e+03
1.470491533801695141e+03
1.468755059142106802e+03
1.466939722944431423e+03
1.465079003836547145e+03
1.463184463103966664e+03
1.461279511754411033e+03
1.459379112409940717e+03
1.457445573124478415e+03
1.455499450273828643e+03
1.453488294370575659e+03
1.451431445837369665e+03
1.449356429819893265e+03
1.447266320010582604e+03
1.445169497523243990e+03
1.443028602153641259e+03
1.440931155795505902e+03
1.438788758951743148e+03
1.436656256293736533e+03
1.434483835935510342e+03
1.432284071057005349e+03
1.430134296960930669e+03
1.427985953620902819e+03
1.425786607420737710e+03
1.423503915410543414e+03
1.421182048871914958e+03
1.418854467679437221e+03
1.416491221245212273e+03
1.414071855070964830e+03
1.411645504924475290e+03
1.409341477780704281e+03
1.407194105883972043e+03
1.405092623471958632e+03
1.403065243983848859e+03
1.400999310639912892e+03
1.398970134178594890e+03
1.396877263371543677e+03
1.394716190764956082e+03
1.392465998148223662e+03
1.390148317241511904e+03
1.387770150772506440e+03
1.385396407113986470e+03
1.383131686949726827e+03
1.380837088307881913e+03
1.378546172219065738e+03
1.376283069725862561e+03
1.374012673446743520e+03
1.371788053764165852e+03
1.369561993126330890e+03
1.367312786275229882e+03
1.364978449127297608e+03
1.362665925711007503e+03
1.360410881506153146e+03
1.358170701445061695e+03
1.355851777980230963e+03
1.353451624563938822e+03
1.351016601069385160e+03
1.348601996342560142e+03
1.346178743676705835e+03
1.343663543944558796e+03
1.341077039334932806e+03
1.338464180507913397e+03
1.335806806612408309e+03
1.333109713359192028e+03
1.330460502709340517e+03
1.327851645631327756e+03
1.325190911802912524e+03
1.322541987315087681e+03
1.319919504768035040e+03
1.317282214017995329e+03
1.314704243278644299e+03
1.312104265454586766e+03
1.309542991123772481e+03
1.306983552661615249e+03
1.304369468974982055e+03
1.301703310743703923e+03
1.298977696915024126e+03
1.296275928780547702e+03
1.293556724132151430e+03
1.290781818759433918e+03
1.288014488714017716e+03
1.285245299627788199e+03
1.282439407480226464e+03
1.279556842357165351e+03
1.276672921499228323e+03
1.273717191498738885e+03
1.270699551862721819e+03
1.267682586152679505e+03
1.264624256691052778e+03
1.261492500120388286e+03
1.258323872425871969e+03
1.255127943698220861e+03
1.251954833075915076e+03
1.248825310152534030e+03
1.245693595099783124e+03
1.242577854270971557e+03
1.239427608291077831e+03
1.236236730171708359e+03
1.233017857253664715e+03
1.229811384505497699e+03
1.226574038379216290e+03
1.223309074147032561e+03
1.220007615495507480e+03
1.216817250523010898e+03
1.213628082477206135e+03
1.210420236624500831e+03
1.207183036410210434e+03
1.203997002392277409e+03
1.200747088452031448e+03
1.197447869108362511e+03
1.194133243519363077e+03
1.190814896697510221e+03
1.187534437101435742e+03
1.184209409178628903e+03
1.180859545713134139e+03
1.177533497472737963e+03
1.174223712953285030e+03
1.170914594700633870e+03
1.167700846004744562e+03
1.164462486134113988e+03
1.161241945555520033e+03
1.158062452992998942e+03
1.154841606058989782e+03
1.151595137109347434e+03
1.148311516870745209e+03
1.144965793808140688e+03
1.141654682359343724e+03
1.138377568210084064e+03
1.135091289142937285e+03
1.131792683373592808e+03
1.128429087131237338e+03
1.125013437914422411e+03
1.121590345114437241e+03
1.118154329432340546e+03
1.114768660623984488e+03
1.111487323758954062e+03
1.108165374317997248e+03
1.104932844961717592e+03
1.101695036292256873e+03
1.098388178430600419e+03
1.095053026217525940e+03
1.091709668194602045e+03
1.088409761531626373e+03
1.085071622569372266e+03
1.081706919781717033e+03
1.078411015624036736e+03
1.075150219468833029e+03
1.071895004116236123e+03
1.068677413063459881e+03
1.065440548167279985e+03
1.062224780451113020e+03
1.058970823518845464e+03
1.055687400865584095e+03
1.052386678312994263e+03
1.049101931581117924e+03
1.045769598311571372e+03
1.042410480261086150e+03
1.039022382714282685e+03
1.035644666878099997e+03
1.032271967076502278e+03
1.028931466907282811e+03
1.025577635594115236e+03
1.022299145205916375e+03
1.019101264865530311e+03
1.015935709482588436e+03
1.012838939288620850e+03
1.009820105472871319e+03
1.006866790709985025e+03
1.003959193024912906e+03
1.001038083259488531e+03
9.982624533511880145e+02
9.955115493027030880e+02
9.927317013606132150e+02
9.900102826797808575e+02
9.873168233352469088e+02
9.846419722232715230e+02
9.819466180322929176e+02
9.792687885775378618e+02
9.766266626912673701e+02
9.739741212623268893e+02
9.713320398997607299e+02
9.687242226234114923e+02
9.661497357399484827e+02
9.635569266987224637e+02
9.609391127707299347e+02
9.582918127826615091e+02
9.556843893750238976e+02
9.530792733638752452e+02
9.504741723042179729e+02
9.478905450327990820e+02
9.453895057021761659e+02
9.428902446555044889e+02
9.404489585644030285e+02
9.380191021390626247e+02
9.355581233824203764e+02
9.330608262911880502e+02
9.305516963390838328e+02
9.281221977880160239e+02
9.257210114978222464e+02
9.232891403291080223e+02
9.208867490829959479e+02
9.185148153688533057e+02
9.162064987795768047e+02
9.139437268953297462e+02
9.118279038429964203e+02
9.096843656545794374e+02
9.075016207899858500e+02
9.053109241218576244e+02
9.030864390841320528e+02
9.009188764428308787e+02
8.988583270835454186e+02
8.968105379515925506e+02
8.947606612715740084e+02
8.927166150115928076e+02
8.906772377948857411e+02
8.886270968110478634e+02
8.866633377720290810e+02
8.846940685900897279e+02
8.827543419673199878e+02
8.808443538098617864e+02
8.789613326472695007e+02
8.770866195272669756e+02
8.751884843158429703e+02
8.732382492185744240e+02
8.712744210114655061e+02
8.693097041903772606e+02
8.673075383947666523e+02
8.652907108990154939e+02
8.632628940855718156e+02
8.612977034757662977e+02
8.593242208801672177e+02
8.573615392421204433e+02
8.553444414798668731e+02
8.532904357760132825e+02
8.512095015213371880e+02
8.491201451577196622e+02
8.470585747641270018e+02
8.449965260527734472e+02
8.429261231471238034e+02
8.408677482440881477e+02
8.387881305093239916e+02
8.367200189528821284e+02
8.346313406660543706e+02
8.325318882512008258e+02
8.304099914877165247e+02
8.283482700857721284e+02
8.263493875046473249e+02
8.243358854135713045e+02
8.223243894273992964e+02
8.203202087798299544e+02
8.183192652745929081e+02
8.162953018158445957e+02
8.142276386582971099e+02
8.121507575265750347e+02
8.100491386913240603e+02
8.079652672710308252e+02
8.059039514509013316e+02
8.038027533398933429e+02
8.016667672952694375e+02
7.995283176736986661e+02
7.974157886516381950e+02
7.952950868602238188e+02
7.931946059917268030e+02
7.910698840306547481e+02
7.889232945536451780e+02
7.867623695270308417e+02
7.846284501297903944e+02
7.824969094256439348e+02
7.803324443585411245e+02
7.781420401640043565e+02
7.759499242901904381e+02
7.737564655333543442e+02
7.715319683302203657e+02
7.692797588201260623e+02
7.670595016613950747e+02
7.648272448100864267e+02
7.626353035208701385e+02
7.604057249831021181e+02
7.581580007683224949e+02
7.558829219856640975e+02
7.535725916259466430e+02
7.512506903588669047e+02
7.489236088069385460e+02
7.467131037002848188e+02
7.444683207633461279e+02
7.421864581331265072e+02
7.398764584019902486e+02
7.375800528037765389e+02
7.352843128035100335e+02
7.329689897045923317e+02
7.306545467245275631e+02
7.283201474745819723e+02
7.259535503432198311e+02
7.235919940942184212e+02
7.212824075761477616e+02
7.189748528056416035e+02
7.166736635969315330e+02
7.143735013573551669e+02
7.120364763893774125e+02
7.096727844866500163e+02
7.072766134164302230e+02
7.049058478628876401e+02
7.025187040922160122e+02
7.001601011972809374e+02
6.978676648249490881e+02
6.956345279680344902e+02
6.934049335648794568e+02
6.912033734847004780e+02
6.889879669189554079e+02
6.867824396305455821e+02
6.845513869328294732e+02
6.822929691377585186e+02
6.800565780865979377e+02
6.778053154342778726e+02
6.755560631669377472e+02
6.732804181410016326e+02
6.710079053303776391e+02
6.688063404819795323e+02
6.666311169078870762e+02
6.644742856823595503e+02
6.623445132092751919e+02
6.603374397529405542e+02
6.583343471134014635e+02
6.563236255496241256e+02
6.543176961523228101e+02
6.523029588963991046e+02
6.503126925779346266e+02
6.483094549001780251e+02
6.462913333732512911e+02
6.443162290364734872e+02
6.423353304732645483e+02
6.403644795072401621e+02
6.384416788011353674e+02
6.365438946837401772e+02
6.346697220154245542e+02
6.328513687258132450e+02
6.310516051909561384e+02
6.292689696072247898e+02
6.274804057548143419e+02
6.257579752715373616e+02
6.240420059636037422e+02
6.223309375638173151e+02
6.206332149164704788e+02
6.189924454710119335e+02
6.174120896514704100e+02
6.158529740938589612e+02
6.142949213116619376e+02
6.127646824997470958e+02
6.112871285880457890e+02
6.098498670909921202e+02
6.084457779276297060e+02
6.070782448725992708e+02
6.057626819246193008e+02
6.044725837715651551e+02
6.032034845155599214e+02
6.019330097493414087e+02
6.006704724040500878e+02
5.994379306831248186e+02
5.982396399459388476e+02
5.970908834090537312e+02
5.959476834275906185e+02
5.948334609966581183e+02
5.937560972659612162e+02
5.927483681974821366e+02
5.918354603225188839e+02
5.909843349597653059e+02
5.901788227384148513e+02
5.893811257398691623e+02
5.885924213696463312e+02
5.878067040906014427e+02
5.871015200478423139e+02
5.864544288675706412e+02
5.858203285441679782e+02
5.851977408178420319e+02
5.845783046071366016e+02
5.839658614507957282e+02
5.834641730039900267e+02
5.831437292694797634e+02
5.828650191686595008e+02
5.825925029578467047e+02
5.824283410798103660e+02
5.823024309884647209e+02
5.821797852712873009e+02
5.820668728391048035e+02
5.819775235652377887e+02
5.819702691412766171e+02
5.820358302125774799e+02
5.821013520103053906e+02
5.821699305663941004e+02
5.823134380671856434e+02
5.825309781443995689e+02
5.827956984597421979e+02
5.830750664072229483e+02
5.833685340987848349e+02
5.836903979353940031e+02
5.840569463862943849e+02
5.844808940489242559e+02
5.849447141242640100e+02
5.854376525303421204e+02
5.859953218342564014e+02
5.865776888663137925e+02
5.871670056184343593e+02
5.877790116740789017e+02
5.884381602243812495e+02
5.891075359356432273e+02
5.897816076264900857e+02
5.904632869546911706e+02
5.911570551037907535e+02
5.918660056267782466e+02
5.925900022014386650e+02
5.933291901000269490e+02
5.941223984411764150e+02
5.949641386902982276e+02
5.958242811761065241e+02
5.966908448767521804e+02
5.975836373916324646e+02
5.985186031412911234e+02
5.994651620481506598e+02
6.004252588919187019e+02
6.013961545746436741e+02
6.023738211384522856e+02
6.033578282853890187e+02
6.043486710061658869e+02
6.053465497642771425e+02
6.064048611863324822e+02
6.075243129073219279e+02
6.086560800939248566e+02
6.098338293074695002e+02
6.110260776257176758e+02
6.122204161812032908e+02
6.134204708104792871e+02
6.146593849458272416e+02
6.159538836628314584e+02
6.173358552068855261e+02
6.187185086666752341e+02
6.200995029739008260e+02
6.214916052164633129e+02
6.228968113778041698e+02
6.243408928561177618e+02
6.258133477075566589e+02
6.273382460010394652e+02
6.288748487386269517e+02
6.304001206671005093e+02
6.319180142753848486e+02
6.334383746520029490e+02
6.349511277077060640e+02
6.365026447226333630e+02
6.380437999643221474e+02
6.396061696548573536e+02
6.411758746998466449e+02
6.427477752513128735e+02
6.443578180442660823e+02
6.459689058415417549e+02
6.475618442064480860e+02
6.491407889271916929e+02
6.507073320159159948e+02
6.522555827936371315e+02
6.538459818693436318e+02
6.554312455004003368e+02
6.570147401650700658e+02
6.585940949569517215e+02
6.601489859154335136e+02
6.616875518262452260e+02
6.632073024396263463e+02
6.647014371422917520e+02
6.662190956137699231e+02
6.677443961234046128e+02
6.692815712436968170e+02
6.707920955047286498e+02
6.722810467928061371e+02
6.737532588267441724e+02
6.752049456802974419e+02
6.766711914796053406e+02
6.781386523772426926e+02
6.795833036344765787e+02
6.809980954413445033e+02
6.823973953833442465e+02
6.837973940592814870e+02
6.851717691577243841e+02
6.865369533303550043e+02
6.879115367411341140e+02
6.892660143135879025e+02
