8.685397015675123839e+03
8.715951237005891016e+03
8.746397922408876184e+03
8.777602485803599848e+03
8.808699562984955264e+03
8.839383879165710823e+03
8.870150067001568459e+03
8.901407736332694185e+03
8.932869022673266954e+03
8.965636435035237810e+03
8.999109376800177415e+03
9.032305998127652856e+03
9.065633755960567214e+03
9.098657821184551722e+03
9.131245735051159500e+03
9.163553155161993345e+03
9.195258537662481103e+03
9.226291567029426005e+03
9.257246409090594170e+03
9.287555304440073087e+03
9.317076141531069879e+03
9.345846061278176421e+03
9.373914951493796252e+03
9.401584310061909491e+03
9.429483350446509576e+03
9.462412047198915388e+03
9.495338511184942035e+03
9.528284885575105363e+03
9.560690924792148508e+03
9.593434162924417251e+03
9.627169962179432332e+03
9.661068106287621049e+03
9.694590757020565434e+03
9.727835934522434400e+03
9.760867043186386582e+03
9.794667754118199809e+03
9.829536361103624586e+03
9.863598216403557672e+03
9.897204326774384754e+03
9.930547978385347960e+03
9.963676731038922298e+03
9.997629667372879339e+03
1.003060849102700740e+04
1.006299604970236396e+04
1.009454535185572604e+04
1.012517109899481147e+04
1.015496772354403947e+04
1.018391588675306957e+04
1.021267094424618881e+04
1.024128145455597405e+04
1.027014854414529691e+04
1.029967986516796373e+04
1.032973273986121058e+04
1.035944749996950304e+04
1.038838343429343695e+04
1.041631273146457534e+04
1.044327640254668950e+04
1.046978651909910877e+04
1.049621280535275400e+04
1.052186472599727313e+04
1.054658002899811072e+04
1.057081553058771897e+04
1.059500327683786418e+04
1.061936806304581114e+04
1.064389016426516173e+04
1.066773028657093164e+04
1.069068270143726113e+04
1.071308151757159430e+04
1.073458117618991128e+04
1.075607395135126717e+04
1.077653805916919373e+04
1.079669945456358982e+04
1.081654330112278876e+04
1.083537233991653193e+04
1.085307928441753029e+04
1.086985621042752791e+04
1.088706209603376192e+04
1.090500295119589464e+04
1.092421138313691335e+04
1.094285443883678090e+04
1.096055358168318708e+04
1.097954631151437934e+04
1.099973651534980854e+04
1.101943296344177725e+04
1.103934706699902017e+04
1.105846929660220485e+04
1.107691828712434290e+04
1.109470593167302468e+04
1.111288617217151113e+04
1.113079769319056686e+04
1.114840471358315699e+04
1.116770048236901675e+04
1.118767479128034211e+04
1.120760365411910971e+04
1.122782530933878843e+04
1.124794113229647337e+04
1.126745045783496971e+04
1.128591992457090964e+04
1.130393527157746939e+04
1.132210117570101102e+04
1.134035939909748413e+04
1.135794223371143562e+04
1.137517495645357303e+04
1.139657934267954806e+04
1.142110418214585661e+04
1.144648202394202963e+04
1.147154186653766737e+04
1.149746291102412215e+04
1.152328220415742544e+04
1.155052263784436218e+04
1.157971946287297760e+04
1.160822255972107450e+04
1.163652176829262680e+04
1.166458419022872476e+04
1.169198472666879752e+04
1.171862380255324024e+04
1.174511592991148791e+04
1.177239182562996393e+04
1.180205353407736038e+04
1.183105089698678421e+04
1.185946762137753467e+04
1.188986816533129604e+04
1.192096979714805457e+04
1.195251320339692393e+04
1.198377418782513632e+04
1.201503362927505805e+04
1.204698078295028972e+04
1.207943497326594843e+04
1.211161979319127386e+04
1.214298927352616374e+04
1.217326746861767970e+04
1.220281394637304766e+04
1.223151700523281761e+04
1.225913245256934351e+04
1.228765981780897164e+04
1.231703504696529490e+04
1.234600338810929679e+04
1.237498126740237058e+04
1.240447723006337947e+04
1.243304867935023867e+04
1.246119431919587259e+04
1.248924448216581186e+04
1.251792921237869086e+04
1.254626494870116403e+04
1.257437440489657274e+04
1.260347285675588319e+04
1.263277552857519368e+04
1.266239843947400004e+04
1.269289266483534084e+04
1.272508643758761900e+04
1.275830621306205285e+04
1.279153087309155671e+04
1.282433159417563365e+04
1.285657102780707100e+04
1.288821077720852372e+04
1.291993745099167427e+04
1.295204769267898882e+04
1.298444441023651234e+04
1.301635535146323309e+04
1.304760727498185952e+04
1.307807249842643432e+04
1.310766615076805283e+04
1.313706878899176809e+04
1.316526058419330366e+04
1.319266543988783815e+04
1.321963522100349473e+04
1.324656541909337648e+04
1.327289845500012052e+04
1.329860434749823253e+04
1.332391463723102243e+04
1.334915267508238321e+04
1.337404477870617302e+04
1.339846522765949703e+04
1.342344036644303560e+04
1.344976949538275949e+04
1.347567242604801140e+04
1.350114787347219317e+04
1.352693475904889419e+04
1.355425906046779710e+04
1.358039456934907503e+04
1.360551078689546557e+04
1.363220147439544235e+04
1.365792839675753021e+04
1.368269489739081109e+04
1.370760303443594057e+04
1.373167676030793518e+04
1.375484678556348445e+04
1.377808732760959356e+04
1.380075288448574793e+04
1.382300134203621928e+04
1.384596822535494539e+04
1.386982855552150613e+04
1.389310783845331025e+04
1.391605503061585114e+04
1.393869646854566236e+04
1.396154264624810821e+04
1.398315206014108844e+04
1.400422638647902386e+04
1.402446337971380126e+04
1.404439717285269944e+04
1.406302079145258904e+04
1.408085764766017928e+04
1.409752057562529808e+04
1.411483836722256819e+04
1.413130198755393394e+04
1.414928935126176839e+04
1.416820983303425601e+04
1.418615528272821211e+04
1.420229242313962095e+04
1.421661289364828372e+04
1.422943395229619637e+04
1.424065771611713535e+04
1.425035075751623299e+04
1.425952336017959169e+04
1.426809598895846102e+04
1.427578851463246974e+04
1.428308641025124234e+04
1.429166503544512670e+04
1.429905549045598855e+04
1.430526173567385194e+04
1.431090703427535846e+04
1.431557432097195488e+04
1.432020504468733088e+04
1.432541710768469784e+04
1.433134402947150011e+04
1.433826669453983050e+04
1.434538562518173057e+04
1.435134462308430375e+04
1.435611607914373235e+04
1.436077706319311073e+04
1.436569302401975074e+04
1.437091193342702536e+04
1.437553778123833217e+04
1.437991581600789141e+04
1.438303955544268319e+04
1.438559861837042445e+04
1.438801431046032667e+04
1.438965768627684520e+04
1.439041120291373227e+04
1.438920019177084396e+04
1.438741956497950014e+04
1.438461681097702058e+04
1.438039117356237330e+04
1.437501442583070821e+04
1.436859075592662157e+04
1.436131907807927928e+04
1.435555015586685658e+04
1.434961067838402596e+04
1.434367945133386092e+04
1.433755347808491751e+04
1.433231413838329900e+04
1.432827304509843998e+04
1.432508004413106391e+04
1.432042068938780722e+04
1.431440898107158500e+04
1.430734185278171935e+04
1.429902804044146797e+04
1.429068711133645593e+04
1.428154095953306387e+04
1.427318736409028133e+04
1.426394468219555711e+04
1.425524310722142945e+04
1.424655911872290017e+04
1.423694722955493489e+04
1.422618701691008937e+04
1.421477999737905338e+04
1.420470356706813982e+04
1.419438562349262065e+04
1.418288701985767693e+04
1.416966025767703650e+04
1.415491229895762081e+04
1.413917152897205233e+04
1.412251419475065995e+04
1.410473540044573201e+04
1.408798248705677543e+04
1.407300820029723036e+04
1.405720219368732978e+04
1.404152805835532126e+04
1.402614112302944523e+04
1.401175109536013406e+04
1.399707447033549579e+04
1.398200949352297175e+04
1.396670837704598307e+04
1.395070754301937268e+04
1.393382193125199410e+04
1.391600118947319788e+04
1.389751906661321482e+04
1.388164354189359074e+04
1.386549599930343538e+04
1.385002087303086591e+04
1.383425915318306761e+04
1.381843728933178136e+04
1.380435330707112553e+04
1.379108461729567898e+04
1.377689977305800312e+04
1.376264502765754878e+04
1.374665924571306095e+04
1.372972579879754994e+04
1.371308606588738439e+04
1.369534033860750606e+04
1.367843462330266630e+04
1.366476431702685841e+04
1.365257420412264946e+04
1.363982077520763232e+04
1.362834641296260452e+04
1.361911365748981552e+04
1.360975701962790845e+04
1.359981740251017618e+04
1.359110177775621560e+04
1.358219586036625697e+04
1.357296177446825095e+04
1.356395470914744146e+04
1.355506303959980505e+04
1.354552795302982122e+04
1.353628545738441790e+04
1.352856542466240353e+04
1.352325859495395707e+04
1.351899593398094294e+04
1.351393001721780092e+04
1.350922580410827868e+04
1.350502983225145908e+04
1.350072014998021405e+04
1.349703946591039130e+04
1.349464231215027758e+04
1.349199220057373896e+04
1.349035339691020272e+04
1.348963783468637848e+04
1.348814650154781521e+04
1.348694664284229293e+04
1.348508545438014698e+04
1.348194694226754655e+04
1.347949776541775645e+04
1.347816927182314248e+04
1.347695958815186168e+04
1.347535468676760320e+04
1.347315435720754249e+04
1.347123168700953102e+04
1.346854866728497655e+04
1.346485872285854202e+04
1.346190384089577856e+04
1.345761483042394320e+04
1.345318888978233190e+04
1.344869415193912573e+04
1.344500616416578123e+04
1.344215996852313219e+04
1.344108578653276709e+04
1.343974012219536962e+04
1.343765488561402526e+04
1.343750526267958412e+04
1.343874141548458647e+04
1.343998498197135268e+04
1.344172010295328255e+04
1.344223603703399203e+04
1.344092043379324969e+04
1.343867991545805489e+04
1.343671515896828350e+04
1.343315356584285837e+04
1.342895550773396462e+04
1.342416287289100364e+04
1.341878061633819561e+04
1.341239171154202086e+04
1.340672203382875887e+04
1.340158708417151502e+04
1.339750742240156978e+04
1.339259200122533366e+04
1.338651450067787664e+04
1.337966248176662521e+04
1.337217965788027323e+04
1.336356210785160874e+04
1.335454998348432855e+04
1.334455479297758939e+04
1.333287210720540315e+04
1.331981647178404455e+04
1.330493035892682747e+04
1.328871768595497997e+04
1.327119718240965813e+04
1.325324982146867478e+04
1.323626884048513239e+04
1.321897913685512503e+04
1.320113720009443205e+04
1.318162435786049900e+04
1.316119245078708082e+04
1.314209098519104373e+04
1.312228024387583173e+04
1.310079882441144946e+04
1.308092276483776732e+04
1.306039914727115683e+04
1.304053067920340800e+04
1.302172890801054018e+04
1.300224946655142958e+04
1.298156436316647159e+04
1.296039626947843863e+04
1.293875418440357680e+04
1.291656883102305073e+04
1.289282908183174186e+04
1.286796564144371951e+04
1.284257801567114075e+04
1.281594671309114528e+04
1.278784249708432071e+04
1.275899135436825418e+04
1.273069994124242839e+04
1.270267578594413862e+04
1.267426917077100006e+04
1.264557437422679504e+04
1.261712573253619121e+04
1.258870744675034075e+04
1.255893878733911879e+04
1.252796805731660606e+04
1.249590580902000693e+04
1.246623073968950484e+04
1.243705327387164652e+04
1.240903246932289403e+04
1.238190716734438683e+04
1.235445609068395061e+04
1.232829941515498831e+04
1.230325048015858556e+04
1.227766399264177198e+04
1.225107709532606532e+04
1.222371207900033551e+04
1.219507449736379931e+04
1.216563137381886554e+04
1.213709909033142685e+04
1.210821157978012343e+04
1.207844116895617663e+04
1.204736236721718888e+04
1.201513908017836184e+04
1.198200638295331373e+04
1.194931845014628379e+04
1.191768599985532092e+04
1.188759086304570519e+04
1.185820704994825064e+04
1.182825255783188913e+04
1.179904842589388863e+04
1.176909390559807798e+04
1.173869516280666721e+04
1.170712951854064522e+04
1.167727115266708097e+04
1.164640151275878088e+04
1.161448571949245525e+04
1.158197816620234880e+04
1.154950872395902843e+04
1.151668270035536261e+04
1.148379282724665609e+04
1.145012951330393480e+04
1.141550780549864430e+04
1.138042444210592294e+04
1.134429300739237078e+04
1.130798312261250248e+04
1.127218295327679880e+04
1.123652144822455193e+04
1.120058779721840801e+04
1.116383342299839933e+04
1.112612193345083142e+04
1.108799773055014521e+04
1.104941148971406437e+04
1.101028851005619435e+04
1.097077038544067909e+04
1.093109872346180418e+04
1.089178081606767955e+04
1.085170383126108936e+04
1.081122559281124632e+04
1.077008861830409478e+04
1.072820805662883686e+04
1.068537397143593262e+04
1.064169051152212705e+04
1.059730465196663135e+04
1.055228010955096761e+04
1.050754313617019761e+04
1.046289747019486822e+04
1.041747099033129780e+04
1.037141895781789935e+04
1.032689935708349185e+04
1.028338470770168715e+04
1.024110873767516023e+04
1.020064551866403053e+04
1.015933858485511337e+04
1.011763180467296479e+04
1.007543870497604439e+04
1.003265477191879108e+04
9.990196973949903622e+03
9.947511445063948486e+03
9.905109061382054279e+03
9.862545378033861198e+03
9.820005048970257121e+03
9.777112828677221842e+03
9.735285294791499837e+03
9.694444832918194152e+03
9.653605011464063864e+03
9.613284125367074012e+03
9.573703575368843303e+03
9.535493571842638630e+03
9.497168914047621001e+03
9.458565125879174957e+03
9.420323321556672454e+03
9.381456708215624531e+03
9.341930080129146518e+03
9.303091302456543417e+03
9.265312905965682148e+03
9.230286259857439290e+03
9.196803036234605315e+03
9.163555305197838607e+03
9.132002920420360169e+03
9.102051368673191973e+03
9.072112743394296558e+03
9.041788603901668466e+03
9.011299730416696548e+03
8.980507145746629249e+03
8.949517951635585632e+03
8.918124491857053727e+03
8.886232971729223209e+03
8.854558223043648468e+03
8.822682098384253550e+03
8.793086299985394362e+03
8.764778099689086957e+03
8.736849997492388866e+03
8.708925304386972130e+03
8.681329278464963863e+03
8.654184366002957177e+03
8.627306773393549520e+03
8.600451964920579485e+03
8.573243992599882404e+03
8.545784711769818387e+03
8.518373033900896189e+03
8.490609155098021802e+03
8.462591282573350327e+03
8.435791574897253668e+03
8.409067287597441464e+03
8.382758197048073271e+03
8.356386404963843233e+03
8.330668965763255983e+03
8.305064195689432381e+03
8.278992103091390163e+03
8.252345279374279926e+03
8.225307032670971239e+03
8.198082578301928152e+03
8.170482003405775686e+03
8.142379351243409474e+03
8.114624362004045906e+03
8.087001300656702369e+03
8.058946539069399478e+03
8.030755052660737420e+03
8.001961771693351693e+03
7.972554104103353893e+03
7.942706274193101308e+03
7.913010209525558821e+03
7.882715336712051794e+03
7.851674417409642047e+03
7.820543041951403211e+03
7.789075432432377056e+03
7.757254409585701069e+03
7.725496840022429751e+03
7.693347895852601141e+03
7.662777747585093493e+03
7.632737136671590633e+03
7.602848429502130784e+03
7.573000425941216236e+03
7.544279840582477846e+03
7.515174857994444210e+03
7.485576492596289427e+03
7.455378553970695066e+03
7.424615375430633321e+03
7.393350654565547302e+03
7.361956200816295677e+03
7.330089689345109946e+03
7.297747732577545321e+03
7.265053461770055037e+03
7.232112899030569679e+03
7.198803339082548518e+03
7.165581072104065242e+03
7.133244451042741275e+03
7.101434206110612649e+03
7.069802942527353480e+03
7.039837782479535235e+03
7.010533974976959144e+03
6.981392907816604747e+03
6.952020364141140817e+03
6.922859466005725153e+03
6.893561611355386049e+03
6.864291295649244603e+03
6.835114593102291110e+03
6.805863832650734366e+03
6.776596020845991916e+03
6.747468942658882952e+03
6.718052434797315073e+03
6.688267038265620613e+03
6.659106826831924991e+03
6.630387818694000998e+03
6.601415283350352183e+03
6.575072388928976579e+03
6.548759478916438638e+03
6.522797010707741720e+03
6.496633315524581121e+03
6.470238606016891936e+03
6.444046268673828308e+03
6.418261162362390678e+03
6.392590404403294997e+03
6.367038776189630880e+03
6.341257557461087345e+03
6.315525546736493197e+03
6.289587707625710209e+03
6.263468212677767042e+03
6.237183768965755917e+03
6.210766063065273556e+03
6.184252904414459408e+03
6.157679977809521006e+03
6.131408295391902357e+03
6.105368166289977125e+03
6.079258342766081114e+03
6.053459222183853853e+03
6.027851026623460712e+03
6.002318638481827293e+03
5.976823908265638238e+03
5.951918975512558063e+03
5.927493502489564889e+03
5.903110958541294167e+03
5.878708079351501510e+03
5.854205734875333292e+03
5.829771127864914888e+03
5.805291759929690670e+03
5.780637994860614526e+03
5.755911365684554767e+03
5.731034260299301422e+03
5.705984721924336554e+03
5.680849711033126368e+03
5.656680686320784844e+03
5.632295953066888615e+03
5.607771307195083864e+03
5.583167483523337978e+03
5.558663892779690286e+03
5.535091022547741886e+03
5.511296797536994745e+03
5.487626701885043076e+03
5.463807360094445357e+03
5.440395002085600026e+03
5.417989601943781963e+03
5.397704437010999754e+03
5.377660725112264117e+03
5.357712594585736952e+03
5.337724250540916728e+03
5.317571877320504427e+03
5.297417720677757643e+03
5.277251760747789376e+03
5.257042813235376343e+03
5.236779401520172541e+03
5.216724575997619468e+03
5.196672201606130329e+03
5.176572169747905718e+03
5.156421665204457895e+03
5.136513102874859214e+03
5.117553806068310223e+03
5.098802222897592401e+03
5.080107758944073794e+03
5.061631021052638971e+03
5.044103659278318446e+03
5.026926258724862237e+03
5.011255527912766411e+03
4.995733357727071962e+03
4.980269188881316950e+03
4.964871718743910606e+03
4.949526313178252167e+03
4.934565533525732462e+03
4.919900605278201510e+03
4.905267607316885915e+03
4.890702871211513411e+03
4.876338942444255736e+03
4.862025321152550532e+03
4.847899443133779641e+03
4.833799016902729818e+03
4.821274264279587442e+03
4.809819875342750493e+03
4.798434942999434497e+03
4.787546127879349115e+03
4.777481418093497268e+03
4.767449005103198942e+03
4.757435559813469808e+03
4.747436178298199593e+03
4.737456968997847980e+03
4.727510443651309288e+03
4.717596220045666996e+03
4.707823313767052241e+03
4.698200900709938651e+03
4.688583361612025328e+03
4.678975847182671714e+03
4.669383525768749678e+03
4.659810880436011757e+03
4.650298821046790181e+03
4.640855815660269400e+03
4.631502831768752003e+03
4.622200788943740918e+03
4.612970788800203081e+03
4.603826363825535736e+03
4.594788243181737926e+03
4.585816285065049669e+03
4.577058482306311817e+03
4.569026092471929587e+03
4.561337972604049355e+03
4.553753671902169117e+03
4.546310008671976902e+03
4.538928331878308200e+03
4.531578518882909520e+03
4.524269609873073932e+03
4.516971336271160908e+03
4.509873633672295000e+03
4.502831829224356625e+03
4.495818421183481405e+03
4.488843779887212804e+03
4.481891346025486200e+03
4.475558984129356759e+03
4.469400339059287944e+03
4.463295472287664779e+03
4.457221695459090370e+03
4.451152484526824992e+03
4.445064705401315223e+03
4.438983265925427077e+03
4.432901551885946901e+03
4.426826352261262400e+03
4.420784860639900216e+03
4.414771598379020361e+03
4.409091288140014512e+03
4.403424818629106085e+03
4.397780174217344211e+03
4.392155063073299971e+03
4.386567016975951447e+03
4.381047042766573213e+03
4.375615521034522317e+03
4.370255803835478218e+03
4.365138328981831364e+03
4.360426237055514321e+03
4.355814501111556638e+03
4.351298503262707527e+03
4.346847794288902151e+03
4.342486361390271668e+03
4.338226671507063656e+03
4.334071500382040540e+03
4.330392683359583316e+03
4.326897251830305322e+03
4.323510659817000487e+03
4.320242688033086779e+03
4.317078064231372991e+03
4.314002543939912357e+03
4.311031907187067191e+03
4.308189715531225374e+03
4.305577217085002303e+03
4.303048043554834294e+03
4.300602290737704607e+03
4.298236011683047764e+03
4.295969103278235707e+03
4.293813794564107411e+03
4.291746911078678750e+03
4.289761877500767696e+03
4.287885192959271990e+03
4.286119321696907718e+03
4.284472140916292119e+03
4.282862518218473269e+03
4.281320860872308003e+03
4.280287171686402871e+03
4.279471802238935197e+03
4.278710704812207950e+03
4.277989601593556472e+03
4.277299867485811774e+03
4.276639543706836776e+03
4.276180694884968034e+03
4.275790441048756293e+03
4.275548844017476767e+03
4.275704789802340201e+03
4.276056734783167485e+03
4.276525019156857525e+03
4.277157183643536882e+03
4.277763730109648350e+03
4.278349712942310362e+03
4.278925109304194848e+03
4.279493758966719724e+03
4.280082767106259780e+03
4.280778721476483042e+03
4.281505570582401560e+03
4.282253393030404368e+03
4.283416596563614803e+03
4.284926207446131230e+03
4.286484329651825647e+03
4.288062671528607098e+03
4.289646903578097408e+03
4.291245539089398335e+03
4.292876596229596544e+03
4.294504939702060256e+03
4.296148107187033020e+03
4.297800732759475068e+03
4.299556435161028276e+03
4.301349978013306099e+03
4.303242525004897288e+03
4.305497026251972784e+03
4.307850430784830678e+03
4.310286144885349131e+03
4.312767265749304897e+03
4.315282817256294948e+03
4.317810344555611664e+03
4.320363450955073858e+03
4.322999621878449943e+03
4.325691372407709423e+03
4.328534659466090488e+03
4.331484400380872103e+03
4.334544515087722175e+03
4.337735748456152578e+03
4.341070444646782562e+03
4.344471791923018827e+03
4.347937842749422998e+03
4.351595714278309970e+03
4.355712280958746305e+03
4.360066161087263026e+03
4.364825993714842298e+03
4.369856200772393095e+03
4.377134685815615740e+03
4.384617546769961336e+03
4.392164823593238907e+03
4.399766395226744862e+03
4.407447926853301396e+03
4.415227256077668244e+03
4.423117289416096355e+03
4.431043184696405660e+03
4.439017083423656914e+03
4.447085710726055368e+03
4.455250148119691403e+03
4.463514100908529144e+03
4.471859672527079965e+03
4.480254939052052578e+03
4.488722440456311233e+03
4.497387521318296422e+03
4.506241325788389986e+03
4.515222608436160954e+03
4.525942073397929562e+03
4.536918988902498313e+03
4.548085935820122359e+03
4.559385313715170014e+03
4.571194414589224834e+03
4.583760017839091233e+03
4.596742165209599079e+03
4.609797119051400841e+03
4.622924907164711840e+03
4.636073735871266763e+03
4.649227434819023983e+03
4.664106612393858995e+03
4.680500916037151001e+03
4.696976160913008243e+03
4.713432974166073109e+03
4.729911038731217559e+03
4.746355342038505114e+03
4.762813456300971666e+03
4.779380012545783757e+03
4.795871677473967793e+03
4.812401704612522735e+03
4.828999901149384641e+03
4.846064404162711071e+03
4.863127715211140639e+03
4.880166730049127182e+03
4.898865451595636841e+03
4.917951402019250054e+03
4.937019087586389105e+03
4.956504399618097523e+03
4.976076798752108516e+03
4.995835881647566566e+03
5.015605394796310975e+03
5.035731471005059575e+03
5.057258659672509566e+03
5.079393679585363316e+03
5.101410765256282502e+03
5.123437764725394118e+03
5.145615078710183298e+03
5.168104061405724678e+03
5.190817586395779472e+03
5.213501725258670376e+03
5.236377153864905267e+03
5.259081627261791255e+03
5.281778329122949799e+03
5.304246287359022972e+03
5.326583826346964997e+03
5.348773301973474190e+03
5.370771440026930577e+03
5.392716056845912135e+03
5.414510019135239418e+03
5.436275927305727237e+03
5.458379749538053147e+03
5.480524211159499828e+03
5.505455510001955190e+03
5.530283166202222674e+03
5.555011972926668022e+03
5.579632304637738343e+03
5.604481277540155133e+03
5.629149503081125658e+03
5.653646788634788209e+03
5.677949382976876223e+03
5.702177341086811794e+03
5.726181828331510587e+03
5.750286923553388988e+03
5.774312428871009615e+03
5.798372195474818000e+03
5.822126228390405231e+03
5.845567341351691539e+03
5.868716094322733625e+03
5.891650844274287920e+03
5.914230268752637130e+03
5.936685197465663805e+03
5.958813091729248299e+03
5.981036055240417227e+03
6.003074967580217162e+03
6.024735747004806399e+03
6.045988589252893689e+03
6.066884232280828655e+03
6.087487948823652914e+03
6.107641394615158788e+03
6.127542429116026142e+03
6.149564917806363155e+03
6.173349364937636892e+03
6.197106314633911097e+03
6.220568530463363459e+03
6.243990081389862098e+03
6.267941280459825975e+03
6.291904898038796091e+03
6.316401801446505488e+03
6.341612877655343254e+03
6.366308833376638177e+03
6.390632603335920066e+03
6.414591455477306226e+03
6.438178875894780504e+03
6.462290301718174305e+03
6.486078376631516221e+03
6.509412701211089370e+03
6.532313647722288806e+03
6.554866344734848099e+03
6.577124454225064255e+03
6.599083269032331373e+03
6.620813202453015037e+03
6.642439751462556160e+03
6.664351023325762981e+03
6.687031393389761433e+03
6.711125658975333863e+03
6.735899407877786871e+03
6.760658421994661694e+03
6.785317435608221786e+03
6.809944688328800112e+03
6.835314726555398920e+03
6.861117950848554756e+03
6.887337458212026831e+03
6.913447996737486392e+03
6.939472695202830437e+03
6.965545012909076831e+03
6.991894766671992329e+03
7.018844196359141279e+03
7.046402019574597944e+03
7.073918215990503995e+03
7.101611415250607024e+03
7.129706318518044100e+03
7.157776029935030238e+03
7.185705755020205288e+03
7.213395035965150782e+03
7.240853683218607330e+03
7.268094435482677909e+03
7.295590846241731924e+03
7.323317653879217687e+03
7.351428033304422570e+03
7.379464913772240834e+03
7.407572005881374935e+03
7.435352842721669731e+03
7.464532142374682735e+03
7.494620340078950903e+03
7.524784063528963088e+03
7.556547256839177862e+03
7.587897254085172790e+03
7.619061185696904431e+03
7.650792624434007848e+03
7.682224637573670407e+03
7.714007520666054916e+03
7.746235477737160181e+03
7.778203377306578659e+03
7.812065098498830594e+03
7.845894539630421605e+03
7.879292930786010402e+03
7.912304438783838123e+03
7.945580135225796766e+03
7.978640399979586618e+03
8.011372276745305498e+03
8.043610562065286103e+03
8.075473194538475582e+03
8.107831712175194298e+03
8.139984678306167552e+03
8.172877255847801280e+03
8.206919821618523201e+03
8.240981978849071311e+03
8.274749060702723000e+03
8.308067979129988089e+03
8.340911003417342727e+03
8.373903989830969294e+03
8.406318259468171163e+03
8.438338246728795639e+03
8.469738768681767397e+03
8.501056473895638192e+03
8.532265511747140408e+03
8.563542923630404403e+03
8.594333721614635579e+03
8.624768718668565270e+03
8.655143812816435457e+03
8.685397015675123839e+03
