6.771697745563849821e+03
6.772353827371620355e+03
6.772938184929407726e+03
6.773456283583231198e+03
6.773921073483847067e+03
6.774374123368583241e+03
6.774788112322721645e+03
6.775192610355969009e+03
6.775539346046802166e+03
6.775820602053365292e+03
6.776083941454087835e+03
6.776296655078562253e+03
6.776475919250240622e+03
6.776620325275287541e+03
6.776704367376503797e+03
6.776735690222232734e+03
6.776691535848742205e+03
6.776602860943865380e+03
6.776461185841995757e+03
6.776274904104921006e+03
6.776029581456703454e+03
6.775782201579677348e+03
6.775558546120072606e+03
6.775325336756946854e+03
6.775074370141338477e+03
6.774791611168249801e+03
6.774472899360867814e+03
6.774115135418333011e+03
6.773728720438070923e+03
6.773291074553419094e+03
6.772792032868217575e+03
6.772235245154085533e+03
6.771661970009255128e+03
6.771016912031567699e+03
6.770316027780123477e+03
6.769582055623904125e+03
6.768808340325400422e+03
6.767996963973181664e+03
6.767160449597164188e+03
6.766376682234073996e+03
6.765581370481411795e+03
6.764768425069572004e+03
6.763963428863525223e+03
6.763110477780569454e+03
6.762231343131357789e+03
6.761352003905894890e+03
6.760446689729297759e+03
6.759538986621365439e+03
6.758596018425031616e+03
6.757635410737577331e+03
6.756651750086110042e+03
6.755662865711995437e+03
6.754633746070610869e+03
6.753629005852755654e+03
6.752581749027333899e+03
6.751495268823387960e+03
6.750420340545902036e+03
6.749339693593148695e+03
6.748226816391084867e+03
6.747095267080606391e+03
6.745957661542566711e+03
6.744810516053947140e+03
6.743667010662426947e+03
6.742506058601993573e+03
6.741307331553056429e+03
6.740091818570129362e+03
6.738890957260968207e+03
6.737689367501902780e+03
6.736490060395324690e+03
6.735310685615037983e+03
6.734282641496135511e+03
6.733238610846881784e+03
6.732223560276632270e+03
6.731214282596158228e+03
6.730234841033612611e+03
6.729268591688716697e+03
6.728317334512179514e+03
6.727363684299440138e+03
6.726483251747265967e+03
6.725662934544942800e+03
6.724860483119675337e+03
6.724116360871595134e+03
6.723372191793128877e+03
6.722599117388479499e+03
6.721888375415401242e+03
6.721198705350645469e+03
6.720556320729238905e+03
6.719986261538604595e+03
6.719406668710700615e+03
6.718878107265768449e+03
6.718382815477179975e+03
6.717901944818671836e+03
6.717412599049058372e+03
6.716879886667661594e+03
6.716298398336050923e+03
6.715723462915309938e+03
6.715220411409776716e+03
6.714694859254643234e+03
6.714180581698235073e+03
6.713712670417672598e+03
6.713205137929700868e+03
6.712702222170989444e+03
6.712225770987670330e+03
6.711697811278891095e+03
6.711154492448392375e+03
6.710620499498213576e+03
6.710121000171009655e+03
6.709655180453404682e+03
6.709214414051854874e+03
6.708779609722081659e+03
6.708327362883219394e+03
6.707959504371418006e+03
6.707562444061474707e+03
6.707161169445710584e+03
6.706798296471075446e+03
6.706479637771831221e+03
6.706174671985352688e+03
6.705941543951525091e+03
6.705698330458217242e+03
6.705488665698717341e+03
6.705273557162452562e+03
6.705077528510285447e+03
6.704822874409507676e+03
6.704697217702841954e+03
6.704628092929032391e+03
6.704492016420064829e+03
6.704347065931558973e+03
6.704095161920516148e+03
6.703809857405036382e+03
6.703507543924158199e+03
6.703215508228767249e+03
6.702853614523542092e+03
6.702476434788518418e+03
6.702038567181523831e+03
6.701582987743904596e+03
6.701133135580244925e+03
6.700825680569460019e+03
6.700489641316230518e+03
6.700287223730449114e+03
6.700088085153365682e+03
6.699876418525798726e+03
6.699697864022964495e+03
6.699533769067993489e+03
6.699358586422303233e+03
6.699146304925943696e+03
6.698884983918582293e+03
6.698680142506655102e+03
6.698595316396775161e+03
6.698529716615934376e+03
6.698471390437083755e+03
6.698391813463666040e+03
6.698276693080055338e+03
6.698216216741156131e+03
6.698184662588955689e+03
6.698122718121797334e+03
6.698044334696058286e+03
6.698008553461990232e+03
6.697979068319680664e+03
6.697946966010178585e+03
6.697787717571504800e+03
6.697667421418374943e+03
6.697512420631064742e+03
6.697253076282861002e+03
6.697011165053764671e+03
6.696737962512576814e+03
6.696401097689302333e+03
6.696063541085146426e+03
6.695724828321875066e+03
6.695285420671336396e+03
6.694833068989096319e+03
6.694453961879652525e+03
6.694075329246907131e+03
6.693665323549648747e+03
6.693320260062750094e+03
6.692967189500628592e+03
6.692583996738289898e+03
6.692088012109084048e+03
6.691489316478368892e+03
6.690803935381256451e+03
6.690084023816374611e+03
6.689355545043493294e+03
6.688508319734637553e+03
6.687648366514780719e+03
6.686824911765729667e+03
6.685990153081797871e+03
6.685129207992313241e+03
6.684284541812140560e+03
6.683349808885951461e+03
6.682384724300422022e+03
6.681371496974526963e+03
6.680293710114125133e+03
6.679285383346687013e+03
6.678156980798101358e+03
6.676923496458750378e+03
6.675652825378183479e+03
6.674312280854143864e+03
6.672948661509376507e+03
6.671569504972604591e+03
6.670176501108726370e+03
6.668765096339850970e+03
6.667331885630441320e+03
6.665824424877765523e+03
6.664338789150143384e+03
6.662846189768236400e+03
6.661297806365419092e+03
6.659660120947430187e+03
6.657919743812034540e+03
6.656077611886265004e+03
6.654026472445798390e+03
6.651918901194760110e+03
6.649784584709435876e+03
6.647581965242581646e+03
6.645293866772532056e+03
6.642876269990506444e+03
6.640392118234640293e+03
6.637887030594244607e+03
6.635303888586241555e+03
6.632630213520441430e+03
6.629921851014563799e+03
6.627244821368383782e+03
6.624585174074970382e+03
6.621767306140374785e+03
6.618784172588235378e+03
6.615887241340908986e+03
6.612937073818195131e+03
6.609873197131066263e+03
6.606718749223491614e+03
6.603476212294897778e+03
6.600146259468320750e+03
6.596760107439862622e+03
6.593457436393741773e+03
6.590084456802422210e+03
6.586680363412489896e+03
6.583157046768041255e+03
6.579563357615214045e+03
6.575919341882316075e+03
6.572268782682139317e+03
6.568704416738241889e+03
6.565099835485685617e+03
6.561386197390416783e+03
6.557668745620940172e+03
6.553916204729566743e+03
6.550113472762712263e+03
6.546351158669991491e+03
6.542562560227076574e+03
6.538720249474285083e+03
6.534811933249378853e+03
6.530841807373218217e+03
6.526859020500550287e+03
6.522784339931889917e+03
6.518652401587649365e+03
6.514365296425376073e+03
6.510043130707194905e+03
6.505633718745641090e+03
6.501219434252065184e+03
6.496892131096190496e+03
6.492572134181829824e+03
6.488207722042637215e+03
6.483790210814873717e+03
6.479226137650463897e+03
6.474600908734424593e+03
6.469988526536064455e+03
6.465271205245556303e+03
6.460437437620790661e+03
6.455534340138955486e+03
6.450599338884304416e+03
6.445702940719984326e+03
6.440908769229217796e+03
6.436039068114980182e+03
6.431286185793524055e+03
6.426631626773945754e+03
6.421932299431415231e+03
6.417160067803545644e+03
6.412230357587051913e+03
6.407158638325796346e+03
6.402008648771042317e+03
6.396656544808616673e+03
6.391141134383465214e+03
6.385620216431372683e+03
6.380130603127068753e+03
6.374692360300272412e+03
6.369273816733731110e+03
6.363756850601826045e+03
6.358142886054536575e+03
6.352434928492481049e+03
6.346717373150519052e+03
6.340938461235955401e+03
6.335122295061840305e+03
6.329231900306072930e+03
6.323252711415860176e+03
6.317201753819192163e+03
6.311084349766180821e+03
6.304981814193095488e+03
6.298835409346000233e+03
6.292657659572382727e+03
6.286481389513655813e+03
6.280341632177541214e+03
6.274253449306334005e+03
6.267946778783317313e+03
6.261626008925879432e+03
6.255343587738032511e+03
6.248936445955366253e+03
6.242620764031220460e+03
6.236257181038923591e+03
6.229815769452503446e+03
6.223290733574123806e+03
6.216648591777653564e+03
6.209963418519579136e+03
6.203166279028675490e+03
6.196432315693370583e+03
6.189583960019076585e+03
6.182580887336827800e+03
6.175589867293481802e+03
6.168519426170629231e+03
6.161382811551596205e+03
6.154233888970073167e+03
6.147069550667223666e+03
6.139932551313417207e+03
6.132737537723916830e+03
6.125411322232546809e+03
6.117935208034517927e+03
6.110495436894882005e+03
6.102988624058600180e+03
6.095368120145693865e+03
6.087624598321179292e+03
6.079851790823584452e+03
6.071972625341556522e+03
6.064016388848762290e+03
6.055906476844970712e+03
6.047817606246233481e+03
6.039982158762671133e+03
6.032235371631149064e+03
6.024371910617704998e+03
6.016426195696805735e+03
6.008511196473987184e+03
6.000563432436844778e+03
5.992598151750784382e+03
5.984515746980579934e+03
5.976471438192393180e+03
5.968500646527518256e+03
5.960357762514582646e+03
5.952032634631589644e+03
5.943654231138767500e+03
5.935213844128721576e+03
5.926642573663448275e+03
5.917949812012599068e+03
5.909379166672586507e+03
5.900952353352156933e+03
5.892627126475279510e+03
5.884415217601785116e+03
5.876255242261824606e+03
5.868119745347181379e+03
5.859946094745879236e+03
5.851759980078055378e+03
5.843587879018372405e+03
5.835336421590381178e+03
5.826973577777759601e+03
5.818484769755101297e+03
5.809795534603666965e+03
5.801178556498507533e+03
5.792436665767193517e+03
5.783677726832781445e+03
5.774818543373839930e+03
5.765853344000588550e+03
5.756728055396467425e+03
5.747595201985859603e+03
5.738399344661357645e+03
5.729249554993619313e+03
5.720185255121052251e+03
5.711069890491953629e+03
5.701778844554377429e+03
5.692521914094537351e+03
5.683345768424092967e+03
5.674123854406225291e+03
5.664856962520604611e+03
5.655607469989978199e+03
5.646237647763681707e+03
5.636857705723385152e+03
5.627496250415477334e+03
5.618057404988961935e+03
5.608574310181285000e+03
5.599183974392422897e+03
5.589678319338980145e+03
5.580047798216271985e+03
5.570402750907158406e+03
5.560765097660872925e+03
5.551038177031470696e+03
5.541121150461790421e+03
5.531212294289412966e+03
5.521490147280966994e+03
5.511890657268766518e+03
5.502336477891746654e+03
5.492903530135362416e+03
5.483495757195969418e+03
5.474054021285834096e+03
5.464564324427135034e+03
5.455041925539901058e+03
5.445618776948062987e+03
5.436189565767057502e+03
5.426672164631401756e+03
5.417063554363639923e+03
5.407426861444682800e+03
5.397771110088428941e+03
5.388083828301430913e+03
5.378321333940410113e+03
5.368453669756867384e+03
5.358519387058240682e+03
5.348544219399642316e+03
5.338521035331675193e+03
5.328332141034545202e+03
5.317989082097756182e+03
5.307522289458416708e+03
5.296987191274825818e+03
5.286460926304998793e+03
5.275915993035432621e+03
5.265321706978790644e+03
5.254677093456617513e+03
5.243993933552398630e+03
5.233263141033296051e+03
5.222526046528221741e+03
5.211801088942796014e+03
5.201139611722030168e+03
5.190473454374679022e+03
5.179843944570084204e+03
5.169244411913523436e+03
5.158456819302156873e+03
5.147615295405576944e+03
5.136718194875857080e+03
5.125643808510485542e+03
5.114450360347841524e+03
5.103189091552878381e+03
5.091871152969833929e+03
5.080454683255934469e+03
5.068908148066002468e+03
5.057292559594560771e+03
5.045546803080054815e+03
5.033768428648356348e+03
5.021847304469143637e+03
5.009757348901227488e+03
4.997526152198019190e+03
4.985182365275531083e+03
4.972806777353494908e+03
4.960436636307727895e+03
4.948047075969136131e+03
4.935476407759160793e+03
4.922826152619061759e+03
4.910159647151875106e+03
4.897500453073153949e+03
4.884770051485327713e+03
4.871894957712324867e+03
4.859014536219934598e+03
4.846132372964676506e+03
4.833276176412178756e+03
4.820261024829472262e+03
4.807196779489090659e+03
4.794160223508583840e+03
4.780982631950775612e+03
4.767630434633951154e+03
4.754286553260554683e+03
4.740843280732652602e+03
4.727332020583005942e+03
4.713761372125120943e+03
4.700012746959417200e+03
4.686101088110870478e+03
4.672115604955097297e+03
4.658087260722897554e+03
4.643974018287646686e+03
4.629730360444942562e+03
4.615451534151221495e+03
4.601160271116922559e+03
4.586818914160434360e+03
4.572436769690508299e+03
4.557845577347221479e+03
4.543119759517630882e+03
4.528388904126266425e+03
4.513536106522946284e+03
4.498555267297952014e+03
4.483620012948870681e+03
4.468714726169772803e+03
4.453691391422802553e+03
4.438562390451514148e+03
4.423382152026952099e+03
4.408102800549513631e+03
4.392727002967896624e+03
4.377290409596673271e+03
4.361756589303020519e+03
4.346199063452942937e+03
4.330670490510664422e+03
4.315079409188464524e+03
4.299376162210218354e+03
4.283506672247315691e+03
4.267650796053557315e+03
4.251709300307104058e+03
4.235616426547274386e+03
4.219372129866549585e+03
4.203089030641697718e+03
4.186687043684387390e+03
4.170268475810717064e+03
4.153982776301965714e+03
4.137645728664711896e+03
4.121316531542675875e+03
4.104922113023056227e+03
4.088482686790853677e+03
4.072052405685250960e+03
4.055768148134549392e+03
4.039457923623118404e+03
4.023220975387065209e+03
4.006887131261948525e+03
3.990563376834051269e+03
3.974314572101322483e+03
3.958186819589783681e+03
3.942107488793211814e+03
3.925978860192300544e+03
3.909813018838571224e+03
3.893573935540900493e+03
3.877216357247551059e+03
3.860782537464723646e+03
3.844441828791690114e+03
3.828094635993191332e+03
3.811708859358573591e+03
3.795292657615790176e+03
3.779021916832860370e+03
3.762758879220360541e+03
3.746464453724002851e+03
3.730178173734132997e+03
3.713908103002044300e+03
3.697577546730281028e+03
3.681228899499733870e+03
3.664796780458152625e+03
3.648302152119122184e+03
3.631870949150390516e+03
3.615442347785933180e+03
3.599068813570530892e+03
3.582625349217383700e+03
3.566284015893668766e+03
3.550014826710584202e+03
3.533785431948337646e+03
3.517556001804094194e+03
3.501197218594566039e+03
3.484793688936953004e+03
3.468356914065126148e+03
3.451941784751486011e+03
3.435588279575096749e+03
3.419268868488108183e+03
3.402985352973604677e+03
3.386804369911612412e+03
3.370656023451581859e+03
3.354463256837682820e+03
3.338188969782915592e+03
3.321896200880843480e+03
3.305579124303172193e+03
3.289313433316644478e+03
3.273100145569769666e+03
3.256882695106050960e+03
3.240507939705255467e+03
3.224197662546273023e+03
3.207967400976788667e+03
3.191764986878659329e+03
3.175685418736796237e+03
3.159654913627563474e+03
3.143588218582209265e+03
3.127550786100307960e+03
3.111512149605589002e+03
3.095383786912617325e+03
3.079225478982067671e+03
3.063109362672138104e+03
3.047043160736363916e+03
3.030890137469263209e+03
3.014648916624337289e+03
2.998394128220792027e+03
2.982066552548020354e+03
2.965663609063869444e+03
2.949125675056053296e+03
2.932486169254654669e+03
2.915933344415241663e+03
2.899415721899165874e+03
2.882853490777432398e+03
2.866144719465434719e+03
2.849402355011141481e+03
2.832622918458848744e+03
2.815903229624915184e+03
2.799208234186209665e+03
2.782514685927227220e+03
2.765741633059046762e+03
2.748944824181501644e+03
2.732050021624317196e+03
2.715148656660588131e+03
2.698282267773111926e+03
2.681333332160906139e+03
2.664321806572035257e+03
2.647388842842503436e+03
2.630521223316468877e+03
2.613658703676823734e+03
2.596671678781252012e+03
2.579618382855385789e+03
2.562538450315234968e+03
2.545410082827042061e+03
2.528211358911831667e+03
2.510981433377196481e+03
2.493622726590967432e+03
2.476202818709025451e+03
2.458817124919324215e+03
2.441449124627164565e+03
2.424013651803014000e+03
2.406537174403555582e+03
2.389034552343821815e+03
2.371363908596468718e+03
2.353575964108404150e+03
2.335670839230546790e+03
2.317662493229436222e+03
2.299550577595035520e+03
2.281406977838288185e+03
2.263214800814920181e+03
2.244942885381942688e+03
2.226502359572034038e+03
2.208038854946315951e+03
2.189506911451625456e+03
2.170887973198707641e+03
2.152236066487933385e+03
2.133511664702227336e+03
2.114688079188324991e+03
2.095712206474254344e+03
2.076640759814338253e+03
2.057499080599267472e+03
2.038437235537907782e+03
2.019338554787459543e+03
2.000126323709989947e+03
1.980853590529118037e+03
1.961646620486376605e+03
1.942487853934567511e+03
1.923290943675038761e+03
1.904139495121995878e+03
1.885030893740759211e+03
1.865802513989077397e+03
1.846483160667780339e+03
1.827193935030913053e+03
1.807907872933499448e+03
1.788595770470599973e+03
1.769379239940579282e+03
1.750367889823859741e+03
1.731472833510165856e+03
1.712588971671265199e+03
1.693588885727237539e+03
1.674552610143938182e+03
1.655536370663985736e+03
1.636466935702010460e+03
1.617349841419654695e+03
1.598259895629756556e+03
1.579150402053607195e+03
1.559938738125314785e+03
1.540705404926853589e+03
1.521556575408472781e+03
1.502332389487324917e+03
1.483107335543694944e+03
1.464067061546064679e+03
1.444983297371945355e+03
1.426065705271894558e+03
1.407140562566777135e+03
1.388095631503252662e+03
1.368938360724308950e+03
1.349672713944006773e+03
1.330520603904531754e+03
1.311540161499963233e+03
1.292534701653939010e+03
1.273567282124587337e+03
1.254686395633030543e+03
1.235775156089654047e+03
1.216830705690194236e+03
1.197911838676157004e+03
1.179139080450855772e+03
1.160433520460241198e+03
1.141761528728682151e+03
1.123064679944891623e+03
1.104303576273063072e+03
1.085555809290933894e+03
1.066816777829301145e+03
1.048125459223456573e+03
1.029457127860855735e+03
1.010816020526870034e+03
9.921677820834202066e+02
9.735774736138282606e+02
9.552076682002000325e+02
9.369403983170228685e+02
9.186773709343658538e+02
9.003139593181473401e+02
8.820324171577088919e+02
8.638736406064483617e+02
8.457809831778507714e+02
8.277203205849838241e+02
8.096776647152921669e+02
7.915552691843463435e+02
7.734706795911931749e+02
7.554426467324296937e+02
7.373578970720075176e+02
7.192476020099843481e+02
7.010541704735478561e+02
6.829619294297435772e+02
6.648986115878353758e+02
6.468924280929309134e+02
6.289209214336440255e+02
6.109241991855426477e+02
5.929576165026560375e+02
5.751181496098772641e+02
5.574040159411231343e+02
5.397054905310117192e+02
5.219727333949914510e+02
5.042274700117453108e+02
4.864468965030810637e+02
4.687326379871729500e+02
4.510514491963845103e+02
4.333401646922460486e+02
4.156217796565987896e+02
3.979019906278030021e+02
3.803193357328032675e+02
3.627013511691637859e+02
3.450382647650098988e+02
3.273634347988411264e+02
3.096634625130909626e+02
2.919760530669449849e+02
2.742151770591308946e+02
2.564069118840442343e+02
2.386325530034945359e+02
2.207935228421360705e+02
2.030079076313033397e+02
1.851912812490227509e+02
1.673209126116686036e+02
1.494941946477276815e+02
1.317121767602581031e+02
1.141039379880630236e+02
9.653177304822389715e+01
7.898573816144033799e+01
6.140075267295139838e+01
4.381501548584969896e+01
2.631530132850843984e+01
8.777517425145845209e+00
-8.829567334711896365e+00
-2.641785880267423181e+01
-4.391658350783654896e+01
-6.146564926668946782e+01
-7.902084923640285297e+01
-9.644225755834065694e+01
-1.137696482600094896e+02
-1.310233529005521973e+02
-1.482889779431365582e+02
-1.655051320660165857e+02
-1.827008970185020189e+02
-1.999461399656418621e+02
-2.172724782891393147e+02
-2.345445081587784557e+02
-2.517622298978377557e+02
-2.690213318551766406e+02
-2.863581706439096592e+02
-3.037255970461341690e+02
-3.210440784756404469e+02
-3.382867142713517978e+02
-3.554245794649900176e+02
-3.725533840460940951e+02
-3.897458700095534141e+02
-4.069374583855706078e+02
-4.240401611209426846e+02
-4.410440211196677183e+02
-4.579100511943590845e+02
-4.746515905481875279e+02
-4.913869537631053959e+02
-5.080315655636094903e+02
-5.246116967501436648e+02
-5.411094049336552416e+02
-5.576537525739129251e+02
-5.742485029666959235e+02
-5.909033280544097124e+02
-6.074651706448830737e+02
-6.237823034766031469e+02
-6.400048275859601290e+02
-6.561974258681731271e+02
-6.722520967480604668e+02
-6.882923987834478794e+02
-7.043267701784952806e+02
-7.203833632777327693e+02
-7.364074655979418367e+02
-7.523404723966073107e+02
-7.681730932577685280e+02
-7.840379805571741372e+02
-7.998213630339811289e+02
-8.155632792088919132e+02
-8.312217943287835169e+02
-8.468426404156230092e+02
-8.624681408236652942e+02
-8.780814783135363086e+02
-8.936214711182626615e+02
-9.090984172267337726e+02
-9.244346009050262865e+02
-9.397434165514007418e+02
-9.549507220883816672e+02
-9.698638550820788851e+02
-9.846242082456734579e+02
-9.992299729023409327e+02
-1.013837714696252078e+03
-1.028482997443338263e+03
-1.043064435265391239e+03
-1.057609836251448769e+03
-1.072165215043015678e+03
-1.086629150405439759e+03
-1.100974687106152714e+03
-1.115302412657144941e+03
-1.129624692957866273e+03
-1.143835943170724477e+03
-1.157996148745886558e+03
-1.172081274262822944e+03
-1.186182746863990587e+03
-1.200200604449800494e+03
-1.214123405984783631e+03
-1.228029538934416905e+03
-1.241878034594521068e+03
-1.255572610743990253e+03
-1.269190321574776817e+03
-1.282771225394856856e+03
-1.296241966439125008e+03
-1.309652637810826036e+03
-1.322993669501302520e+03
-1.336343871363619428e+03
-1.349771374333768108e+03
-1.363162963433124560e+03
-1.376413384382344248e+03
-1.389529674772174985e+03
-1.402719916648255548e+03
-1.415965669674792935e+03
-1.429223707294144333e+03
-1.442431406659371078e+03
-1.455522308195618280e+03
-1.468570035849726992e+03
-1.481524790566561933e+03
-1.494385109765843481e+03
-1.507176497809840157e+03
-1.519799689119992308e+03
-1.532323791842416313e+03
-1.544751259884230876e+03
-1.557095773474938142e+03
-1.569353520023400279e+03
-1.581506130556433618e+03
-1.593498403310624326e+03
-1.605423070562088924e+03
-1.617221499934271151e+03
-1.628968549578408329e+03
-1.640691563172942551e+03
-1.652433177702268495e+03
-1.664188178849801261e+03
-1.675938006273130213e+03
-1.687643758667584279e+03
-1.699141307772922346e+03
-1.710539180524559242e+03
-1.721808712720558788e+03
-1.733003475243467165e+03
-1.744120579355010477e+03
-1.755143013665192939e+03
-1.766141212348342606e+03
-1.777077148538077381e+03
-1.788032389782119935e+03
-1.798958172927144005e+03
-1.809859442460713581e+03
-1.820728104445415283e+03
-1.831530337011340180e+03
-1.842223296077110490e+03
-1.852834667355629790e+03
-1.863367425992788867e+03
-1.873835950752953977e+03
-1.884202689211854249e+03
-1.894489869223770256e+03
-1.904633598652115325e+03
-1.914708459578309203e+03
-1.924704191610621592e+03
-1.934623148219120594e+03
-1.944384546775643230e+03
-1.954018982181353294e+03
-1.963539151740414582e+03
-1.972934328541075502e+03
-1.982251651784691603e+03
-1.991535066596900378e+03
-2.000692888075725932e+03
-2.009777509547729551e+03
-2.018763434451324656e+03
-2.027652462983675150e+03
-2.036453921622605094e+03
-2.045162405531413242e+03
-2.053775661151022177e+03
-2.062263282556884405e+03
-2.070649322428258074e+03
-2.078890978397600520e+03
-2.087022163465752328e+03
-2.095097258153837174e+03
-2.103012816809739434e+03
-2.110815843056917402e+03
-2.118580501027741775e+03
-2.126256511748170851e+03
-2.133758640551947337e+03
-2.141092164760284959e+03
-2.148355624651415837e+03
-2.155549839239373341e+03
-2.162683226680403095e+03
-2.169613502741809953e+03
-2.176529927252465313e+03
-2.183409730301630589e+03
-2.190211024596562766e+03
-2.196924636888813893e+03
-2.203499995310930444e+03
-2.209975458890399750e+03
-2.216369698758765026e+03
-2.222682813860410079e+03
-2.228936883913991551e+03
-2.235104036548136264e+03
-2.241212697058420417e+03
-2.247227086185079315e+03
-2.253160252372169907e+03
-2.258999589652480608e+03
-2.264762251792465122e+03
-2.270363917311202840e+03
-2.275856220730511268e+03
-2.281192107395155745e+03
-2.286395370354713123e+03
-2.291405574320844607e+03
-2.296256887124257446e+03
-2.300914463984726353e+03
-2.305464966278848351e+03
-2.309955038918197261e+03
-2.314356405302344683e+03
-2.318678260127028807e+03
-2.322944454086550650e+03
-2.327150166084091325e+03
-2.331259645935784192e+03
-2.335197784269432304e+03
-2.339060486418500204e+03
-2.342840683190275740e+03
-2.346526221738806726e+03
-2.350143489327835596e+03
-2.353643498782915231e+03
-2.357007430629517330e+03
-2.360279959226479150e+03
-2.363492723236150141e+03
-2.366669326142739919e+03
-2.369747573829226440e+03
-2.372766988094307635e+03
-2.375692825215225639e+03
-2.378515168556257777e+03
-2.381179940988009548e+03
-2.383782711897601075e+03
-2.386258690411674252e+03
-2.388623602719097107e+03
-2.390899160991965800e+03
-2.393066346742253245e+03
-2.395118455544460176e+03
-2.397075641513187293e+03
-2.398887713644409814e+03
-2.400556028189439985e+03
-2.402165460943426297e+03
-2.403734501699474094e+03
-2.405220046325829571e+03
-2.406607320004533904e+03
-2.407940973179360299e+03
-2.409216723509251551e+03
-2.410412096052333254e+03
-2.411569870132449978e+03
-2.412683058489950781e+03
-2.413731093101529950e+03
-2.414753486241354949e+03
-2.415700819253289865e+03
-2.416568074502271884e+03
-2.417329112550178706e+03
-2.417974456495328013e+03
-2.418520781088582225e+03
-2.418980744974889603e+03
-2.419411052204452972e+03
-2.419777731633181247e+03
-2.420028045222827132e+03
-2.420219692433315231e+03
-2.420358489443242433e+03
-2.420424168195735547e+03
-2.420440936081283780e+03
-2.420418150792671895e+03
-2.420340199195438345e+03
-2.420205448893989342e+03
-2.420018863550023980e+03
-2.419744277006366701e+03
-2.419421924710436542e+03
-2.419081009932148390e+03
-2.418720242054534083e+03
-2.418339255166238217e+03
-2.417928845319434913e+03
-2.417476869071345391e+03
-2.416993266980020508e+03
-2.416460661708715179e+03
-2.415888323849442713e+03
-2.415280562991996248e+03
-2.414596128030103955e+03
-2.413872453961716928e+03
-2.413107665196043854e+03
-2.412304985628366012e+03
-2.411463387244556088e+03
-2.410564440144916716e+03
-2.409626752093444338e+03
-2.408657780136738438e+03
-2.407637893201302177e+03
