1.362593117692894111e+02
1.363732025430097679e+02
1.364851507619360973e+02
1.365936570111266519e+02
1.366986931423536191e+02
1.368038231198060544e+02
1.369058699470018610e+02
1.370043592801968657e+02
1.370992623895051565e+02
1.371927509160374257e+02
1.372877512076108815e+02
1.373804095013866515e+02
1.374702345167050055e+02
1.375563483970877314e+02
1.376387312270634879e+02
1.377173649020093933e+02
1.377922331011648680e+02
1.378633212092333622e+02
1.379306161912942628e+02
1.379941064266529622e+02
1.380730504962048713e+02
1.381618384963686594e+02
1.382584674392292072e+02
1.383511588430359893e+02
1.384398715446677670e+02
1.385245678060883563e+02
1.386052138951314419e+02
1.386817805870965401e+02
1.387542435765558650e+02
1.388225837903806337e+02
1.388867875948273252e+02
1.389468468915490575e+02
1.390027590995670721e+02
1.390547453465720196e+02
1.391059354496089213e+02
1.391530021663215848e+02
1.391959627653545226e+02
1.392348382881085058e+02
1.392696529115453075e+02
1.393004332386685178e+02
1.393272075302996313e+02
1.393500048930332298e+02
1.393688544392089170e+02
1.393930316968978786e+02
1.394164671721383684e+02
1.394373622433482183e+02
1.394838967515767081e+02
1.395367167472683718e+02
1.395856532560062533e+02
1.396407211123063803e+02
1.396925093445777861e+02
1.397403198168490519e+02
1.397899689398218470e+02
1.398392892200010920e+02
1.398864761619952901e+02
1.399355911701093191e+02
1.399805390743290445e+02
1.400212824384598207e+02
1.400577852236771150e+02
1.400918319063864033e+02
1.401219478507245526e+02
1.401514387773251258e+02
1.401788365298933456e+02
1.402043913169046334e+02
1.402255497827066506e+02
1.402422999833224537e+02
1.402546346069375431e+02
1.402625510895360605e+02
1.402660516548274359e+02
1.402651432781913172e+02
1.402598375755475786e+02
1.402501506192128886e+02
1.402465278251916914e+02
1.402859230343819661e+02
1.403240634619427283e+02
1.403578558813553627e+02
1.403873042885304869e+02
1.404124171498490909e+02
1.404332075430623377e+02
1.404496932296472096e+02
1.404618966583562951e+02
1.404698449008644161e+02
1.404735695215734665e+02
1.404751556787812774e+02
1.404761276597427297e+02
1.405068093183181190e+02
1.405422958557858806e+02
1.405789902466719354e+02
1.406157244399011859e+02
1.406527303261206612e+02
1.406993613368276783e+02
1.407426230308412585e+02
1.407855673582475333e+02
1.408246268124841549e+02
1.408598534986147683e+02
1.408928431588867340e+02
1.409224502339174876e+02
1.409484162218437859e+02
1.409708161156741824e+02
1.409897298916396267e+02
1.410052420679725742e+02
1.410174411969619825e+02
1.410266831346010008e+02
1.410367018088040822e+02
1.410462786122006094e+02
1.410544491246743064e+02
1.410597897629844795e+02
1.410624005827924634e+02
1.410660971759966174e+02
1.410673283628524644e+02
1.410661242635962367e+02
1.410636827747179325e+02
1.410604176164877401e+02
1.410549897184561701e+02
1.410474824356192585e+02
1.410379745762231778e+02
1.410269535203788109e+02
1.410152984339857767e+02
1.410022183021126807e+02
1.409893133838430117e+02
1.409747232165827882e+02
1.409584937287253297e+02
1.409406648370970174e+02
1.409212704219878560e+02
1.409003383332576504e+02
1.408778904214277361e+02
1.408539425876864470e+02
1.408305735051671945e+02
1.408064438190606893e+02
1.407808271850959443e+02
1.407545333747086715e+02
1.407316003343514694e+02
1.407071428883584190e+02
1.406811377203837310e+02
1.406563713488157816e+02
1.406326753934244778e+02
1.406073297502643413e+02
1.405830645112421848e+02
1.405592593378071626e+02
1.405336554087936349e+02
1.405067140039526521e+02
1.405098943621218552e+02
1.405176257316808233e+02
1.405330812813107570e+02
1.405475059749761613e+02
1.405650643310596877e+02
1.405811510339055985e+02
1.405961802803934688e+02
1.406120252785923412e+02
1.406353288807106026e+02
1.406574571779035523e+02
1.406765380937558803e+02
1.406924720417271999e+02
1.407076027717572231e+02
1.407281130442254380e+02
1.407452108009432550e+02
1.407597812910666448e+02
1.407714698084548957e+02
1.407795368128039968e+02
1.407839256335390417e+02
1.408008929189197715e+02
1.408224727820741009e+02
1.408402425681828731e+02
1.408862137655520996e+02
1.409288043874392429e+02
1.409674339270269741e+02
1.410020543196903020e+02
1.410381001288033076e+02
1.410706557849369460e+02
1.410992777215378169e+02
1.411256743172949086e+02
1.411479749617073765e+02
1.411677133693140718e+02
1.411850067843366219e+02
1.411982989400906945e+02
1.412076482723388722e+02
1.412131267252482019e+02
1.412161859251453393e+02
1.412166281644762762e+02
1.412288003983406668e+02
1.412709782009993660e+02
1.413098148241829222e+02
1.413542933312231185e+02
1.414335064109533846e+02
1.415097476861004679e+02
1.415831366630024490e+02
1.416538016480018314e+02
1.417218792820280555e+02
1.417875139088580170e+02
1.418508567788867367e+02
1.419120650931645287e+02
1.419713008953771691e+02
1.420362069715983466e+02
1.421431916041964882e+02
1.422486824809332404e+02
1.423649831202482119e+02
1.425006504386252004e+02
1.426352101136272950e+02
1.427687654681622007e+02
1.429289691251457839e+02
1.431121533601282181e+02
1.433197839678796299e+02
1.435277252056712882e+02
1.437350075520029975e+02
1.439416811735169688e+02
1.441477941603446880e+02
1.443552591828370737e+02
1.445633715374940778e+02
1.447725163368979224e+02
1.449916629784336521e+02
1.452104594399908137e+02
1.454289406698496805e+02
1.456471382157026824e+02
1.458650797114644320e+02
1.460865287784856719e+02
1.463114155193343038e+02
1.465384545819940740e+02
1.467652983081844980e+02
1.469919461805262699e+02
1.472639982394213973e+02
1.475358854526867276e+02
1.478074534224700187e+02
1.480786327778020564e+02
1.483493467517556610e+02
1.486195115181069752e+02
1.488890365277327135e+02
1.491596195496425423e+02
1.494297239878831078e+02
1.496988801216178331e+02
1.499669737195775951e+02
1.502339057528683384e+02
1.505020562898387197e+02
1.507687704631204610e+02
1.510339137653135140e+02
1.512973467813897344e+02
1.515589251738945222e+02
1.518184996238439339e+02
1.521024144577322090e+02
1.524357246435797606e+02
1.527664543541054627e+02
1.530943602818027784e+02
1.534191976951840957e+02
1.537407220330175619e+02
1.540586903932847349e+02
1.543728628955087174e+02
1.546921043947290286e+02
1.550667032739285673e+02
1.554525423659104035e+02
1.558470231282537668e+02
1.562364170802993613e+02
1.566204749644733454e+02
1.569989615347371341e+02
1.573997068547932088e+02
1.578194691831305931e+02
1.582330107136020843e+02
1.586401374669781603e+02
1.590406743532119549e+02
1.594344655169344378e+02
1.598213743770629094e+02
1.602323996167575331e+02
1.606414300852455881e+02
1.610832887546687857e+02
1.615177553406943503e+02
1.619447108606793222e+02
1.623640560191936970e+02
1.627776578237519516e+02
1.632043136887743344e+02
1.636406969048927920e+02
1.640692152391159198e+02
1.644898292583336001e+02
1.649025189060257048e+02
1.653072831593586329e+02
1.657041394122054498e+02
1.660931225842281265e+02
1.664964731693318356e+02
1.669225587635152124e+02
1.673409241946205270e+02
1.677516304596626355e+02
1.681547496048983703e+02
1.685503631417651604e+02
1.689385602797244701e+02
1.693345154048997756e+02
1.697386494719006294e+02
1.701356043358366890e+02
1.705254433384949095e+02
1.709082294454271391e+02
1.712840239344737938e+02
1.716528850470380689e+02
1.720148666192278029e+02
1.723700167112834265e+02
1.727183762547166452e+02
1.730599777372609935e+02
1.734256549301184691e+02
1.737932880466942436e+02
1.741550333595041593e+02
1.745117433930302582e+02
1.748615539310673626e+02
1.752043941882849651e+02
1.755401827118705569e+02
1.758688277637186843e+02
1.761902277933381811e+02
1.765042719955420694e+02
1.768108409458473886e+02
1.771098073054184567e+02
1.774010365863562697e+02
1.776843879671957041e+02
1.779597151476482395e+02
1.782268672309422186e+02
1.784856896215983397e+02
1.787360249261536751e+02
1.789777138442326248e+02
1.792105960374827873e+02
1.794345109642468969e+02
1.796959808420104423e+02
1.799547205935049305e+02
1.802039668223923741e+02
1.804435397551328890e+02
1.806732645596779037e+02
1.808929723754913255e+02
1.811051373618437310e+02
1.813071095990246135e+02
1.814986028233734316e+02
1.816794799357420516e+02
1.818791518309286062e+02
1.820682471840377730e+02
1.822462956427700362e+02
1.824131621757731523e+02
1.825687239006020377e+02
1.827528880904353059e+02
1.829386975325718936e+02
1.831370274092116119e+02
1.833386946848506227e+02
1.835284739998372743e+02
1.837062617871637826e+02
1.838719723352440383e+02
1.840377623887918332e+02
1.842334332290215002e+02
1.844394145172980757e+02
1.846346032066054477e+02
1.848193782041241207e+02
1.849916918048444359e+02
1.851515301216217040e+02
1.852989038813586546e+02
1.854338485380836801e+02
1.855564240004226804e+02
1.856769868178332104e+02
1.858270143093554339e+02
1.859649515744070527e+02
1.860909144465568659e+02
1.862050380250286707e+02
1.863074750775038240e+02
1.863983941646743006e+02
1.865057244411583497e+02
1.866133257275464246e+02
1.867099224168260889e+02
1.867956870694108318e+02
1.868707982923948805e+02
1.869354388596793797e+02
1.870002478818753673e+02
1.871041037575937480e+02
1.872153073130809560e+02
1.873166268593868153e+02
1.874514703461694296e+02
1.875850878566432129e+02
1.877090657704076762e+02
1.878272849326040728e+02
1.879376510162114187e+02
1.880690136541650190e+02
1.882121687912868424e+02
1.883459988857391636e+02
1.884731937675792892e+02
1.885915632986396702e+02
1.887170916446344222e+02
1.888608524594363871e+02
1.889955641823567021e+02
1.891212698076757874e+02
1.892380189360630993e+02
1.893806043603651688e+02
1.895196737714358903e+02
1.896499060591055184e+02
1.897713416759731331e+02
1.898840289967945409e+02
1.900110148135556187e+02
1.901386440392356576e+02
1.902576487947393673e+02
1.903680678513247813e+02
1.904714663249768591e+02
1.905738397093063554e+02
1.906834989897137405e+02
1.908005566174392129e+02
1.909502215149729807e+02
1.910915050825985020e+02
1.912243973206671512e+02
1.913488901267382971e+02
1.914910775565506071e+02
1.916746003652163495e+02
1.918497011543483950e+02
1.920177599487611531e+02
1.921771468338037039e+02
1.923421852542908823e+02
1.925171958924652245e+02
1.926832833408939791e+02
1.928415333526365316e+02
1.929941030784641498e+02
1.931393475895880840e+02
1.932753551543481763e+02
1.934058002923308095e+02
1.935743242486455529e+02
1.937418812337926965e+02
1.938999709203841917e+02
1.940485460303243883e+02
1.941875708219237140e+02
1.943170211164365924e+02
1.944368841284133396e+02
1.945471581076729706e+02
1.946478518023231743e+02
1.947389837535441757e+02
1.948205814338259643e+02
1.948926802410312575e+02
1.949553223610729731e+02
1.950085555121934249e+02
1.950743366238023384e+02
1.951552877521540381e+02
1.952269382438063872e+02
1.952962451709324512e+02
1.953976804695270459e+02
1.955119884469253009e+02
1.956477609238624495e+02
1.957741811275409987e+02
1.958912057780510168e+02
1.960014451627339156e+02
1.961052135843602571e+02
1.962058299052134203e+02
1.963407934563106778e+02
1.964661014544557247e+02
1.965816728707450807e+02
1.966874257748402215e+02
1.968334210261248245e+02
1.969696894481617164e+02
1.970958480049571335e+02
1.972241115542228158e+02
1.973642337230233466e+02
1.974938923921753542e+02
1.976129116495032463e+02
1.977221706720505949e+02
1.978558218820260208e+02
1.979947116726503680e+02
1.981447234146613141e+02
1.982831582466347982e+02
1.984097892206031020e+02
1.985329151565252914e+02
1.986797042030202647e+02
1.988139957853172746e+02
1.989355517351344815e+02
1.990441444635734172e+02
1.991395583040295492e+02
1.992215905697846381e+02
1.992900523133948241e+02
1.993464569986916217e+02
1.993921142664273702e+02
1.994250698053844246e+02
1.994438417286919787e+02
1.994483109548507400e+02
1.994383704522279004e+02
1.994139240416977827e+02
1.993748850052243142e+02
1.993429139344173109e+02
1.993054503277237473e+02
1.992531102069868894e+02
1.991857923416339986e+02
1.991046852229842443e+02
1.990369948383199130e+02
1.989597602731461734e+02
1.988923741153433866e+02
1.988139889270185279e+02
1.987655233318238288e+02
1.987011018417559285e+02
1.986205421663347011e+02
1.985236711838747397e+02
1.984103266737866420e+02
1.982949966397305843e+02
1.982318512262015417e+02
1.981517390277649611e+02
1.980803747299203224e+02
1.980123240920169394e+02
1.979268135032903899e+02
1.978237173224611070e+02
1.977029353969582814e+02
1.975643940047557976e+02
1.974080462997934262e+02
1.972672826075216790e+02
1.971283912002478473e+02
1.969716632166027921e+02
1.968055232945388866e+02
1.966781754264844437e+02
1.965389658681187370e+02
1.963932700707491392e+02
1.962502863707574363e+02
1.960896040356064702e+02
1.959112668193533011e+02
1.957153391780986453e+02
1.955236924514348971e+02
1.953242671933197130e+02
1.951074953915104970e+02
1.948905566614099598e+02
1.946832142101374075e+02
1.944588216468210931e+02
1.942174879737089555e+02
1.939593359700311339e+02
1.937265972632595776e+02
1.934915151850461825e+02
1.932702652493579194e+02
1.930326708513844665e+02
1.927788365749105708e+02
1.925088751965994334e+02
1.922229070024519615e+02
1.919210589331682399e+02
1.916034635705633491e+02
1.912702579800752289e+02
1.909217572465350372e+02
1.905597794206029221e+02
1.901961559920391096e+02
1.898306021111225164e+02
1.894501413889297510e+02
1.890549072972351610e+02
1.886450276685043264e+02
1.882206232694033474e+02
1.877818064272145193e+02
1.873286797297205908e+02
1.868613348175518354e+02
1.863798512861229142e+02
1.858842957121620714e+02
1.853747208175086598e+02
1.848745544949510986e+02
1.843786860340187275e+02
1.838688082095649747e+02
1.833448768856729316e+02
1.828068345794257539e+02
1.822546114339784822e+02
1.816881262886292063e+02
1.811072878249607356e+02
1.805119957678838034e+02
1.799058231338040059e+02
1.792923826734327974e+02
1.787010147142224810e+02
1.780954645232056919e+02
1.774771833164595023e+02
1.768436305495359306e+02
1.762163130551293193e+02
1.756012044365191116e+02
1.749703401665659612e+02
1.743293970447523407e+02
1.737190089477392121e+02
1.730924013958134253e+02
1.724890144726916787e+02
1.718827223409792282e+02
1.712597773661957490e+02
1.706200601197186018e+02
1.699746581558995331e+02
1.693351196307655187e+02
1.686907421236692244e+02
1.680925761419629225e+02
1.675011071791440713e+02
1.669066836035237031e+02
1.662948658277006189e+02
1.656656203686310960e+02
1.650189582687240204e+02
1.643549380285963366e+02
1.636736679919566200e+02
1.629753081395042216e+02
1.622600712565123047e+02
1.615282234472297205e+02
1.608048276254132247e+02
1.601353887372564486e+02
1.594505930770969826e+02
1.587506093591983927e+02
1.580358889233731077e+02
1.573069311681110776e+02
1.565642810914270626e+02
1.558085261717318417e+02
1.550402926187371691e+02
1.542602410341785912e+02
1.534758030579287151e+02
1.527132972988181905e+02
1.519890679620995115e+02
1.512596388681511712e+02
1.505527290106398368e+02
1.499158880362742252e+02
1.492855064451246108e+02
1.487274807672422412e+02
1.481901634238656982e+02
1.476759463477669954e+02
1.471725799014064364e+02
1.466645925508223058e+02
1.461627071510676501e+02
1.456784974468586427e+02
1.451908884224482108e+02
1.447002413963397203e+02
1.442069049019150668e+02
1.437112141719337899e+02
1.432134904464613783e+02
1.427140401054975598e+02
1.422381405040008531e+02
1.417861348477368608e+02
1.413715722691418080e+02
1.409562009054222926e+02
1.405401647770347608e+02
1.401441908950105244e+02
1.397698696406071122e+02
1.393951529223715227e+02
1.390200772770658375e+02
1.386784986901342904e+02
1.383388563495106212e+02
1.379987989970398417e+02
1.376582679743615358e+02
1.373171937839396719e+02
1.369980976646870943e+02
1.366856962336580352e+02
1.363953167581656203e+02
1.361155924852320140e+02
1.358346554573709000e+02
1.355523270295277314e+02
1.352684306265634575e+02
1.349827936256480712e+02
1.346952489080110240e+02
1.344056360562157124e+02
1.341228674345979925e+02
1.338663508801369915e+02
1.336072840365930574e+02
1.333455007455016812e+02
1.331285837616249523e+02
1.329358724711855757e+02
1.327398772433209331e+02
1.325409930606422506e+02
1.323867828974479153e+02
1.322286774746964966e+02
1.320703655802100513e+02
1.319747186883242307e+02
1.318745273770916810e+02
1.317695537051350527e+02
1.316605992435848123e+02
1.315508287073659517e+02
1.315030911237734017e+02
1.315012903521812859e+02
1.315180894351225902e+02
1.315533655264761705e+02
1.316148689389320054e+02
1.316736034915527966e+02
1.318187523520819013e+02
1.320065786714839078e+02
1.321870475952163417e+02
1.323599091460201862e+02
1.325249472519854521e+02
1.327158422564443754e+02
1.329118318241652901e+02
1.331021567043625851e+02
1.333115372637342375e+02
1.335124699532905765e+02
1.337049089069008687e+02
1.338907367688653380e+02
1.340779891354424649e+02
1.342568257946136043e+02
1.344363123713648918e+02
1.346333731423662243e+02
1.348223265304529264e+02
1.350033008538695185e+02
1.351967678432202717e+02
1.354126380241013408e+02
1.356209639177334907e+02
1.358409757028378522e+02
1.360675877037351427e+02
1.362870508042625488e+02
1.365383958189339921e+02
1.367833275539286149e+02
1.370213740872162020e+02
1.372526007293954251e+02
1.374792266900715560e+02
1.377325384876275507e+02
1.379791362423182193e+02
1.382278483129081224e+02
1.384718393107045245e+02
1.387090579766171743e+02
1.389427573360862880e+02
1.391710750972014807e+02
1.393924687722871738e+02
1.396068670017720876e+02
1.398141881395953874e+02
1.400143403834024411e+02
1.402072219177214265e+02
1.403927210654769908e+02
1.405707164444371529e+02
1.407410771264373182e+02
1.409102498812334261e+02
1.410751074572717130e+02
1.412318827809144750e+02
1.413821575556404468e+02
1.415242658746198572e+02
1.416577654499988057e+02
1.417947962443230665e+02
1.419493514262328517e+02
1.421000955503613739e+02
1.422476977480598066e+02
1.423855299659571472e+02
1.425133320557176262e+02
1.426308414834039695e+02
1.427426577868089055e+02
1.428775376175545375e+02
1.430012912955324396e+02
1.431370142523709319e+02
1.432751568996659728e+02
1.434012841295536305e+02
1.435151106309451734e+02
1.436163608609538187e+02
1.437066815258802706e+02
1.438341644227315896e+02
1.439728001536220745e+02
1.441108658570886121e+02
1.442350038906253360e+02
1.443471979388435216e+02
1.444472244058710828e+02
1.445325987764614126e+02
1.446031218159451441e+02
1.446586166755066643e+02
1.446989292357139334e+02
1.447239281552274406e+02
1.447447281164913306e+02
1.447725334930728422e+02
1.447847133515974747e+02
1.447811858501753477e+02
1.447618906791560391e+02
1.447451994319042399e+02
1.447304896816722248e+02
1.446998983176408160e+02
1.446534090924262728e+02
1.445910261065382656e+02
1.445127735461955751e+02
1.444190239116162502e+02
1.443145635511388036e+02
1.441954324154682183e+02
1.440607190717306878e+02
1.439105389585749037e+02
1.437450227570828076e+02
1.435643151267416897e+02
1.433685733457793958e+02
1.431579658718358132e+02
1.429362711956734415e+02
1.427083696023048844e+02
1.424725153736401069e+02
1.422275458748546271e+02
1.419686695964182093e+02
1.416960905753017528e+02
1.414102689176106651e+02
1.411198719646030781e+02
1.408163811443025111e+02
1.404999939082493086e+02
1.401709027239668046e+02
1.398292939899610019e+02
1.394753470687884374e+02
1.391101459437951462e+02
1.387343141045337234e+02
1.383485605239933420e+02
1.379527467365869597e+02
1.375453620667217081e+02
1.371265310408967082e+02
1.366963680893332480e+02
1.362928253722887746e+02
1.358949588133475288e+02
1.354861129840854801e+02
1.350662292302086769e+02
1.346353532665323769e+02
1.341935252103693870e+02
1.337407808390701973e+02
1.332771528792502522e+02
1.328026723095882744e+02
1.323241548865265997e+02
1.318354283301968906e+02
1.313359452766542574e+02
1.308257428253062074e+02
1.303048624551106798e+02
1.297733510692220023e+02
1.292312619512910032e+02
1.286803446237584581e+02
1.281189882158991509e+02
1.275472604953315710e+02
1.269652479067023592e+02
1.263730464913149802e+02
1.257707621953388184e+02
1.251585110674933787e+02
1.245364193500171979e+02
1.239046234681479746e+02
1.232632699245565107e+02
1.226133898159666415e+02
1.219565277374839241e+02
1.212906058973363486e+02
1.206468123527233729e+02
1.200004959892276304e+02
1.193456279247555614e+02
1.186823803378328535e+02
1.180109349304818522e+02
1.173314832258097908e+02
1.166442267840495504e+02
1.159493773274720212e+02
1.152471567654549176e+02
1.145377971120984171e+02
1.138215402901249149e+02
1.130986378163431851e+02
1.123693503656856763e+02
1.116339472126890229e+02
1.108927055512598372e+02
1.101459096955935024e+02
1.093938501671655104e+02
1.086368226747402161e+02
1.078783290107234620e+02
1.071207733379089007e+02
1.063591569908729184e+02
1.055937849058123135e+02
1.048249608748074593e+02
1.040529861300593950e+02
1.032950552352408238e+02
1.025552444056417016e+02
1.018131016374553610e+02
1.010688671675779631e+02
1.003235644500731212e+02
9.957745427850434794e+01
9.882992935459913042e+01
9.808119976738505841e+01
9.733146738768509465e+01
9.658294969428453669e+01
9.583980706945676786e+01
9.509657208961579045e+01
9.435578220002275884e+01
9.361487131632588898e+01
9.287398953454007255e+01
9.213327802462012528e+01
9.139286908140772425e+01
9.065639131695343167e+01
8.992287853893475358e+01
8.919041808991570974e+01
8.849789618403886493e+01
8.780874484151790682e+01
8.712044097581744495e+01
8.643302507598073703e+01
8.574653348691019517e+01
8.506099968608258166e+01
8.437645552116558179e+01
8.369768773956826635e+01
8.302203234898050255e+01
8.234746435650738761e+01
8.167402032775038379e+01
8.100174006790297199e+01
8.033066720290733542e+01
7.966148731311847087e+01
7.899604221851275554e+01
7.833196184255695016e+01
7.766930768946238572e+01
7.700814539300640149e+01
7.634854424473974177e+01
7.569057655683594987e+01
7.503636301938958297e+01
7.438818968184321534e+01
7.374187682058780524e+01
7.309952740948048699e+01
7.249199872952669921e+01
7.189493262391189887e+01
7.130961078191944580e+01
7.076558943284705094e+01
7.022454870524214243e+01
6.969470147981388664e+01
6.916689332777630739e+01
6.865561883179150016e+01
6.817073387166706766e+01
6.769852549063232061e+01
6.727093770134253248e+01
6.684559228107018214e+01
6.642190060106929650e+01
6.599977997067460933e+01
6.558034375043186515e+01
6.516439471250883742e+01
6.474983240402652029e+01
6.433662254907434885e+01
6.392474680491805117e+01
6.351461586958721028e+01
6.310736559617048158e+01
6.270149940211057071e+01
6.229707059512874423e+01
6.189415082168820703e+01
6.152834199296124496e+01
6.118179582541397110e+01
6.083875897856136561e+01
6.049945950355429858e+01
6.016390791624053236e+01
5.983052532082651709e+01
5.949946544783431079e+01
5.917089215281481529e+01
5.884983213647626599e+01
5.853264765871734454e+01
5.823533003671859376e+01
5.795449449681794363e+01
5.767698332531313099e+01
5.740487361514298215e+01
5.713650541449346321e+01
5.687187368861918912e+01
5.664650891274666833e+01
5.646926590030936666e+01
5.629599584219131714e+01
5.612672102104258443e+01
5.596455775015081713e+01
5.584389075009983117e+01
5.574021893321419441e+01
5.564052317113930712e+01
5.554477189795617420e+01
5.545292770509955460e+01
5.536494790231861174e+01
5.528078499626801090e+01
5.520038708102211444e+01
5.512369813758972725e+01
5.505065824220129400e+01
5.498120368567749239e+01
5.491526700851343890e+01
5.485277695837753953e+01
5.479365837849395859e+01
5.474239746434425058e+01
5.469447636724559914e+01
5.464967645774893867e+01
5.461130473519844486e+01
5.457774726348971228e+01
5.455543779218172062e+01
5.453659480052456132e+01
5.452035791673390008e+01
5.450660698839959650e+01
5.454307312314444545e+01
5.458329277947404989e+01
5.462929911235820413e+01
5.467938953955883363e+01
5.473113708724510218e+01
5.478435591954914941e+01
5.484402737290004382e+01
5.491007743379644523e+01
5.497703172036256092e+01
5.504470096706408810e+01
5.513091212680663489e+01
5.523477014332849677e+01
5.533872883186725744e+01
5.544257167966217992e+01
5.554744547671009514e+01
5.565300239768838253e+01
5.576060389820047902e+01
5.586753687014923742e+01
5.597339441188739784e+01
5.607801677460685852e+01
5.618415216010429702e+01
5.629006042654650344e+01
5.639432919791413212e+01
5.649684878169234992e+01
5.659752150506720625e+01
5.669626113831619563e+01
5.679299214181219213e+01
5.689105196427232158e+01
5.702551322901533126e+01
5.719446136938107372e+01
5.736106490629327226e+01
5.752521355196829234e+01
5.768680565978897334e+01
5.784574866059889331e+01
5.800195940208030265e+01
5.815571949885024594e+01
5.830802276030433973e+01
5.845740279197740108e+01
5.860381553944095856e+01
5.874722648982245232e+01
5.888848856428748491e+01
5.902744620108201445e+01
5.916456688903574701e+01
5.929919340684341478e+01
5.943433059865212442e+01
5.956889199514115063e+01
5.970044243151350827e+01
5.982900629862607644e+01
5.995461196974075335e+01
6.007729092985854891e+01
6.020234692038516044e+01
6.032686506448421682e+01
6.044919785179540384e+01
6.057934191536993040e+01
6.070673553446356863e+01
6.083141220899503310e+01
6.095340301944428063e+01
6.107273605570813402e+01
6.118943592742955673e+01
6.130453811251152985e+01
6.142389915689116719e+01
6.154067690575069349e+01
6.165487937068166246e+01
6.176909064730443788e+01
6.188297904054871168e+01
6.199428945568055127e+01
6.210460346319788982e+01
6.221258611319694154e+01
6.231795149083617957e+01
6.242067967857919797e+01
