1.446893133353820886e+05
1.447241922740490991e+05
1.447581243351784360e+05
1.447912518114402483e+05
1.448235247442958353e+05
1.448549327338881849e+05
1.448852642509945726e+05
1.449144083421599353e+05
1.449427868747412867e+05
1.449704399290174770e+05
1.449969881738794211e+05
1.450227301588917035e+05
1.450475092356537934e+05
1.450711774709114979e+05
1.450940640912880772e+05
1.451162667280920723e+05
1.451374258445504529e+05
1.451581889963462017e+05
1.451783443186649820e+05
1.451980556029888394e+05
1.452171827789467934e+05
1.452359390068002685e+05
1.452541134268257883e+05
1.452713859478145605e+05
1.452880728318389447e+05
1.453042548977255065e+05
1.453202415439609904e+05
1.453357443571802287e+05
1.453510349953030236e+05
1.453656658788858331e+05
1.453803177323339623e+05
1.453946668437052867e+05
1.454088599248861428e+05
1.454226158005981124e+05
1.454357618128297036e+05
1.454486057804156444e+05
1.454613485520725662e+05
1.454736046294578700e+05
1.454862805398364144e+05
1.454985675083164824e+05
1.455110192168069480e+05
1.455237408023891621e+05
1.455362097942595719e+05
1.455483680290280317e+05
1.455604898038646497e+05
1.455722177082314447e+05
1.455837663913420984e+05
1.455954231647597335e+05
1.456070380002156890e+05
1.456186043888349959e+05
1.456302212212218437e+05
1.456420712272979436e+05
1.456540269310540461e+05
1.456658951516649686e+05
1.456782845126991160e+05
1.456910498594200180e+05
1.457038082829996129e+05
1.457165375421696808e+05
1.457294597113582713e+05
1.457430026212089579e+05
1.457571289315397444e+05
1.457717207822822675e+05
1.457867631927944312e+05
1.458023615666776022e+05
1.458185080264683929e+05
1.458352681706378644e+05
1.458525303248249402e+05
1.458708787484626519e+05
1.458905655452878855e+05
1.459107276646655228e+05
1.459317576548261859e+05
1.459539191285446577e+05
1.459768578687907429e+05
1.460005349115011923e+05
1.460249059111406386e+05
1.460507022579039331e+05
1.460776327531748684e+05
1.461058798939933477e+05
1.461355014086123556e+05
1.461659500339261140e+05
1.461976451364004752e+05
1.462308255829709233e+05
1.462649986710583617e+05
1.463001428117032629e+05
1.463361586551623768e+05
1.463734310161919566e+05
1.464117763630098780e+05
1.464513945008690644e+05
1.464928174488987424e+05
1.465353251266405568e+05
1.465795051729993429e+05
1.466248431941279559e+05
1.466713645872125053e+05
1.467190807226756879e+05
1.467675819245394669e+05
1.468173999841193145e+05
1.468680941273636126e+05
1.469195002178283466e+05
1.469720314966973965e+05
1.470261535317038652e+05
1.470815954516739876e+05
1.471381262104768539e+05
1.471954664938613423e+05
1.472534513830461365e+05
1.473128118214153510e+05
1.473734221312728187e+05
1.474355954542187101e+05
1.474988798945390154e+05
1.475630220504655736e+05
1.476277616580738104e+05
1.476941174932940339e+05
1.477615661340394290e+05
1.478304812061529665e+05
1.479012012475722586e+05
1.479731416137498163e+05
1.480471087503151211e+05
1.481228511675995251e+05
1.482001198334104847e+05
1.482791016519326658e+05
1.483594026174245228e+05
1.484408432345713081e+05
1.485234724119868479e+05
1.486072576377942460e+05
1.486920683876707626e+05
1.487778580541343545e+05
1.488649859235768090e+05
1.489535980772023322e+05
1.490436093503060401e+05
1.491350708070610999e+05
1.492277894127000764e+05
1.493213823093782994e+05
1.494160209679464751e+05
1.495113280019426311e+05
1.496082798674957885e+05
1.497059398479836818e+05
1.498044201901894412e+05
1.499039236152612721e+05
1.500049555104803876e+05
1.501071742014603806e+05
1.502105059849341342e+05
1.503143476348207623e+05
1.504193544986134802e+05
1.505254715861275617e+05
1.506324981235857704e+05
1.507409114232036227e+05
1.508508463476100878e+05
1.509617964906332491e+05
1.510730748121933430e+05
1.511851380158615357e+05
1.512984410649528727e+05
1.514126279055687774e+05
1.515281309986047563e+05
1.516446391236116178e+05
1.517614630821982864e+05
1.518784591006018163e+05
1.519970156581027841e+05
1.521166838172920106e+05
1.522367617589792935e+05
1.523575832867982390e+05
1.524785961758829653e+05
1.525998168788447219e+05
1.527217836184157932e+05
1.528445835478095105e+05
1.529679740703224379e+05
1.530916298017171212e+05
1.532159236368136480e+05
1.533411246457920934e+05
1.534671985165917722e+05
1.535938248036457226e+05
1.537207675436108257e+05
1.538478973646231170e+05
1.539757895544561034e+05
1.541044970105170214e+05
1.542337968031355995e+05
1.543641654729068978e+05
1.544958757853924762e+05
1.546284391293639201e+05
1.547621616641177097e+05
1.548964441394617024e+05
1.550309261882248975e+05
1.551657848912285699e+05
1.553018140905670007e+05
1.554380090545517160e+05
1.555742606981497956e+05
1.557108418664420897e+05
1.558474911801177659e+05
1.559840065210296307e+05
1.561204713110319281e+05
1.562575594245030079e+05
1.563953309524261567e+05
1.565330957971638709e+05
1.566721131169959845e+05
1.568106646541844530e+05
1.569497923034340201e+05
1.570890035092446778e+05
1.572282557812668383e+05
1.573676085103860823e+05
1.575070289446933602e+05
1.576465927924261196e+05
1.577865489915715589e+05
1.579265892938755569e+05
1.580669317458767036e+05
1.582072783170580224e+05
1.583479482487012574e+05
1.584889437801118765e+05
1.586302337177924637e+05
1.587718585182514507e+05
1.589134602955840819e+05
1.590551214150630985e+05
1.591977785704979324e+05
1.593399907123539597e+05
1.594818961354009516e+05
1.596235481349799666e+05
1.597652866304624185e+05
1.599072611237132805e+05
1.600487393587436236e+05
1.601904192641707486e+05
1.603327347561339557e+05
1.604747776704979187e+05
1.606166857619369694e+05
1.607587240432160324e+05
1.609010182695252879e+05
1.610436797309613903e+05
1.611857861970780359e+05
1.613280831735733664e+05
1.614706092781764164e+05
1.616127288010170741e+05
1.617544450282404141e+05
1.618968752364401298e+05
1.620392794671864831e+05
1.621810622783153376e+05
1.623225299109965272e+05
1.624638577536920493e+05
1.626053556608444196e+05
1.627464658929884317e+05
1.628875215177068312e+05
1.630284340951167687e+05
1.631691031724866189e+05
1.633092970342270564e+05
1.634484606144353165e+05
1.635868318016109988e+05
1.637246178707428917e+05
1.638613256181633915e+05
1.639974209294807806e+05
1.641327421586704149e+05
1.642677376848841668e+05
1.644025493073400576e+05
1.645375774257804733e+05
1.646720421647456824e+05
1.648055874783711042e+05
1.649392565150115406e+05
1.650725394936141383e+05
1.652052126760377432e+05
1.653379197572795383e+05
1.654703189557923761e+05
1.656031091504802462e+05
1.657350336736606550e+05
1.658659149009862158e+05
1.659954996361302328e+05
1.661246942434836819e+05
1.662532560121225833e+05
1.663818773630675860e+05
1.665106216257774213e+05
1.666389703382118605e+05
1.667664449359522841e+05
1.668932074862951413e+05
1.670193292482684192e+05
1.671442508405744738e+05
1.672686225412865460e+05
1.673924105944415787e+05
1.675157318755054148e+05
1.676390693554944010e+05
1.677613157731790852e+05
1.678828995277043141e+05
1.680034463057908288e+05
1.681234521416231582e+05
1.682429185913578258e+05
1.683622515278096544e+05
1.684810146067208843e+05
1.685988801615846460e+05
1.687157396980977792e+05
1.688316441810266406e+05
1.689467326537599729e+05
1.690605301953597809e+05
1.691727220176835253e+05
1.692844593255694199e+05
1.693957841112178867e+05
1.695059619267854141e+05
1.696153884084751480e+05
1.697239270739948261e+05
1.698314974086378643e+05
1.699377121528396674e+05
1.700434356948119239e+05
1.701481181470352458e+05
1.702517615945040016e+05
1.703544892060080892e+05
1.704559316067714535e+05
1.705562945012816635e+05
1.706556176238829794e+05
1.707545844645229809e+05
1.708532471613686357e+05
1.709508023336088518e+05
1.710469347815454530e+05
1.711418120066041301e+05
1.712364940238162817e+05
1.713304757845092099e+05
1.714228445156432863e+05
1.715143288166335551e+05
1.716048953096316254e+05
1.716936537897105154e+05
1.717810125951720402e+05
1.718673997694900318e+05
1.719534423939159315e+05
1.720385025620388915e+05
1.721228794903639937e+05
1.722068226481295133e+05
1.722893470985035819e+05
1.723704366498469608e+05
1.724507193890422932e+05
1.725300765618294536e+05
1.726089009341782657e+05
1.726867126594430592e+05
1.727625871440714691e+05
1.728367310875215044e+05
1.729099993998942664e+05
1.729820146518434340e+05
1.730532872882172815e+05
1.731239032982626522e+05
1.731933742323034676e+05
1.732622894475229259e+05
1.733298896858310036e+05
1.733961117361552315e+05
1.734613222684673092e+05
1.735247290050860029e+05
1.735869922030742455e+05
1.736480276806208130e+05
1.737070056181271793e+05
1.737658844880466058e+05
1.738233035648933437e+05
1.738803299046925968e+05
1.739365623810574471e+05
1.739916716141420184e+05
1.740458168326107552e+05
1.740990812146928220e+05
1.741502106132194458e+05
1.742005086759673140e+05
1.742508403157098219e+05
1.743008229518165172e+05
1.743502091550574405e+05
1.743985283082859823e+05
1.744467929656981723e+05
1.744947085285786015e+05
1.745404853060066816e+05
1.745851631117588549e+05
1.746288723124414973e+05
1.746717198151695484e+05
1.747133322195825749e+05
1.747536699598194100e+05
1.747928810473277699e+05
1.748311967807717447e+05
1.748678858231484191e+05
1.749036084851708438e+05
1.749386304849484295e+05
1.749727361751830322e+05
1.750054928813419538e+05
1.750368090091161139e+05
1.750665920272210788e+05
1.750952481098272256e+05
1.751225580314308172e+05
1.751489950703556824e+05
1.751739144873688056e+05
1.751970393770765804e+05
1.752182857733435812e+05
1.752380215776198020e+05
1.752566836955854669e+05
1.752746627224040567e+05
1.752921535330071638e+05
1.753079274012964743e+05
1.753219023830202350e+05
1.753341950909955194e+05
1.753457806283554528e+05
1.753573710833631631e+05
1.753683314583169995e+05
1.753779468574080674e+05
1.753866008775757218e+05
1.753947628667278623e+05
1.754011590363256109e+05
1.754071591257608961e+05
1.754124982588699495e+05
1.754155417949199618e+05
1.754177269103994186e+05
1.754196733657196164e+05
1.754200674526297953e+05
1.754199790860466892e+05
1.754191523538855545e+05
1.754165064489482902e+05
1.754124355524906714e+05
1.754075250227186480e+05
1.754009023814714164e+05
1.753926956385659287e+05
1.753830961296714959e+05
1.753721362522312265e+05
1.753606060743229755e+05
1.753467129033593519e+05
1.753316905097266135e+05
1.753154418334711227e+05
1.752976389327907527e+05
1.752782505527897738e+05
1.752571300471891300e+05
1.752340745015300636e+05
1.752107681767800532e+05
1.751861714516947686e+05
1.751598322609075112e+05
1.751315327359529911e+05
1.751017258305259747e+05
1.750700270333438530e+05
1.750360229792527971e+05
1.750007999075978587e+05
1.749647544451789581e+05
1.749275306633427972e+05
1.748892868328730983e+05
1.748501993730878748e+05
1.748103996914828895e+05
1.747687618748903624e+05
1.747253821700877161e+05
1.746807841322520981e+05
1.746343195264084789e+05
1.745863369487762102e+05
1.745368103881811840e+05
1.744866297415862791e+05
1.744353421360952780e+05
1.743826875659455545e+05
1.743292659730198211e+05
1.742742466189636616e+05
1.742180049145004887e+05
1.741608015791683865e+05
1.741030406198991404e+05
1.740436964791172359e+05
1.739826670453166007e+05
1.739201941089916218e+05
1.738560148473697191e+05
1.737902349111651711e+05
1.737228773619818967e+05
1.736542507216157392e+05
1.735837732670420373e+05
1.735112586841965967e+05
1.734376726646937313e+05
1.733631788944493455e+05
1.732882000723464880e+05
1.732116084693051525e+05
1.731336949747203616e+05
1.730537295929820975e+05
1.729711214491384744e+05
1.728859238596396463e+05
1.727983853422488028e+05
1.727099424784196890e+05
1.726193008045307070e+05
1.725271108602052263e+05
1.724337144608523522e+05
1.723385486377965717e+05
1.722420643182717613e+05
1.721440647750239877e+05
1.720452103474955074e+05
1.719451702927818114e+05
1.718434461607662088e+05
1.717401412322992110e+05
1.716358535084334435e+05
1.715297836949400080e+05
1.714228996204669820e+05
1.713155347807428334e+05
1.712061820212103776e+05
1.710958469417111482e+05
1.709837722706798813e+05
1.708699093749451858e+05
1.707548256748049462e+05
1.706378115823560511e+05
1.705188913838088920e+05
1.703990577168415184e+05
1.702771644037056831e+05
1.701533201072041993e+05
1.700281908986609196e+05
1.699016469466682174e+05
1.697744729868941067e+05
1.696457473705197917e+05
1.695152660681777052e+05
1.693830443347270193e+05
1.692494322592797107e+05
1.691148006627842551e+05
1.689795176931615861e+05
1.688431002194151806e+05
1.687056352810923127e+05
1.685670228015923058e+05
1.684261713441770407e+05
1.682840849377221894e+05
1.681408687616595416e+05
1.679967341900205065e+05
1.678516229911102273e+05
1.677046833257371618e+05
1.675561559016611718e+05
1.674070157479687186e+05
1.672568498090095818e+05
1.671060668996486929e+05
1.669539410100014356e+05
1.668011953998708923e+05
1.666471835184700903e+05
1.664917763286211120e+05
1.663352435925324389e+05
1.661773141126659466e+05
1.660177567385197908e+05
1.658567401560104918e+05
1.656945204380684881e+05
1.655312191842236789e+05
1.653665415062572865e+05
1.652005693804094044e+05
1.650338891974171856e+05
1.648651187690988008e+05
1.646946281911320111e+05
1.645221529341322603e+05
1.643482000237108732e+05
1.641724554452218290e+05
1.639952187785005372e+05
1.638167269547400647e+05
1.636369119770805701e+05
1.634565193366819003e+05
1.632750937216769380e+05
1.630923992762337730e+05
1.629081547352915222e+05
1.627232391903750831e+05
1.625374196360203787e+05
1.623501424529720680e+05
1.621617510653835197e+05
1.619718662171933975e+05
1.617806947622476728e+05
1.615872419148020563e+05
1.613919017503421637e+05
1.611952631778762734e+05
1.609974137872636784e+05
1.607985070347768778e+05
1.605982238149986370e+05
1.603963970716218173e+05
1.601942077200408967e+05
1.599910633861581446e+05
1.597864779070724617e+05
1.595805185567766021e+05
1.593732280729742779e+05
1.591639214157365495e+05
1.589533211659099616e+05
1.587421256373553479e+05
1.585303828760967590e+05
1.583179778429658327e+05
1.581044424779455294e+05
1.578891623566635535e+05
1.576720099319149740e+05
1.574535694197816774e+05
1.572342191216323990e+05
1.570134273779028154e+05
1.567909829655317008e+05
1.565670393465958477e+05
1.563418334913193539e+05
1.561159591030739539e+05
1.558887894373312593e+05
1.556605582757114607e+05
1.554309746642781538e+05
1.552004113702786271e+05
1.549685558762501751e+05
1.547354336363540206e+05
1.545009228840410651e+05
1.542648266035638808e+05
1.540271552770791168e+05
1.537880670495519880e+05
1.535472050781150174e+05
1.533047310016566480e+05
1.530607329252593627e+05
1.528156764731933654e+05
1.525702358904619468e+05
1.523244328195004200e+05
1.520774029901494505e+05
1.518291344345499820e+05
1.515802282400035474e+05
1.513303760657919047e+05
1.510791454256869329e+05
1.508261471879003220e+05
1.505718040027349780e+05
1.503157715986764233e+05
1.500590677163231303e+05
1.498015806223802501e+05
1.495424394495549786e+05
1.492822372112935409e+05
1.490204326792472857e+05
1.487580274903923564e+05
1.484941867130949686e+05
1.482296004295393359e+05
1.479645796901774302e+05
1.476988645400478563e+05
1.474325524713460181e+05
1.471649393157325976e+05
1.468963927730585274e+05
1.466268783778646321e+05
1.463558582179204095e+05
1.460837567517374991e+05
1.458102350695829664e+05
1.455351926315234159e+05
1.452597040453795926e+05
1.449832009371481836e+05
1.447048044794010057e+05
1.444250882849751797e+05
1.441453500993087073e+05
1.438641665113195486e+05
1.435813924841666303e+05
1.432969405070277571e+05
1.430108274079138646e+05
1.427240421448440175e+05
1.424368186527162325e+05
1.421489244162184768e+05
1.418602611976101471e+05
1.415710604729372426e+05
1.412809223002406070e+05
1.409904417976849072e+05
1.406997494858144491e+05
1.404085148175062204e+05
1.401168181885604281e+05
1.398249713642116985e+05
1.395334501713397622e+05
1.392402181400863628e+05
1.389458586252431851e+05
1.386507089886950853e+05
1.383552069712650846e+05
1.380591280192657141e+05
1.377622235210782674e+05
1.374646803070563765e+05
1.371656138394493610e+05
1.368661101341046742e+05
1.365660016454641882e+05
1.362648441535958555e+05
1.359633915739912482e+05
1.356606306080812647e+05
1.353569112437043223e+05
1.350523652338319807e+05
1.347467319233111630e+05
1.344408440223681100e+05
1.341351611417695822e+05
1.338293669028530130e+05
1.335233934160935169e+05
1.332163253207695088e+05
1.329084382562685059e+05
1.325999047016644035e+05
1.322911841093979019e+05
1.319819236560169084e+05
1.316715215088049881e+05
1.313607493708209076e+05
1.310499764809275948e+05
1.307386135301083850e+05
1.304272619619071629e+05
1.301150543960890063e+05
1.298020415635265381e+05
1.294889167059758620e+05
1.291763640193231258e+05
1.288641124415718368e+05
1.285517000260892091e+05
1.282390666930767620e+05
1.279262533396926738e+05
1.276133125635817705e+05
1.273002935649871506e+05
1.269866475434562162e+05
1.266719380248386733e+05
1.263563303749746119e+05
1.260411374279003503e+05
1.257257574351307558e+05
1.254091150425391243e+05
1.250924852249849064e+05
1.247754464980883495e+05
1.244585621042634739e+05
1.241413578127460933e+05
1.238238813030205201e+05
1.235066654494793329e+05
1.231897501514940959e+05
1.228732862733511865e+05
1.225569892970748042e+05
1.222407621677550051e+05
1.219246797267790680e+05
1.216087265211869235e+05
1.212920194086592237e+05
1.209757329737925611e+05
1.206596012614170177e+05
1.203435107112542464e+05
1.200279105899364222e+05
1.197128876351001818e+05
1.193984613395447377e+05
1.190840761369779357e+05
1.187694836895971821e+05
1.184548962125605467e+05
1.181403033243265381e+05
1.178262293566748413e+05
1.175128468370342016e+05
1.171990133568540186e+05
1.168846289900159027e+05
1.165691786848373740e+05
1.162531142557248240e+05
1.159368981665012398e+05
1.156209333446666278e+05
1.153048131227953854e+05
1.149883220823379961e+05
1.146722187613541173e+05
1.143568409480307309e+05
1.140418131999479665e+05
1.137273778873500123e+05
1.134130108888372924e+05
1.130997479522379581e+05
1.127867130786872585e+05
1.124743274395122135e+05
1.121618797825170332e+05
1.118496040609183110e+05
1.115373277934540820e+05
1.112252857528220338e+05
1.109132545238784223e+05
1.106014977744040225e+05
1.102902985255616950e+05
1.099787867893307703e+05
1.096674890105798404e+05
1.093566603308314516e+05
1.090462507274460368e+05
1.087366502370317903e+05
1.084275383609858982e+05
1.081189789297568786e+05
1.078112621577113459e+05
1.075043376335595385e+05
1.071984080555318797e+05
1.068929316052336071e+05
1.065889438296741719e+05
1.062852527051243524e+05
1.059820003852405935e+05
1.056795255913754809e+05
1.053775012848339538e+05
1.050762154621705267e+05
1.047755111912483844e+05
1.044758896105371678e+05
1.041769338643637311e+05
1.038789739676907338e+05
1.035813511051160312e+05
1.032842031582937925e+05
1.029883643512918497e+05
1.026928143429195479e+05
1.023982764202124526e+05
1.021044181352072628e+05
1.018107898719011137e+05
1.015179132055419032e+05
1.012255280061955273e+05
1.009341087699799536e+05
1.006431257126209384e+05
1.003526635981243599e+05
1.000627439650924644e+05
9.977303133030037861e+04
9.948353421088799951e+04
9.919459801221668022e+04
9.890584344924881589e+04
9.861755049037640856e+04
9.833065347814744746e+04
9.804500257611028792e+04
9.775990204592978989e+04
9.747604267837313819e+04
9.719375148107115820e+04
9.691320500839207671e+04
9.663464369196070766e+04
9.635713665333540121e+04
9.608027805169559724e+04
9.580441540547780460e+04
9.552961240154257393e+04
9.525544569640446571e+04
9.498225332730551600e+04
9.470988619907251268e+04
9.443840348126643221e+04
9.416817121369326196e+04
9.389876632878222154e+04
9.363119702685906668e+04
9.336416461999007151e+04
9.309787117847820628e+04
9.283273641527361178e+04
9.256890284992751549e+04
9.230617960852020769e+04
9.204406228719651699e+04
9.178245175243931590e+04
9.152225058731462923e+04
9.126346908721981163e+04
9.100530711865323246e+04
9.074777567099305452e+04
9.049155904629926954e+04
9.023693415127496701e+04
8.998334815700289619e+04
8.973113048807566520e+04
8.947991081236358150e+04
8.922977237247825542e+04
8.898006756279985711e+04
8.873139513472655381e+04
8.848471005249908194e+04
8.823962471045546408e+04
8.799593799048291112e+04
8.775344352195883403e+04
8.751261572156849434e+04
8.727287898248450074e+04
8.703457871097674069e+04
8.679760694915402564e+04
8.656197792586729338e+04
8.632720049173381994e+04
8.609393337645413703e+04
8.586211579929449363e+04
8.563130966387871013e+04
8.540196269656458753e+04
8.517430001122815884e+04
8.494869588216344710e+04
8.472484176750904589e+04
8.450290861720516114e+04
8.428278187724103918e+04
8.406447314619312237e+04
8.384725800940477347e+04
8.363194452390099468e+04
8.341812643073362415e+04
8.320512025830846687e+04
8.299322907932451926e+04
8.278322026980933151e+04
8.257485507951304317e+04
8.236846061217998795e+04
8.216362721037048323e+04
8.196019530269043753e+04
8.175847149024423561e+04
8.155856004180460877e+04
8.136010661112255184e+04
8.116283615765477589e+04
8.096740763594435703e+04
8.077381396312371362e+04
8.058209749389812350e+04
8.039205278995347908e+04
8.020413877823074290e+04
8.001779919150711794e+04
7.983303559817766654e+04
7.965056403514879639e+04
7.946980393345751509e+04
7.929076482431578916e+04
7.911313906907888304e+04
7.893697440719742735e+04
7.876278345654965960e+04
7.859039830849123246e+04
7.841976679544027138e+04
7.825097730179775681e+04
7.808405863533077354e+04
7.791882985949487193e+04
7.775555347917706240e+04
7.759488705307657074e+04
7.743623026912291243e+04
7.727922077867637563e+04
7.712413536545811803e+04
7.697063833908239030e+04
7.681877781513694208e+04
7.666941372712592420e+04
7.652251792778845993e+04
7.637839431130069715e+04
7.623629784159571864e+04
7.609591621354542440e+04
7.595741120445224806e+04
7.582104338262518286e+04
7.568677402397181140e+04
7.555461397002061130e+04
7.542465358236624161e+04
7.529679671935456281e+04
7.517068584503819875e+04
7.504620891181677871e+04
7.492370176145386358e+04
7.480366888609454327e+04
7.468591490078938659e+04
7.457066262230172288e+04
7.445792607337074878e+04
7.434688908998986881e+04
7.423788327720038069e+04
7.413111209077689273e+04
7.402667360814219865e+04
7.392464168186494499e+04
7.382457281253908877e+04
7.372672870280522329e+04
7.363115597706905100e+04
7.353817642675734533e+04
7.344797273278003559e+04
7.336094109766576730e+04
7.327656413437833544e+04
7.319415591279004002e+04
7.311385723296909418e+04
7.303531967185846588e+04
7.295866843565161980e+04
7.288393211518535099e+04
7.281161144207623147e+04
7.274151749793476483e+04
7.267351452968444210e+04
7.260807797546400980e+04
7.254544279551788350e+04
7.248473959939772612e+04
7.242636249672713166e+04
7.237063222502917051e+04
7.231707346639773459e+04
7.226566406565750367e+04
7.221660530209614080e+04
7.217003288019612955e+04
7.212539074776190682e+04
7.208279500363767147e+04
7.204254216509386606e+04
7.200441243929602206e+04
7.196850745451571129e+04
7.193443114611807687e+04
7.190280294616693573e+04
7.187326036559605564e+04
7.184584298765184940e+04
7.182007322829686746e+04
7.179629386054938368e+04
7.177511769656586694e+04
7.175616071253735572e+04
7.173968988118176640e+04
7.172495963108034630e+04
7.171188672113610664e+04
7.170106910556832736e+04
7.169271798911326914e+04
7.168651252200741146e+04
7.168196356560180720e+04
7.167909121685812715e+04
7.167807389822925325e+04
7.167864929582535115e+04
7.168141835221651127e+04
7.168607585108125932e+04
7.169263499529797991e+04
7.170081052336242283e+04
7.171060138336314412e+04
7.172167946247966029e+04
7.173435515336535173e+04
7.174880650941150088e+04
7.176459367954017944e+04
7.178215226224611979e+04
7.180117745892076346e+04
7.182111567813293368e+04
7.184201578784991580e+04
7.186428678168114857e+04
7.188785633268326637e+04
7.191273249201156432e+04
7.193883418455753417e+04
7.196628213809695444e+04
7.199516490896463802e+04
7.202568731443631987e+04
7.205783816309172835e+04
7.209077798902541690e+04
7.212491172795360035e+04
7.216029079830119736e+04
7.219661448182501772e+04
7.223414319664162758e+04
7.227283309024677146e+04
7.231237630952635664e+04
7.235252709936258907e+04
7.239319781436175981e+04
7.243471239331099787e+04
7.247695372132225020e+04
7.252000520698224136e+04
7.256389282912445196e+04
7.260836061620926193e+04
7.265354285305150552e+04
7.269973907641948608e+04
7.274638870565603429e+04
7.279368220358964754e+04
7.284130217193426506e+04
7.288942746926995460e+04
7.293786884382850258e+04
7.298654216003049805e+04
7.303583642134172260e+04
7.308549753103917465e+04
7.313510262462525861e+04
7.318505890001432272e+04
7.323507459435828787e+04
7.328484588019587682e+04
7.333501875063816260e+04
7.338540200898649346e+04
7.343589739689223643e+04
7.348652928466263984e+04
7.353707891852689500e+04
7.358755418066552375e+04
7.363823622781183803e+04
7.368863185724594223e+04
7.373903075337411428e+04
7.378939409859753505e+04
7.383994780617076322e+04
7.389082390807311458e+04
7.394172929914658016e+04
7.399248601476709882e+04
7.404318990823594504e+04
7.409394789923768258e+04
7.414482450462166162e+04
7.419585440142548759e+04
7.424673730835450988e+04
7.429739078806643374e+04
7.434752620839413430e+04
7.439739804715536593e+04
7.444721834417966602e+04
7.449654455179344222e+04
7.454586730004324636e+04
7.459504080584784970e+04
7.464379154794086935e+04
7.469213031075512117e+04
7.474029978139860032e+04
