2.216672843939088925e+05
2.217325957164333668e+05
2.217949981053867377e+05
2.218548526442930161e+05
2.219122882287015382e+05
2.219671354627387191e+05
2.220196750757651753e+05
2.220701665569460602e+05
2.221187189919457305e+05
2.221649108496097324e+05
2.222089776149248355e+05
2.222507755131833255e+05
2.222902470875547151e+05
2.223276513787381409e+05
2.223628913708978798e+05
2.223960904410935764e+05
2.224273516205510241e+05
2.224565881320556509e+05
2.224840408880235045e+05
2.225096124074896798e+05
2.225332652875612548e+05
2.225550692569346575e+05
2.225749417182357574e+05
2.225925239640217624e+05
2.226081190765940701e+05
2.226218528423242969e+05
2.226341582307367062e+05
2.226444921070725541e+05
2.226531918200955552e+05
2.226599355768807000e+05
2.226649431963480893e+05
2.226682246011548268e+05
2.226698462477708526e+05
2.226700657144869328e+05
2.226694049162475276e+05
2.226673925458664016e+05
2.226644623515423445e+05
2.226604532190666650e+05
2.226554785171884869e+05
2.226496237719361088e+05
2.226427594103618467e+05
2.226347812797494989e+05
2.226256102939962002e+05
2.226155185673389351e+05
2.226040735278357461e+05
2.225917875331649266e+05
2.225782101080084685e+05
2.225638144614779158e+05
2.225485744640508783e+05
2.225323745385182847e+05
2.225155158651824167e+05
2.224978619889119000e+05
2.224800150943298358e+05
2.224612852752710460e+05
2.224415773460697383e+05
2.224219393244613602e+05
2.224022343658787722e+05
2.223825952939073904e+05
2.223630855964349175e+05
2.223436267460886738e+05
2.223238820383761486e+05
2.223045057922282722e+05
2.222854026506347582e+05
2.222666024190110038e+05
2.222477963292934000e+05
2.222295329940625525e+05
2.222114947995790862e+05
2.221936844187431852e+05
2.221762153484564624e+05
2.221592496914179646e+05
2.221429530889952439e+05
2.221279911428043270e+05
2.221137688953547913e+05
2.221003004720392055e+05
2.220881071907963778e+05
2.220769279510226916e+05
2.220675877959844365e+05
2.220601677051996812e+05
2.220545841685619089e+05
2.220505598988428537e+05
2.220477791157832835e+05
2.220455732009960921e+05
2.220449414831816975e+05
2.220460667543213349e+05
2.220485827093618864e+05
2.220531139813585323e+05
2.220599098019232333e+05
2.220690536681544909e+05
2.220802679916702909e+05
2.220934281757001590e+05
2.221080989909707278e+05
2.221245318093542592e+05
2.221429335221383080e+05
2.221637307365367014e+05
2.221873345436046657e+05
2.222126756750707282e+05
2.222398536309553892e+05
2.222689219823223830e+05
2.222996095837574685e+05
2.223330634601440979e+05
2.223695145958589274e+05
2.224088321966579824e+05
2.224513581504792382e+05
2.224970399549358408e+05
2.225450686274667387e+05
2.225957675110066775e+05
2.226495332436872122e+05
2.227058697760969226e+05
2.227653434896343679e+05
2.228278188360919303e+05
2.228935931297911739e+05
2.229627206000733422e+05
2.230347793329541746e+05
2.231105998759950453e+05
2.231904827038847143e+05
2.232736502327815397e+05
2.233599061824094970e+05
2.234494257167323667e+05
2.235430493325902498e+05
2.236402122522960417e+05
2.237407721977302281e+05
2.238447298731839110e+05
2.239518535767281428e+05
2.240622847034569713e+05
2.241758488845901156e+05
2.242940938230308238e+05
2.244160771043479908e+05
2.245412984382538707e+05
2.246699980128181342e+05
2.248025349688799761e+05
2.249387460764783027e+05
2.250790125832430203e+05
2.252235699797499110e+05
2.253725747029491758e+05
2.255251412185891822e+05
2.256812257233469863e+05
2.258407378191824828e+05
2.260042121456092573e+05
2.261711622234119277e+05
2.263429349500046519e+05
2.265192043459042034e+05
2.266994850334570801e+05
2.268834054454332218e+05
2.270709630337523704e+05
2.272621900316497195e+05
2.274581009783380723e+05
2.276583435640619136e+05
2.278630649211418640e+05
2.280716586514413648e+05
2.282838560059843003e+05
2.285002267806176969e+05
2.287206909718565585e+05
2.289451249673572893e+05
2.291736205173995113e+05
2.294068527386134665e+05
2.296442178990970424e+05
2.298851697217915789e+05
2.301284147505950532e+05
2.303741493347849464e+05
2.306235545725571865e+05
2.308761433065116580e+05
2.311319981342762185e+05
2.313914924851242395e+05
2.316543474197763426e+05
2.319216285818395845e+05
2.321930980898833077e+05
2.324681832534136774e+05
2.327461392568646988e+05
2.330266152491039829e+05
2.333102982382726914e+05
2.335974786874256097e+05
2.338870186532173830e+05
2.341794962357943878e+05
2.344746766390418634e+05
2.347725287567318592e+05
2.350735365197367209e+05
2.353771437908310909e+05
2.356823181276723626e+05
2.359895371088963875e+05
2.362991755231212301e+05
2.366098940526948136e+05
2.369218899867379805e+05
2.372353666433252802e+05
2.375500429109023244e+05
2.378661737645529502e+05
2.381847339738809969e+05
2.385050764130680182e+05
2.388275682165925682e+05
2.391527147337791685e+05
2.394794863181139808e+05
2.398068725441624410e+05
2.401353927748903516e+05
2.404644861941930139e+05
2.407943863293167960e+05
2.411255886098621995e+05
2.414569099218016199e+05
2.417891202523930406e+05
2.421214677749368420e+05
2.424541623794758052e+05
2.427877544108954608e+05
2.431213827952405554e+05
2.434558904605733696e+05
2.437897917658997758e+05
2.441224283948016237e+05
2.444548953365381167e+05
2.447860113736854109e+05
2.451156299514483544e+05
2.454437506072167598e+05
2.457709015470817103e+05
2.460978428766235884e+05
2.464248439200095891e+05
2.467516573814584990e+05
2.470760824313817720e+05
2.473978659723054734e+05
2.477173163512875617e+05
2.480351635423783737e+05
2.483503432342825690e+05
2.486640796188617242e+05
2.489774564953566296e+05
2.492898289751985576e+05
2.495998299015069497e+05
2.499069147999658890e+05
2.502111657444829762e+05
2.505130400075428188e+05
2.508121770952874213e+05
2.511089536531579215e+05
2.514036468033775745e+05
2.516968319468945847e+05
2.519875147777892998e+05
2.522755192872033804e+05
2.525611048479480669e+05
2.528443607738289575e+05
2.531248996583821136e+05
2.534015417790497886e+05
2.536762228895490116e+05
2.539475987543618248e+05
2.542146211132020399e+05
2.544772894418451760e+05
2.547365057087772002e+05
2.549918021061316831e+05
2.552424916257608274e+05
2.554898981534793274e+05
2.557345520382649265e+05
2.559765972542525851e+05
2.562142355954331579e+05
2.564472993034517276e+05
2.566760893426515977e+05
2.569006342746057489e+05
2.571210203150913876e+05
2.573369451667626563e+05
2.575492829539829399e+05
2.577586466309651732e+05
2.579623784036716388e+05
2.581617000087838969e+05
2.583562275112066127e+05
2.585463232804827858e+05
2.587320715328119695e+05
2.589136776326921536e+05
2.590905756115912518e+05
2.592625805375164200e+05
2.594302293471103476e+05
2.595931679167072871e+05
2.597510335104724800e+05
2.599045851580192102e+05
2.600547306303193618e+05
2.602020902257308480e+05
2.603458007668971259e+05
2.604853295886505803e+05
2.606202974028047174e+05
2.607505319680823595e+05
2.608768086092649901e+05
2.609991771762550343e+05
2.611186911818676163e+05
2.612358982993301470e+05
2.613495982427649433e+05
2.614598463173466735e+05
2.615666886342669604e+05
2.616704643211575749e+05
2.617703321656003827e+05
2.618667901708002610e+05
2.619605584664195194e+05
2.620504652844306547e+05
2.621366991653735167e+05
2.622197153766305419e+05
2.623001500854350743e+05
2.623766048033037223e+05
2.624502127912287833e+05
2.625211908465581946e+05
2.625886745643292088e+05
2.626541122265225858e+05
2.627175099899345660e+05
2.627786704205890419e+05
2.628371781105576083e+05
2.628931980995023623e+05
2.629462942218500539e+05
2.629971835992046981e+05
2.630462253802436171e+05
2.630941886397684575e+05
2.631410622079696623e+05
2.631861644293129211e+05
2.632293092038228060e+05
2.632710550594193628e+05
2.633114869706648751e+05
2.633506662351311534e+05
2.633886908799693338e+05
2.634249928048231523e+05
2.634598585534262820e+05
2.634926347378653591e+05
2.635235124065075652e+05
2.635528476692957338e+05
2.635808121516061365e+05
2.636067770807896741e+05
2.636321614822430420e+05
2.636561727248961106e+05
2.636790765194599517e+05
2.637012994085631799e+05
2.637230683138605673e+05
2.637447154660106753e+05
2.637659633476359304e+05
2.637863311235851143e+05
2.638060407100303564e+05
2.638250568750924431e+05
2.638437365745603456e+05
2.638643657570126234e+05
2.638855958137485432e+05
2.639071120246636565e+05
2.639280328897585860e+05
2.639486038867384777e+05
2.639694799974293564e+05
2.639903384875121992e+05
2.640113597726030275e+05
2.640325016349545331e+05
2.640542856050868286e+05
2.640770625819312409e+05
2.641006188787855790e+05
2.641253896382087842e+05
2.641516029351060279e+05
2.641778411994231865e+05
2.642039522653035820e+05
2.642298831500773085e+05
2.642559548922532122e+05
2.642819276532111107e+05
2.643084998136485228e+05
2.643363399940585368e+05
2.643646480022844626e+05
2.643938497811020352e+05
2.644232962275333120e+05
2.644536507584162173e+05
2.644850449742885539e+05
2.645175879382350831e+05
2.645507633101962274e+05
2.645845427803035127e+05
2.646180966915905010e+05
2.646521686084930552e+05
2.646860671027290518e+05
2.647201799053042778e+05
2.647554195217402885e+05
2.647924648027359508e+05
2.648303749779468635e+05
2.648703724507358856e+05
2.649119545901060919e+05
2.649547670405426179e+05
2.649992034749079030e+05
2.650437933776014252e+05
2.650880924687226070e+05
2.651326776987353223e+05
2.651776783128754469e+05
2.652221625268816715e+05
2.652660484140871558e+05
2.653093165723149432e+05
2.653526380495548947e+05
2.653964016421627020e+05
2.654397886839297134e+05
2.654827448600627831e+05
2.655251482101190486e+05
2.655679442494829418e+05
2.656112730607615667e+05
2.656541496944359387e+05
2.656969519319233368e+05
2.657394550171456649e+05
2.657823012902547489e+05
2.658250996724116267e+05
2.658676811603802489e+05
2.659099535329758073e+05
2.659518436067005969e+05
2.659924928835307364e+05
2.660320951622222201e+05
2.660702168434347841e+05
2.661079406397755956e+05
2.661453071826166124e+05
2.661816740372215281e+05
2.662173454165692674e+05
2.662510922693035100e+05
2.662838429525726242e+05
2.663160975718396949e+05
2.663482444530234789e+05
2.663781206973191584e+05
2.664066414531392511e+05
2.664340477833512705e+05
2.664592027227315702e+05
2.664823431314362679e+05
2.665032063169051544e+05
2.665219338816003874e+05
2.665393700567386695e+05
2.665544119532359182e+05
2.665672604238914209e+05
2.665781753833999392e+05
2.665867228529102867e+05
2.665939107943665003e+05
2.665988166847046814e+05
2.666006592889024178e+05
2.665997940024752752e+05
2.665956503104434814e+05
2.665889814648677129e+05
2.665800923909945413e+05
2.665693969037206261e+05
2.665575629368346999e+05
2.665443135162568069e+05
2.665297102794094244e+05
2.665123717725713504e+05
2.664930517824393464e+05
2.664719190215513227e+05
2.664478293996811262e+05
2.664213308833501069e+05
2.663929589065408800e+05
2.663623970797302900e+05
2.663295347481060890e+05
2.662926843700519530e+05
2.662528811964089400e+05
2.662109813872920349e+05
2.661666266321177827e+05
2.661200255537953344e+05
2.660710332747399807e+05
2.660192416230730014e+05
2.659647263832687750e+05
2.659071266222846461e+05
2.658464063599031069e+05
2.657821634154687636e+05
2.657151259756557411e+05
2.656445103140983265e+05
2.655708477497514104e+05
2.654942523025047849e+05
2.654146497669414384e+05
2.653319313732583541e+05
2.652466712036243989e+05
2.651593292502686963e+05
2.650689278274769313e+05
2.649760281563146855e+05
2.648800040538007743e+05
2.647810524552662391e+05
2.646788307564396528e+05
2.645733132892539143e+05
2.644639386941005359e+05
2.643524803469126928e+05
2.642369949184015859e+05
2.641177673856726033e+05
2.639945694079014938e+05
2.638690290918162209e+05
2.637407290921296226e+05
2.636091425584809040e+05
2.634746918197561754e+05
2.633375268801244092e+05
2.631972302136398503e+05
2.630546856671688729e+05
2.629088798982296721e+05
2.627602523828899721e+05
2.626092065065681818e+05
2.624549400260300608e+05
2.622976531416847720e+05
2.621371363732406171e+05
2.619730208309391746e+05
2.618051442410755553e+05
2.616329653465491137e+05
2.614576586392619938e+05
2.612784520451481512e+05
2.610957563317642489e+05
2.609096291179472464e+05
2.607204057351264637e+05
2.605277315999213897e+05
2.603311863749408512e+05
2.601308753637120244e+05
2.599280592463914654e+05
2.597234182022247696e+05
2.595160929564371472e+05
2.593059308433041151e+05
2.590920397346977843e+05
2.588754945024412009e+05
2.586562889677646453e+05
2.584350585671379522e+05
2.582116888493777369e+05
2.579850518428901851e+05
2.577555268577093666e+05
2.575228783863312274e+05
2.572876056841227110e+05
2.570494988764071895e+05
2.568074388814973354e+05
2.565617542820672097e+05
2.563137245760587102e+05
2.560631116271486389e+05
2.558096372548884829e+05
2.555538328963177628e+05
2.552950293035697832e+05
2.550330901358940755e+05
2.547689350021159335e+05
2.545015062985490367e+05
2.542313677303479926e+05
2.539591300502917147e+05
2.536858927962633607e+05
2.534106506986231252e+05
2.531319739121159655e+05
2.528500835384030070e+05
2.525663726305182790e+05
2.522806797172442893e+05
2.519929090314783971e+05
2.517019944511968642e+05
2.514081256698708457e+05
2.511117300349384313e+05
2.508128642672321876e+05
2.505104368964378373e+05
2.502049481164868921e+05
2.498973376568362291e+05
2.495869146951152652e+05
2.492732323735182581e+05
2.489564755100187904e+05
2.486373998737294169e+05
2.483158389196825447e+05
2.479911654345186835e+05
2.476642433167871786e+05
2.473344894495638728e+05
2.470020409184193995e+05
2.466676748622955638e+05
2.463303054995122948e+05
2.459895694604938326e+05
2.456464566226316092e+05
2.453013326586005860e+05
2.449539535677435342e+05
2.446047541412546707e+05
2.442537504337934079e+05
2.439005200688012701e+05
2.435448813963102002e+05
2.431865391021410469e+05
2.428263000287284376e+05
2.424643471384036529e+05
2.421001216498224821e+05
2.417343508401827421e+05
2.413668042229915154e+05
2.409971332790145534e+05
2.406245958122195443e+05
2.402494921332147205e+05
2.398728863374305074e+05
2.394939564021299302e+05
2.391138888524705835e+05
2.387328683162950911e+05
2.383506689402272168e+05
2.379677282382841222e+05
2.375829159329079557e+05
2.371964536260425812e+05
2.368080082764789113e+05
2.364176365510206087e+05
2.360254527326152602e+05
2.356320921528896142e+05
2.352376880652256659e+05
2.348415677388010954e+05
2.344434612187313614e+05
2.340438265365349362e+05
2.336419871125309146e+05
2.332374245127589966e+05
2.328310154627034208e+05
2.324230129021561588e+05
2.320137927313245600e+05
2.316023328072783770e+05
2.311901339003324683e+05
2.307766636118136230e+05
2.303618619618208322e+05
2.299451733487459423e+05
2.295265741460641148e+05
2.291077786742745375e+05
2.286877705362471752e+05
2.282661843636956473e+05
2.278436063703270047e+05
2.274187996357463708e+05
2.269919374260025797e+05
2.265641049085698614e+05
2.261343917852879385e+05
2.257030343843207520e+05
2.252710572790921142e+05
2.248378000703223224e+05
2.244035837689194595e+05
2.239673167266175733e+05
2.235300896143561695e+05
2.230908473352091678e+05
2.226502196696706815e+05
2.222083927216754819e+05
2.217656113199117826e+05
2.213222915651827061e+05
2.208778052096000756e+05
2.204328580924409907e+05
2.199876559769492014e+05
2.195416562413079373e+05
2.190945002204687626e+05
2.186470445375047275e+05
2.181989706063264457e+05
2.177491031477948127e+05
2.172976183301076817e+05
2.168452144880198175e+05
2.163929395377075707e+05
2.159396518936519569e+05
2.154850036860229447e+05
2.150296373288758623e+05
2.145738831082153192e+05
2.141176027778413263e+05
2.136612297521192813e+05
2.132034529619774257e+05
2.127450095543023490e+05
2.122861277431812196e+05
2.118263337525187526e+05
2.113654675808260217e+05
2.109038217890312953e+05
2.104418896657580626e+05
2.099791865223787026e+05
2.095156534493766376e+05
2.090501994413378125e+05
2.085829099764722050e+05
2.081141126923155098e+05
2.076452123008854687e+05
2.071760037569041888e+05
2.067056371393903974e+05
2.062343714124313265e+05
2.057620148474501912e+05
2.052883923725181958e+05
2.048147441792529135e+05
2.043407981308194867e+05
2.038663716266495467e+05
2.033903322300916188e+05
2.029137145933448628e+05
2.024358778565254761e+05
2.019570412240195728e+05
2.014779087462742464e+05
2.009989815841758682e+05
2.005203215391634149e+05
2.000421015328579233e+05
1.995647922893059440e+05
1.990873790005948395e+05
1.986095926642009290e+05
1.981324024136522785e+05
1.976543075059819384e+05
1.971756473867369641e+05
1.966977811235843401e+05
1.962192366116769263e+05
1.957400606721711811e+05
1.952616620863806165e+05
1.947839205038845248e+05
1.943056701207141741e+05
1.938286071731437114e+05
1.933513795009660826e+05
1.928743500093253679e+05
1.923971896974492411e+05
1.919197590529185254e+05
1.914415398759265954e+05
1.909626706617687305e+05
1.904832195744694618e+05
1.900028315936712606e+05
1.895222822189970466e+05
1.890415713732828153e+05
1.885601324267629534e+05
1.880788701678682410e+05
1.875977195238186687e+05
1.871169086146871559e+05
1.866365357501219260e+05
1.861563018494086864e+05
1.856758394089623180e+05
1.851958002672888397e+05
1.847162932306401490e+05
1.842366415273222956e+05
1.837568218447663530e+05
1.832776957590575621e+05
1.827982307384756277e+05
1.823189125773249543e+05
1.818396511359823926e+05
1.813598201985550404e+05
1.808797247433315497e+05
1.803997633954671619e+05
1.799202152840923809e+05
1.794408750009077485e+05
1.789618024920266762e+05
1.784824330420969054e+05
1.780037227333759074e+05
1.775256571916218963e+05
1.770480290350439900e+05
1.765711895483520639e+05
1.760947095137303113e+05
1.756180350751777878e+05
1.751418651788170682e+05
1.746658848625922110e+05
1.741907157058953599e+05
1.737161424535639235e+05
1.732419827244152839e+05
1.727686478874626046e+05
1.722959918422556948e+05
1.718248039347385347e+05
1.713545535948965990e+05
1.708847534540507768e+05
1.704146589812797611e+05
1.699452201500511437e+05
1.694761907634349191e+05
1.690067517975778028e+05
1.685371073828646913e+05
1.680670755899970536e+05
1.675968723093795998e+05
1.671269989382537024e+05
1.666583066487858887e+05
1.661909708651628753e+05
1.657244541246359004e+05
1.652575549706534366e+05
1.647902380578900338e+05
1.643236179751942691e+05
1.638574632070902153e+05
1.633920222328297677e+05
1.629275254458832496e+05
1.624638731202739582e+05
1.619998815623379487e+05
1.615363933893901121e+05
1.610733126950287260e+05
1.606110185037816991e+05
1.601494020075987501e+05
1.596893651142497838e+05
1.592299483687149477e+05
1.587712799289236427e+05
1.583126393507036264e+05
1.578538881222303025e+05
1.573950784653128940e+05
1.569367112402442144e+05
1.564788928814086830e+05
1.560216283750529983e+05
1.555649888046555279e+05
1.551091095943640103e+05
1.546539592929692590e+05
1.541991629794299079e+05
1.537453006157147465e+05
1.532924313838085218e+05
1.528395322644447151e+05
1.523872203168330889e+05
1.519352137195013056e+05
1.514840218241786934e+05
1.510330379971629009e+05
1.505826528299107740e+05
1.501319219406811753e+05
1.496810392131455592e+05
1.492310055869795324e+05
1.487813143132563564e+05
1.483317029141676612e+05
1.478823307643528678e+05
1.474340081925667764e+05
1.469862309577913838e+05
1.465394839327401423e+05
1.460931984941264673e+05
1.456480733655464719e+05
1.452045196855821705e+05
1.447621289005464932e+05
1.443204690485507017e+05
1.438799882189189375e+05
1.434405020362099458e+05
1.430021195191095758e+05
1.425650320829068369e+05
1.421289073849161505e+05
1.416940694110565528e+05
1.412602741579722497e+05
1.408275084402575158e+05
1.403954148373987991e+05
1.399645468137047719e+05
1.395349114027881005e+05
1.391063357288863626e+05
1.386788789319274074e+05
1.382532593582607806e+05
1.378285900078656850e+05
1.374046246297376056e+05
1.369824173206014966e+05
1.365624611095628934e+05
1.361443890462249401e+05
1.357276082277396636e+05
1.353121068641532038e+05
1.348973039948537771e+05
1.344838408695140097e+05
1.340715955299300258e+05
1.336611747209377936e+05
1.332531318034169090e+05
1.328471356130276399e+05
1.324430775325946452e+05
1.320413854461690644e+05
1.316421139990693482e+05
1.312442982855428127e+05
1.308487538256132102e+05
1.304555748507523967e+05
1.300649655649694032e+05
1.296761667174164904e+05
1.292897669381132000e+05
1.289058106840836699e+05
1.285245001383161580e+05
1.281455280168533645e+05
1.277684429980398854e+05
1.273939616082893190e+05
1.270223674310246133e+05
1.266531335111193184e+05
1.262860328580333444e+05
1.259218773647741327e+05
1.255600576433679817e+05
1.252011888634054048e+05
1.248445461554863723e+05
1.244900748876040161e+05
1.241383041842560488e+05
1.237895916797354294e+05
1.234436116306074255e+05
1.231009762598683883e+05
1.227615890085917345e+05
1.224254749814757961e+05
1.220927040611629345e+05
1.217628775089723204e+05
1.214360632455780578e+05
1.211121599705982808e+05
1.207911773026181763e+05
1.204730643294072797e+05
1.201577480927129218e+05
1.198458452097698464e+05
1.195376437646734266e+05
1.192330279975572776e+05
1.189311132793837460e+05
1.186315222582384886e+05
1.183349233013907360e+05
1.180410461746717483e+05
1.177497391716540151e+05
1.174618289091658226e+05
1.171775446963841969e+05
1.168968172641670681e+05
1.166196819252068817e+05
1.163464586355050706e+05
1.160771060604300728e+05
1.158114185806994210e+05
1.155494215335590416e+05
1.152913040938174381e+05
1.150374629664678214e+05
1.147868991369691503e+05
1.145401133361888787e+05
1.142971679818544653e+05
1.140585133255061228e+05
1.138240707491428620e+05
1.135934096700226510e+05
1.133667798344063194e+05
1.131434595184964419e+05
1.129236160604002362e+05
1.127074481511592603e+05
1.124949713183455169e+05
1.122870911772982799e+05
1.120826984089954058e+05
1.118813996055213065e+05
1.116837562892340793e+05
1.114899733717893396e+05
1.113002424088931584e+05
1.111145274910785520e+05
1.109332788826198666e+05
1.107560193744034041e+05
1.105825183448468306e+05
1.104132123070605885e+05
1.102484740987204423e+05
1.100875509503233188e+05
1.099304631796328613e+05
1.097774334883804549e+05
1.096279166620929609e+05
1.094819574177306349e+05
1.093394520597001683e+05
1.092010880952925945e+05
1.090673619321152073e+05
1.089376232025264471e+05
1.088122432696848700e+05
1.086918383409302478e+05
1.085759260841245559e+05
1.084634467283038248e+05
1.083550826771802676e+05
1.082511932653283584e+05
1.081513725179862522e+05
1.080556944637851557e+05
1.079641312451937119e+05
1.078770489979162085e+05
1.077938069934677915e+05
1.077149435347034305e+05
1.076398138290797215e+05
1.075682247992906923e+05
1.075013612830098136e+05
1.074390208593988937e+05
1.073807463267729181e+05
1.073263830936468585e+05
1.072755876061080489e+05
1.072282434900040680e+05
1.071844964960036450e+05
1.071446557032970595e+05
1.071089047865471075e+05
1.070770157203731942e+05
1.070489235481139185e+05
1.070247391689410870e+05
1.070041262735101627e+05
1.069872705171300040e+05
1.069741135494534828e+05
1.069646553419931151e+05
1.069582581610286434e+05
1.069558870273621578e+05
1.069572927335273125e+05
1.069619683016389172e+05
1.069693544979442813e+05
1.069797930817913730e+05
1.069940138567500107e+05
1.070119909214448708e+05
1.070330388278887112e+05
1.070574686195327668e+05
1.070857694589452294e+05
1.071174224504821468e+05
1.071521819074633386e+05
1.071901589843364491e+05
1.072317225680343836e+05
1.072770595489696134e+05
1.073255152902035770e+05
1.073770490786527080e+05
1.074318017050256603e+05
1.074890272330383450e+05
1.075492166559023026e+05
1.076128770336798771e+05
1.076792519126663246e+05
1.077488101980064093e+05
1.078213209037052002e+05
1.078965526087411126e+05
1.079745269990429224e+05
1.080551259298100194e+05
1.081380356747559999e+05
1.082229047665300313e+05
1.083095284288045950e+05
1.083982637044782168e+05
1.084887304537977761e+05
1.085809716576697538e+05
1.086750874011697015e+05
1.087711366171503032e+05
1.088690631245877012e+05
1.089687304059546586e+05
1.090699495555615576e+05
1.091725608876087936e+05
1.092766850214820734e+05
1.093824188494147820e+05
1.094901714203570737e+05
1.095991295520943386e+05
1.097092619531587989e+05
1.098202308592609334e+05
1.099325736981961818e+05
1.100458684198697156e+05
1.101602135190961417e+05
1.102752666453102429e+05
1.103911140015070850e+05
1.105073964829234465e+05
1.106245246191502811e+05
1.107421046880323265e+05
1.108602322697686759e+05
1.109787399923398771e+05
1.110977811513487977e+05
1.112171772564263229e+05
1.113369092148067430e+05
1.114565718219755800e+05
1.115763931778986444e+05
1.116966676857972925e+05
1.118168002327701834e+05
1.119366169205778133e+05
1.120561555731915723e+05
1.121756908203169151e+05
1.122955902313908446e+05
1.124152231884941430e+05
1.125343491388063121e+05
1.126530162234439631e+05
1.127710049979986943e+05
1.128885960391167318e+05
1.130057299480966176e+05
1.131228907236954692e+05
1.132396255816855992e+05
1.133560088748697162e+05
1.134718730774154828e+05
1.135873072409986635e+05
1.137023652996782912e+05
1.138169799950279994e+05
1.139311027214676433e+05
1.140442226281369512e+05
1.141565331753611244e+05
1.142679293474644510e+05
1.143781326918288833e+05
1.144871666775423218e+05
1.145952211653138365e+05
1.147022934736327734e+05
1.148084050172343850e+05
1.149134489647945011e+05
1.150170658550662483e+05
1.151196091935360746e+05
1.152207733157215407e+05
1.153203325850343972e+05
1.154186972690164839e+05
1.155163812534989847e+05
1.156123376307965227e+05
1.157065276011854439e+05
