2.290904888452893065e+05
2.298810078923281981e+05
2.306753743409675662e+05
2.314803758696111327e+05
2.322867587337003788e+05
2.330997944950895035e+05
2.339162427057619207e+05
2.347350881274149287e+05
2.355509755736948573e+05
2.363639543338541989e+05
2.371791779822710669e+05
2.379963178682078724e+05
2.388138499272839399e+05
2.396289865538609738e+05
2.404414617154586012e+05
2.412532177959562687e+05
2.420642999380894471e+05
2.428753250126371859e+05
2.436960025169022847e+05
2.445191405379009375e+05
2.453438518210483016e+05
2.461734103409004747e+05
2.470084988308480824e+05
2.478420892535827006e+05
2.486680148317977146e+05
2.494890693283000146e+05
2.503091906595706241e+05
2.511266313368591946e+05
2.519487843020077562e+05
2.527671884616830503e+05
2.535876465333079977e+05
2.544061777630858705e+05
2.552241000185999437e+05
2.560408597326503368e+05
2.568593395396572887e+05
2.576762524593558628e+05
2.584932371487960336e+05
2.593085733557361527e+05
2.601215650495854788e+05
2.609328833928884997e+05
2.617406464840109111e+05
2.625448513891062466e+05
2.633460268939164234e+05
2.641448120151776820e+05
2.649453979287087568e+05
2.657453408330504899e+05
2.665446515321971383e+05
2.673434764292749460e+05
2.681470719303494552e+05
2.689467343504568562e+05
2.697526999547870946e+05
2.705610482072379091e+05
2.713763823975891573e+05
2.721962829108306905e+05
2.730143439785531373e+05
2.738303256837830413e+05
2.746465095925903297e+05
2.754607090952539584e+05
2.762680800061672344e+05
2.770694660675529740e+05
2.778643162325851736e+05
2.786601625180230476e+05
2.794553798595866538e+05
2.802493702778043807e+05
2.810363823880287819e+05
2.818143317709197290e+05
2.825816670217320789e+05
2.833431419480490731e+05
2.840952308612311026e+05
2.848424636409007362e+05
2.855838763795359409e+05
2.863254597665064503e+05
2.870707912656040862e+05
2.878075205450627836e+05
2.885342006864538416e+05
2.892625241249544779e+05
2.899993875573693076e+05
2.907431193375734147e+05
2.914895520736722974e+05
2.922339120671541314e+05
2.929711773194279522e+05
2.937089023911479744e+05
2.944461806526168366e+05
2.951803938163511921e+05
2.959076117503473070e+05
2.966310901418032008e+05
2.973505087597395177e+05
2.980692826534852502e+05
2.987837627603284200e+05
2.994929514127160073e+05
3.001971500073650386e+05
3.009031641626307392e+05
3.016064807721757679e+05
3.023120419420343242e+05
3.030177728714607656e+05
3.037233975325445645e+05
3.044281823075058055e+05
3.051332759404079989e+05
3.058364503212668351e+05
3.065311522675378947e+05
3.072157884850163246e+05
3.078957227324988926e+05
3.085661784317196580e+05
3.092323843549522571e+05
3.098946822262055939e+05
3.105480694576604874e+05
3.112012697137711220e+05
3.118539631462846301e+05
3.124998457358187879e+05
3.131455265117739327e+05
3.137844923734035692e+05
3.144188755282212514e+05
3.150490590172560187e+05
3.156814312381602358e+05
3.163116825050872867e+05
3.169437944168366375e+05
3.175757489000140922e+05
3.181996038751689484e+05
3.188178133965170709e+05
3.194373664747406729e+05
3.200619635131827672e+05
3.206809553608321003e+05
3.212976015423203935e+05
3.219055725182014285e+05
3.225101198445835034e+05
3.231154185286585707e+05
3.237170958215702558e+05
3.243115596556323580e+05
3.249070316590510192e+05
3.254942842340793577e+05
3.260693176216895226e+05
3.266404183497208869e+05
3.272147209393640514e+05
3.277910282851193333e+05
3.283570627652641851e+05
3.289185261590385344e+05
3.294781223482833011e+05
3.300305717530711554e+05
3.305838798479926772e+05
3.311252467655857326e+05
3.316559250210987520e+05
3.321871885520910728e+05
3.327205866604075418e+05
3.332473719804235734e+05
3.337665332996388897e+05
3.342743259232522687e+05
3.347849489710414782e+05
3.352906344984520692e+05
3.357881430029962212e+05
3.362735829258675221e+05
3.367494598113758257e+05
3.372192403990791063e+05
3.376796609576884657e+05
3.381273467253262643e+05
3.385716561505587306e+05
3.390115395516376593e+05
3.394453631985227694e+05
3.398765777150396607e+05
3.403098496266455622e+05
3.407427124559633085e+05
3.411684328939786064e+05
3.415820359121467336e+05
3.419940710527220508e+05
3.424017499189598020e+05
3.428032679795043077e+05
3.432033490146473050e+05
3.435983052982566878e+05
3.439896982744457200e+05
3.443755802674361621e+05
3.447589155296181561e+05
3.451256737689886359e+05
3.454876591707572225e+05
3.458445791902104393e+05
3.461963751034035813e+05
3.465449821356946486e+05
3.468911296613538871e+05
3.472341555047509610e+05
3.475736807926267502e+05
3.479210942459172220e+05
3.482754334299800685e+05
3.486317253466467373e+05
3.489804424823789741e+05
3.493129222222898388e+05
3.496435939626920153e+05
3.499752894817508059e+05
3.503031533116450300e+05
3.506219344309723238e+05
3.509409176626697881e+05
3.512581692827973748e+05
3.515608037813507253e+05
3.518618836563276709e+05
3.521609124266793951e+05
3.524577177084757714e+05
3.527538634854326956e+05
3.530501508739833953e+05
3.533448835489844205e+05
3.536304364087933209e+05
3.539028886364633217e+05
3.541682511577710393e+05
3.544281438732162351e+05
3.546866766585084843e+05
3.549512395227102097e+05
3.552234543963323813e+05
3.554975897276223986e+05
3.557751789717015927e+05
3.560538045204334776e+05
3.563286641462571570e+05
3.565971598614214454e+05
3.568629227448559250e+05
3.571314466013708152e+05
3.574040128255752497e+05
3.576714383505847072e+05
3.579319397965405951e+05
3.581880156804464641e+05
3.584374008955727913e+05
3.586783266676712083e+05
3.589197401084044250e+05
3.591616502492104191e+05
3.594004115437639412e+05
3.596363653311711387e+05
3.598698518574857735e+05
3.601055101772082271e+05
3.603386771460203454e+05
3.605730518543376820e+05
3.608043422305679414e+05
3.610245693628197187e+05
3.612347840478322469e+05
3.614339104912334587e+05
3.616318687636405812e+05
3.618247117417118861e+05
3.620095937088162173e+05
3.621896823071168037e+05
3.623608118816336500e+05
3.625296660869155312e+05
3.626923267654104857e+05
3.628447351405136869e+05
3.629826907136738300e+05
3.631169794666894013e+05
3.632462398243549978e+05
3.633674538983377861e+05
3.634826540583860478e+05
3.635859722407032386e+05
3.636720752571137273e+05
3.637530270748567418e+05
3.638340565136396326e+05
3.639121464951390517e+05
3.639814411052855430e+05
3.640466785804844112e+05
3.641167464673010982e+05
3.641912616772567853e+05
3.642637974371985765e+05
3.643223620417239727e+05
3.643725110921631567e+05
3.644146298367775744e+05
3.644459287196186488e+05
3.644668830182518577e+05
3.644790378632393549e+05
3.644796992648318410e+05
3.644677178844748996e+05
3.644561595881992253e+05
3.644320808499096893e+05
3.643911591259306297e+05
3.643361486215406330e+05
3.642655144259484950e+05
3.641846638336149044e+05
3.641017837018241407e+05
3.640179362393071060e+05
3.639269357369722566e+05
3.638283190188626177e+05
3.637213083604126005e+05
3.636145574526790879e+05
3.635006382756493986e+05
3.633843275582186179e+05
3.632596046324463096e+05
3.631222242755125626e+05
3.629822051228370983e+05
3.628400601926568779e+05
3.626912998356474563e+05
3.625279748272429570e+05
3.623588847679877654e+05
3.621926063697431819e+05
3.620220595837618457e+05
3.618362894175192923e+05
3.616408891446680645e+05
3.614365511100248550e+05
3.612237768159892294e+05
3.610035624321554787e+05
3.607790644925644156e+05
3.605527802695441060e+05
3.603247626290549524e+05
3.600939646543529816e+05
3.598505401660438511e+05
3.595972212390321074e+05
3.593393035954684019e+05
3.590717146707513020e+05
3.588007332698017126e+05
3.585218866265997058e+05
3.582306090383247356e+05
3.579279382301164442e+05
3.576117693158771144e+05
3.572897684594769380e+05
3.569654884732312639e+05
3.566419258567778161e+05
3.563173103244740632e+05
3.559912610049693612e+05
3.556616492423724849e+05
3.553293026637371513e+05
3.549957981186863617e+05
3.546629284597829683e+05
3.543277457642253721e+05
3.539824159275369020e+05
3.536276074951770133e+05
3.532676809678771533e+05
3.528983909414745867e+05
3.525261699267502408e+05
3.521543844368656864e+05
3.517722151176110492e+05
3.513824596714139916e+05
3.509826441217002575e+05
3.505747974016272346e+05
3.501580090221986175e+05
3.497353486269694986e+05
3.493133615853891824e+05
3.488809749197678175e+05
3.484447842809510184e+05
3.480144115468593081e+05
3.475746725935302093e+05
3.471283193670609035e+05
3.466887256677732803e+05
3.462531010994476383e+05
3.458107088505907450e+05
3.453622071505460190e+05
3.449130542624257505e+05
3.444593149397136294e+05
3.439945887893324252e+05
3.435265919665226247e+05
3.430670637639785418e+05
3.426100658027964528e+05
3.421509223751872778e+05
3.416913810363501543e+05
3.412267637693999568e+05
3.407604021001741639e+05
3.402908123111503664e+05
3.398162514112869394e+05
3.393338966869015712e+05
3.388482237470152322e+05
3.383692979538991349e+05
3.378986019082706771e+05
3.374189806518184487e+05
3.369404944855240174e+05
3.364567072384066414e+05
3.359621689047454274e+05
3.354559753244371968e+05
3.349356478184571024e+05
3.344066465966245160e+05
3.338819024224376190e+05
3.333681214329772629e+05
3.328613790760063566e+05
3.323530149302189820e+05
3.318436739587124321e+05
3.313241539936813642e+05
3.307907542336144834e+05
3.302589436223811354e+05
3.297190905327639775e+05
3.291724464676778298e+05
3.286250302479694365e+05
3.280685777910265024e+05
3.275119668255397119e+05
3.269509304652410792e+05
3.263890542111623799e+05
3.258282768180771964e+05
3.252645932723280275e+05
3.247024814654980437e+05
3.241404072143574595e+05
3.235716253925237106e+05
3.229946464958550641e+05
3.224118850695079891e+05
3.218248214073377894e+05
3.212315761250405922e+05
3.206247117375123780e+05
3.200120375122617697e+05
3.193954133009325597e+05
3.187787873612098047e+05
3.181658124010531465e+05
3.175449343761496712e+05
3.169184497956773266e+05
3.162897798142094980e+05
3.156504459965314018e+05
3.150040581877508666e+05
3.143517083976519061e+05
3.136978086170864990e+05
3.130417521946990164e+05
3.123844987769775325e+05
3.117217066553641343e+05
3.110529012147965841e+05
3.103803829607868684e+05
3.097072850536787300e+05
3.090378471641800134e+05
3.083596244520646287e+05
3.076823463337917347e+05
3.069982704172604135e+05
3.063054268721317057e+05
3.056066148812930332e+05
3.049009151613959693e+05
3.041944690404435387e+05
3.034815754018580192e+05
3.027684764765928267e+05
3.020488600712988409e+05
3.013246218703135382e+05
3.005939400134822354e+05
2.998574274446425843e+05
2.991150556445810362e+05
2.983715047999075032e+05
2.976271467534898547e+05
2.968829117110249936e+05
2.961294324758494622e+05
2.953710048981324071e+05
2.946223666605619364e+05
2.938728162308097235e+05
2.931183103948393837e+05
2.923617519498224719e+05
2.915993273236210225e+05
2.908329954460210865e+05
2.900599399962506141e+05
2.892869038905818015e+05
2.885208481304980814e+05
2.877529372784552397e+05
2.869764603376860614e+05
2.862086720258012065e+05
2.854399102601519553e+05
2.846672674916781834e+05
2.838917724730884656e+05
2.831157174133770168e+05
2.823359497553579276e+05
2.815609797402177355e+05
2.807901791997349937e+05
2.800199015948488959e+05
2.792523223995375447e+05
2.784779859263075632e+05
2.777030680537629523e+05
2.769251673261353280e+05
2.761454827456190251e+05
2.753617874985930976e+05
2.745754318799830507e+05
2.737832794016808039e+05
2.729814363589588320e+05
2.721783905677359435e+05
2.713749770163458306e+05
2.705654797636682633e+05
2.697544187920039985e+05
2.689394741251237574e+05
2.681251840792683070e+05
2.673067714362822589e+05
2.664866684312109137e+05
2.656694772389915888e+05
2.648587244991372572e+05
2.640528453783032019e+05
2.632447299102548277e+05
2.624350048836769420e+05
2.616244830555007793e+05
2.608137123267326970e+05
2.600044537270062428e+05
2.591974653319528443e+05
2.583921033832104295e+05
2.575896508605807612e+05
2.567856186741385027e+05
2.559766271916573169e+05
2.551668193669930333e+05
2.543629839279986336e+05
2.535635732152109267e+05
2.527673418882737460e+05
2.519731825689745310e+05
2.511859595691342256e+05
2.503974473343162099e+05
2.496063700283746293e+05
2.488102037025716563e+05
2.480031134625792620e+05
2.471882894454892958e+05
2.463753377829215606e+05
2.455687234931346320e+05
2.447670345057405066e+05
2.439612928086769534e+05
2.431527143002973171e+05
2.423411661684990395e+05
2.415317988142714894e+05
2.407220075155021332e+05
2.399138872491161746e+05
2.391083254499837058e+05
2.383006683680823189e+05
2.374973954711024999e+05
2.366999887185734115e+05
2.359028055506144301e+05
2.351056384548915084e+05
2.343100626365509816e+05
2.335191048198912758e+05
2.327350128156201681e+05
2.319572182400423626e+05
2.311801997525873012e+05
2.304012464263505535e+05
2.296221591931379517e+05
2.288448265604988555e+05
2.280764192941665533e+05
2.273072480836911709e+05
2.265371531819177908e+05
2.257669609654277156e+05
2.249953075823555992e+05
2.242284400419429294e+05
2.234618658491631795e+05
2.226965920882906939e+05
2.219331202707795019e+05
2.211684679217206431e+05
2.203995202091631363e+05
2.196277712844002526e+05
2.188570388275694859e+05
2.180926117115180241e+05
2.173292996872420190e+05
2.165708108647851041e+05
2.158146622550162429e+05
2.150625091734894377e+05
2.143120229096483963e+05
2.135596783709005103e+05
2.128082378195650817e+05
2.120569494741272938e+05
2.113021075605581864e+05
2.105484755315954390e+05
2.097972056670252641e+05
2.090517833474228974e+05
2.083102335472218110e+05
2.075698209314819542e+05
2.068316494079727272e+05
2.060943901955902693e+05
2.053599612893294252e+05
2.046253340956188913e+05
2.038886832970426476e+05
2.031536555832463782e+05
2.024170489101220737e+05
2.016862905636077048e+05
2.009547402194064343e+05
2.002233017050514463e+05
1.994918846814970602e+05
1.987624280160469643e+05
1.980359722192558402e+05
1.973078542475130525e+05
1.965773239387428039e+05
1.958485732518433942e+05
1.951209558385221171e+05
1.943927743924435053e+05
1.936642109063360549e+05
1.929385821064187621e+05
1.922136017670435249e+05
1.914862186520853429e+05
1.907551243324947427e+05
1.900237735243311618e+05
1.892912332481304475e+05
1.885600547171047947e+05
1.878283885254079651e+05
1.871000718269367353e+05
1.863743613308344502e+05
1.856504300965145521e+05
1.849306674343016930e+05
1.842157844511387520e+05
1.835056098618877877e+05
1.827975927104523580e+05
1.820891150537800859e+05
1.813793789809300215e+05
1.806761156755987322e+05
1.799702421102701046e+05
1.792655607069728430e+05
1.785595671435291588e+05
1.778547419832668093e+05
1.771524378487973881e+05
1.764505565840426716e+05
1.757495516712929821e+05
1.750529726795560855e+05
1.743591560342004523e+05
1.736692665398470126e+05
1.729803314476346422e+05
1.722907297989929211e+05
1.716032145193255856e+05
1.709166094290781766e+05
1.702357140049989102e+05
1.695569993342356465e+05
1.688820259409704886e+05
1.682141203008024313e+05
1.675499680510096368e+05
1.668890130736383726e+05
1.662290223477172549e+05
1.655716450778660947e+05
1.649166108524581941e+05
1.642629104554680816e+05
1.636119976548202976e+05
1.629625748672305490e+05
1.623177783620676782e+05
1.616781941004364635e+05
1.610455050420931948e+05
1.604173115875332442e+05
1.597935426872825483e+05
1.591718753314834903e+05
1.585519339046092937e+05
1.579342973072494497e+05
1.573174524728808028e+05
1.567022663309664058e+05
1.560890922712109168e+05
1.554771993691535899e+05
1.548699492848786758e+05
1.542668835020834522e+05
1.536695185029894055e+05
1.530758803926335822e+05
1.524859384284119005e+05
1.519017224157509045e+05
1.513210953897484578e+05
1.507431929188120412e+05
1.501660466271181358e+05
1.495921621936670854e+05
1.490212866944854904e+05
1.484536740541887411e+05
1.478894775999913691e+05
1.473271161472352105e+05
1.467699808522318490e+05
1.462158542627500137e+05
1.456677960069737164e+05
1.451241732988339500e+05
1.445843238235492026e+05
1.440499580048848293e+05
1.435170474821266544e+05
1.429855752183009172e+05
1.424592839152571687e+05
1.419361576838141482e+05
1.414127289979793422e+05
1.408895085952064837e+05
1.403699685269452457e+05
1.398581667242812109e+05
1.393510083767528995e+05
1.388449262138684280e+05
1.383404514306207420e+05
1.378401268411308411e+05
1.373426839863893401e+05
1.368488064219561056e+05
1.363581353994599194e+05
1.358713924263191875e+05
1.353869506635759608e+05
1.349057465568245098e+05
1.344303309824851749e+05
1.339585553932856419e+05
1.334898221922280791e+05
1.330237711096123967e+05
1.325604468096130877e+05
1.321032988773796242e+05
1.316537166520919709e+05
1.312092466461881995e+05
1.307666570127212035e+05
1.303289764791706548e+05
1.298948471747321310e+05
1.294644373157784139e+05
1.290376075764090347e+05
1.286143629166403116e+05
1.281982816508585238e+05
1.277846729901264189e+05
1.273731287189985451e+05
1.269638681183059962e+05
1.265563636737079360e+05
1.261521624974779261e+05
1.257517793084963923e+05
1.253570367669469269e+05
1.249705455645342590e+05
1.245884008164248662e+05
1.242088800239946577e+05
1.238336193106887367e+05
1.234604885647212795e+05
1.230913008628299576e+05
1.227271009906092950e+05
1.223670165471536166e+05
1.220110949058746046e+05
1.216617338105454983e+05
1.213153666156614490e+05
1.209742249699090607e+05
1.206395360474807676e+05
1.203096011521815090e+05
1.199865931935401895e+05
1.196690062684792647e+05
1.193569316573211690e+05
1.190502774468016287e+05
1.187492227823938447e+05
1.184513708417581365e+05
1.181591751387748227e+05
1.178706102866805886e+05
1.175865916154232982e+05
1.173067146214991080e+05
1.170303708933030575e+05
1.167570028248977032e+05
1.164874389683078625e+05
1.162239444229640503e+05
1.159660830218908959e+05
1.157111336157135956e+05
1.154592916486279719e+05
1.152103636326551205e+05
1.149633816522357665e+05
1.147207000911171926e+05
1.144882645895940368e+05
1.142619555356427445e+05
1.140417210908433481e+05
1.138252983551282086e+05
1.136129631095982477e+05
1.134053137312038743e+05
1.132035643750338932e+05
1.130068055739328120e+05
1.128169164571446599e+05
1.126322513503304654e+05
1.124528388974019908e+05
1.122785419127123459e+05
1.121081132377491740e+05
1.119415538209444785e+05
1.117786077826058172e+05
1.116209568837162224e+05
1.114674610936613608e+05
1.113178609547089727e+05
1.111727371476837579e+05
1.110323281819953118e+05
1.108945386410448700e+05
1.107619521437641233e+05
1.106322869190917118e+05
1.105077709557386261e+05
1.103878910327233025e+05
1.102739392875376943e+05
1.101659065824898717e+05
1.100613675349745899e+05
1.099591157811390731e+05
1.098612855451974465e+05
1.097686919953820470e+05
1.096821993820259813e+05
1.096008551019772422e+05
1.095242505078749091e+05
1.094508361716278596e+05
1.093809560420031339e+05
1.093156137361442234e+05
1.092544121235269995e+05
1.091975028296161618e+05
1.091461556816592056e+05
1.091015919982655032e+05
1.090605520670074911e+05
1.090251136870199407e+05
1.089950088027017773e+05
1.089699186835593864e+05
1.089496045015972632e+05
1.089318300623694377e+05
1.089155879141702899e+05
1.089023252192589280e+05
1.088940746054720948e+05
1.088891604595877870e+05
1.088882353822635923e+05
1.088904544132670853e+05
1.088967488752560166e+05
1.089059589844084257e+05
1.089198280175889522e+05
1.089415582235653856e+05
1.089683283348672121e+05
1.089984820406640356e+05
1.090330209460546612e+05
1.090710052155656886e+05
1.091135650576850167e+05
1.091614033833115827e+05
1.092144276221268665e+05
1.092729919288288220e+05
1.093364208364767255e+05
1.094048067846811027e+05
1.094776852387174295e+05
1.095530384634063375e+05
1.096317589395243122e+05
1.097137875532552280e+05
1.098001584764668369e+05
1.098891621376513067e+05
1.099821178105183062e+05
1.100792720116245764e+05
1.101794209180072503e+05
1.102822116475884977e+05
1.103878037442476052e+05
1.104981906951445853e+05
1.106140960145023128e+05
1.107344647582719917e+05
1.108596849925870483e+05
1.109890280646797328e+05
1.111223936019107350e+05
1.112627314059418131e+05
1.114070178641785315e+05
1.115591577255325974e+05
1.117165525850147242e+05
1.118776962552505283e+05
1.120424939116404712e+05
1.122112926932638802e+05
1.123827311143139523e+05
1.125583133807606355e+05
1.127394444029911247e+05
1.129266535863277095e+05
1.131181818684916361e+05
1.133148606202822557e+05
1.135135018042217998e+05
1.137151246135758265e+05
1.139202989276471344e+05
1.141279387565412471e+05
1.143382898849030316e+05
1.145519605265011924e+05
1.147713572466132464e+05
1.149959480833044072e+05
1.152230416447393072e+05
1.154537572996696254e+05
1.156872842410887824e+05
1.159247803073240502e+05
1.161663646464972262e+05
1.164136399124358577e+05
1.166649939314819785e+05
1.169216813405279245e+05
1.171869691572162556e+05
1.174577723730231228e+05
1.177336743713862816e+05
1.180150263953020039e+05
1.183004747154526412e+05
1.185908226248328574e+05
1.188846935232822725e+05
1.191810703374579607e+05
1.194822857621041767e+05
1.197875066456511850e+05
1.200973285669882898e+05
1.204113145842611411e+05
1.207306424715383619e+05
1.210532907191273116e+05
1.213806207849200146e+05
1.217123906845281599e+05
1.220495542396751407e+05
1.223922402381206048e+05
1.227375457836144196e+05
1.230886826540167094e+05
1.234436207771129702e+05
1.238008361897785799e+05
1.241615066626304615e+05
1.245272615798662882e+05
1.248955994146801240e+05
1.252668555105435080e+05
1.256412734622851276e+05
1.260189826812208921e+05
1.263993104029338137e+05
1.267822787027255399e+05
1.271719656441453553e+05
1.275664047045859916e+05
1.279641731129985274e+05
1.283666478367229429e+05
1.287748681790500123e+05
1.291883457837918249e+05
1.296076653320764890e+05
1.300352897665221535e+05
1.304697173482214857e+05
1.309076322134184447e+05
1.313501467842191923e+05
1.317960308220235165e+05
1.322443033054816187e+05
1.326952389805213606e+05
1.331485092754393991e+05
1.336059447146609891e+05
1.340678863231363939e+05
1.345357003694708401e+05
1.350083160456484475e+05
1.354835430483999662e+05
1.359611878000754223e+05
1.364428120247185580e+05
1.369292996475431137e+05
1.374197930302688328e+05
1.379143738839400467e+05
1.384140088035539957e+05
1.389209078606589464e+05
1.394311902100038133e+05
1.399445509039433673e+05
1.404605148332179524e+05
1.409807914732943464e+05
1.415072920782575384e+05
1.420370884345449158e+05
1.425684852059837722e+05
1.431039495622208924e+05
1.436419622682582121e+05
1.441828195370513131e+05
1.447277445909530798e+05
1.452777859920863411e+05
1.458327538448701089e+05
1.463953055296341772e+05
1.469602430126430991e+05
1.475275480958764383e+05
1.480981588967374992e+05
1.486730871725678444e+05
1.492548858932707808e+05
1.498412635487702792e+05
1.504323759615609888e+05
1.510293316989541054e+05
1.516296911961602455e+05
1.522340344485021778e+05
1.528419234167343820e+05
1.534529928270311793e+05
1.540661813060147979e+05
1.546805417309509066e+05
1.552963721820415230e+05
1.559126825816660712e+05
1.565324590842285252e+05
1.571557685110362945e+05
1.577810963905765384e+05
1.584065146974842064e+05
1.590339855814688490e+05
1.596637120273625769e+05
1.602933211580203788e+05
1.609230633229849627e+05
1.615547330166746979e+05
1.621906523049997049e+05
1.628256002236674540e+05
1.634670272908105981e+05
1.641114937659617863e+05
1.647597928259136970e+05
1.654140528204510920e+05
1.660703097034191305e+05
1.667327061178206641e+05
1.673997493030814221e+05
1.680703524082291988e+05
1.687441235177574563e+05
1.694204351752963848e+05
1.700991085831910023e+05
1.707859935237255995e+05
1.714786232653534971e+05
1.721744645429078664e+05
1.728723467103162257e+05
1.735690765430371393e+05
1.742635431638621958e+05
1.749583174110856489e+05
1.756530027626387891e+05
1.763482869819912594e+05
1.770450712341761100e+05
1.777407716695181443e+05
1.784359200754296035e+05
1.791348912987484364e+05
1.798348448100204114e+05
1.805424123419881216e+05
1.812501324934250151e+05
1.819636771578919725e+05
1.826797954241528641e+05
1.833980773265558819e+05
1.841171323625696241e+05
1.848368001607462356e+05
1.855560860870044853e+05
1.862736326699701021e+05
1.869893384399950737e+05
1.877030236699600646e+05
1.884128315459206351e+05
1.891231056109025667e+05
1.898318248372985399e+05
1.905373865673986729e+05
1.912461653118688555e+05
1.919547595097978192e+05
1.926694996787273849e+05
1.933896388416588306e+05
1.941102000192384585e+05
1.948301856142742618e+05
1.955561190777916927e+05
1.962837032949135755e+05
1.970089523203649733e+05
1.977389218960871513e+05
1.984777405612730363e+05
1.992179031851763430e+05
1.999606463174816454e+05
2.007017910740542575e+05
2.014443163300469460e+05
2.021917829444304225e+05
2.029393736770261312e+05
2.036893880915021873e+05
2.044370983500301081e+05
2.051904553797920817e+05
2.059475533000180731e+05
2.067081475634944218e+05
2.074746321200118400e+05
2.082407732810816378e+05
2.090043116494616843e+05
2.097699208592044306e+05
2.105357354222363501e+05
2.113014926588167145e+05
2.120698636590694077e+05
2.128375755347665108e+05
2.136024479547009687e+05
2.143661747125817346e+05
2.151282921362453490e+05
2.158905184025372146e+05
2.166528069969512580e+05
2.174154662454254576e+05
2.181789062092223903e+05
2.189460574695947871e+05
2.197144279751888243e+05
2.204823325224040309e+05
2.212543258104347333e+05
2.220311491402657994e+05
2.228080229439543327e+05
2.235875997167955502e+05
2.243759126042252174e+05
2.251636920338031196e+05
2.259487275262148178e+05
2.267317440291401290e+05
2.275162612654975674e+05
2.283011875969585381e+05
2.290904888452893065e+05
