1.759111447223100404e+05
1.759707625014515943e+05
1.760260093630162883e+05
1.760763229494037223e+05
1.761201494723852375e+05
1.761578811060993175e+05
1.761899000467866135e+05
1.762167060818375321e+05
1.762384859137351741e+05
1.762540659405955230e+05
1.762629013728803257e+05
1.762674135199933662e+05
1.762678793660352821e+05
1.762633737050097261e+05
1.762543002554019040e+05
1.762409973676463123e+05
1.762235589038383623e+05
1.762015268208194757e+05
1.761749218619639578e+05
1.761439187572821684e+05
1.761071820973565918e+05
1.760658599385102279e+05
1.760215628825275344e+05
1.759732530524188478e+05
1.759219517403819482e+05
1.758685982492500916e+05
1.758116877693288552e+05
1.757509603642202856e+05
1.756861376764593297e+05
1.756186453904832306e+05
1.755477426607650123e+05
1.754724184487056627e+05
1.753950817559745046e+05
1.753152119745303062e+05
1.752327029480805795e+05
1.751468717662280251e+05
1.750587698969871562e+05
1.749679656461363775e+05
1.748750550801270874e+05
1.747799685531802243e+05
1.746831021469429834e+05
1.745838852727885824e+05
1.744834570920745609e+05
1.743816809766324877e+05
1.742809518397981592e+05
1.741795426913347037e+05
1.740772119189631485e+05
1.739739777406232024e+05
1.738700138272310724e+05
1.737664996031162736e+05
1.736622790905165893e+05
1.735569616341174697e+05
1.734532152296793065e+05
1.733491585069933499e+05
1.732456447764020704e+05
1.731422995216058916e+05
1.730405665029595257e+05
1.729400817376589985e+05
1.728431296654060134e+05
1.727494023435359122e+05
1.726581213585321675e+05
1.725712029677638202e+05
1.724860402393914992e+05
1.724036022682003677e+05
1.723263031564426201e+05
1.722519543898991833e+05
1.721819551432896114e+05
1.721170837599581573e+05
1.720562928062157880e+05
1.720002514828719432e+05
1.719506459796368727e+05
1.719061723660541174e+05
1.718651310100479168e+05
1.718292388887312263e+05
1.718001587797820685e+05
1.717772613399473194e+05
1.717609079022034712e+05
1.717497114392661024e+05
1.717451909706936276e+05
1.717478831169915502e+05
1.717569637524392747e+05
1.717730452420001966e+05
1.717959962758625334e+05
1.718270761237965198e+05
1.718676217250605114e+05
1.719160613514118595e+05
1.719727113409431477e+05
1.720384671666035429e+05
1.721149850790675555e+05
1.722016531329349091e+05
1.723010440585858014e+05
1.724105803749948973e+05
1.725303551219639776e+05
1.726603756979602331e+05
1.728006143310474581e+05
1.729537524022620055e+05
1.731187036668542714e+05
1.732945509788464115e+05
1.734821461409606854e+05
1.736811104357842996e+05
1.738925878177359118e+05
1.741153273037307372e+05
1.743508563052864629e+05
1.745991852096562798e+05
1.748607676066160784e+05
1.751364664294064278e+05
1.754258101206459105e+05
1.757310081134975771e+05
1.760505535464528657e+05
1.763830159703193640e+05
1.767296159771527746e+05
1.770896316063727136e+05
1.774638145526620501e+05
1.778520349566056975e+05
1.782531636259157385e+05
1.786683389590927109e+05
1.790972082812782901e+05
1.795402978645096882e+05
1.799991535273623886e+05
1.804731475241503795e+05
1.809611951891894278e+05
1.814650069936678337e+05
1.819839254592374491e+05
1.825192418314996175e+05
1.830703575982483453e+05
1.836367718644618290e+05
1.842199127053521806e+05
1.848179212878619728e+05
1.854315431041251868e+05
1.860605154757166165e+05
1.867036712597260484e+05
1.873615691651187080e+05
1.880337838869382686e+05
1.887225284042376734e+05
1.894258300153868040e+05
1.901438531024599506e+05
1.908756159081607766e+05
1.916205726818430121e+05
1.923810966587987205e+05
1.931566358005008078e+05
1.939468232973565464e+05
1.947507006657271413e+05
1.955684592093861138e+05
1.963991056966623291e+05
1.972430962708239385e+05
1.981007238672437088e+05
1.989714711031934130e+05
1.998552834608400008e+05
2.007522006846308941e+05
2.016609561074245430e+05
2.025846322241174639e+05
2.035208790263494011e+05
2.044681861337600276e+05
2.054265890834065503e+05
2.063975381945688569e+05
2.073800309626782837e+05
2.083754710587648442e+05
2.093807538971801987e+05
2.103968678018325299e+05
2.114227711730886367e+05
2.124589352709075029e+05
2.135052142800505098e+05
2.145609773058525461e+05
2.156254656759731006e+05
2.166982140830247663e+05
2.177779331904938153e+05
2.188634059946497437e+05
2.199571347938712279e+05
2.210575845084938919e+05
2.221638992799029220e+05
2.232748800312477397e+05
2.243910390240740380e+05
2.255128716175998852e+05
2.266378746878546372e+05
2.277648716015738319e+05
2.288937480175670935e+05
2.300246869138239708e+05
2.311582213716154511e+05
2.322929083431957115e+05
2.334284581717802212e+05
2.345641316568597686e+05
2.356988305063927255e+05
2.368321557994767791e+05
2.379641738931428699e+05
2.390954831575887220e+05
2.402265222200241406e+05
2.413558138488451368e+05
2.424819696269828128e+05
2.436031490186921437e+05
2.447195725503381691e+05
2.458307290766960068e+05
2.469354835737760295e+05
2.480333997059970861e+05
2.491247075059010822e+05
2.502092586348663317e+05
2.512869322039913386e+05
2.523590067164144421e+05
2.534237321172719530e+05
2.544808608875462960e+05
2.555288554910237726e+05
2.565663417805338686e+05
2.575935141484961205e+05
2.586098918273903546e+05
2.596147529978783859e+05
2.606085583126349375e+05
2.615897135406733723e+05
2.625572495445128297e+05
2.635110662147781113e+05
2.644501842869025422e+05
2.653737654480853816e+05
2.662816007783949608e+05
2.671744781282082549e+05
2.680506837948069442e+05
2.689097191032663104e+05
2.697521397586242529e+05
2.705771289193818229e+05
2.713838961764338310e+05
2.721720482533389586e+05
2.729417421521377983e+05
2.736924853813117370e+05
2.744245768100065761e+05
2.751372470375000848e+05
2.758301595242435578e+05
2.765020911158748204e+05
2.771523914604806923e+05
2.777803680232301122e+05
2.783867751306017162e+05
2.789710903447961318e+05
2.795331681837054202e+05
2.800731613603972364e+05
2.805909691810009535e+05
2.810862968679669430e+05
2.815578050300093601e+05
2.820052983266361989e+05
2.824280098124462529e+05
2.828261966697569587e+05
2.832002825845495681e+05
2.835494086512930226e+05
2.838732289636842324e+05
2.841721323277854244e+05
2.844453597987511894e+05
2.846929956063426216e+05
2.849139786283934372e+05
2.851085583556388738e+05
2.852767881734772818e+05
2.854182102828002535e+05
2.855326647825122345e+05
2.856197522194950143e+05
2.856792372479494079e+05
2.857110869011754985e+05
2.857158672887795256e+05
2.856947373376396135e+05
2.856459432032503537e+05
2.855694955969065195e+05
2.854654184388656868e+05
2.853346156912967563e+05
2.851765373689974076e+05
2.849921783654996543e+05
2.847810502041833242e+05
2.845435369203349110e+05
2.842801254869765835e+05
2.839907611023158533e+05
2.836754681381135597e+05
2.833345773755842820e+05
2.829685650738651166e+05
2.825780979109112523e+05
2.821635394448729930e+05
2.817243276408102247e+05
2.812600868403000059e+05
2.807714705012590857e+05
2.802590124281310709e+05
2.797234997400137363e+05
2.791652145132151200e+05
2.785845569877193775e+05
2.779813242736821412e+05
2.773548891068849480e+05
2.767064805170490290e+05
2.760367980991073418e+05
2.753458611116221873e+05
2.746344558662881027e+05
2.739023166476402548e+05
2.731500729054816184e+05
2.723779907812884776e+05
2.715857313933878904e+05
2.707737886381110293e+05
2.699428947754856781e+05
2.690943128996209125e+05
2.682279853132974240e+05
2.673442537212304887e+05
2.664439540001929854e+05
2.655273055240291287e+05
2.645942223555432865e+05
2.636452419166814652e+05
2.626822112469593994e+05
2.617052942801940662e+05
2.607152528806939954e+05
2.597128898222279095e+05
2.586975450691701262e+05
2.576697546711948526e+05
2.566303867284807493e+05
2.555804598376133945e+05
2.545198014052012586e+05
2.534484820906403183e+05
2.523664462417457253e+05
2.512738776535196521e+05
2.501727882002541446e+05
2.490627286545556854e+05
2.479444448023236764e+05
2.468181448155765247e+05
2.456838057480066782e+05
2.445437228337642737e+05
2.433998737228764221e+05
2.422507109363511263e+05
2.410984108509610815e+05
2.399441663454922091e+05
2.387874686921046814e+05
2.376286174413632252e+05
2.364699174572601914e+05
2.353099097603860719e+05
2.341488118316741311e+05
2.329857271004330250e+05
2.318234988282843551e+05
2.306636246406464197e+05
2.295068783679113258e+05
2.283515130325490609e+05
2.271977531225449929e+05
2.260458256231613923e+05
2.248956914762173546e+05
2.237496167382988788e+05
2.226077262561868411e+05
2.214702456460079993e+05
2.203375774644222402e+05
2.192110711959078908e+05
2.180904361438755295e+05
2.169765328871718957e+05
2.158704117873078794e+05
2.147731041614612914e+05
2.136848028987437719e+05
2.126063847658914165e+05
2.115366534556058468e+05
2.104758236182498513e+05
2.094238432852948317e+05
2.083809211509842135e+05
2.073482458670639317e+05
2.063258713107162912e+05
2.053144857240932761e+05
2.043154286087915534e+05
2.033291166196908453e+05
2.023567069607616286e+05
2.013956636303145497e+05
2.004464897477532213e+05
1.995091936954967678e+05
1.985840111007291998e+05
1.976712975707647856e+05
1.967746141623452422e+05
1.958915558029898093e+05
1.950210689263716340e+05
1.941641374104872812e+05
1.933202848923015408e+05
1.924884995837763418e+05
1.916696538345808804e+05
1.908644347432618961e+05
1.900739708438341331e+05
1.892980064331149333e+05
1.885389841707768210e+05
1.877944811679423728e+05
1.870648303359841520e+05
1.863483252324061468e+05
1.856471017636019678e+05
1.849638796243971155e+05
1.842975381496722985e+05
1.836480940358556109e+05
1.830167527742394013e+05
1.824004169156243734e+05
1.817993241053402890e+05
1.812113716839138651e+05
1.806406452720593370e+05
1.800853507788208663e+05
1.795454304579640739e+05
1.790222018297190662e+05
1.785163443714862806e+05
1.780248836289174506e+05
1.775490487829015183e+05
1.770888499011877866e+05
1.766441869196018670e+05
1.762153395889707026e+05
1.758014503716155014e+05
1.754033984570332686e+05
1.750227544825004006e+05
1.746575626429050462e+05
1.743084132806468115e+05
1.739742084559557843e+05
1.736564995715758123e+05
1.733531989367048955e+05
1.730654619185722258e+05
1.727904900284915057e+05
1.725288340156122285e+05
1.722787499079403351e+05
1.720409209120677551e+05
1.718145899497022619e+05
1.716018061798566778e+05
1.714011810396560468e+05
1.712139014531391440e+05
1.710401531657446176e+05
1.708786181554521027e+05
1.707296143161367509e+05
1.705927217027349980e+05
1.704664114333317848e+05
1.703480679479932296e+05
1.702399805072846939e+05
1.701424249353658815e+05
1.700560993563439697e+05
1.699804107513214403e+05
1.699137718237576773e+05
1.698570140096477990e+05
1.698101506848297431e+05
1.697733274365949619e+05
1.697463261312085378e+05
1.697283016553940251e+05
1.697188888428852952e+05
1.697163485032273165e+05
1.697200880012840789e+05
1.697316468999789504e+05
1.697503253036541282e+05
1.697768950039387855e+05
1.698108480891529762e+05
1.698518340995097824e+05
1.698966123527612071e+05
1.699477231929581903e+05
1.700026387436432997e+05
1.700614587665192666e+05
1.701252695547793701e+05
1.701949960772991762e+05
1.702690423289697501e+05
1.703492204884747043e+05
1.704346629060170089e+05
1.705229255322441168e+05
1.706154681882117584e+05
1.707114302830247907e+05
1.708101548356690910e+05
1.709122840053084074e+05
1.710174632617249154e+05
1.711248053617040568e+05
1.712334857479696511e+05
1.713434979280844273e+05
1.714543657480169786e+05
1.715662789936809859e+05
1.716789922072093468e+05
1.717920449638895516e+05
1.719050683839487028e+05
1.720177399802114523e+05
1.721292564896347467e+05
1.722406714593258803e+05
1.723519189566522546e+05
1.724629268916497822e+05
1.725745008731384005e+05
1.726854584544385434e+05
1.727945459675286547e+05
1.729028464173582033e+05
1.730105293728178658e+05
1.731173746501545247e+05
1.732234331989032216e+05
1.733280673479356337e+05
1.734309441641378799e+05
1.735324367823773355e+05
1.736306904093642661e+05
1.737255918066914310e+05
1.738159118731303024e+05
1.739035928856903047e+05
1.739888215745853959e+05
1.740701038950596703e+05
1.741466013176398992e+05
1.742197093344736495e+05
1.742892152006796096e+05
1.743554866104128014e+05
1.744171548009252874e+05
1.744747365005772444e+05
1.745282102330720809e+05
1.745769220230572682e+05
1.746204275517276255e+05
1.746583438222999102e+05
1.746907486393499421e+05
1.747178513224028866e+05
1.747385056733797537e+05
1.747543738892262918e+05
1.747659756267861521e+05
1.747713025037975458e+05
1.747702823487963760e+05
1.747642330631217628e+05
1.747528006572560116e+05
1.747364354544410598e+05
1.747151452694542531e+05
1.746883900848113117e+05
1.746559495642682887e+05
1.746186400711729075e+05
1.745751794573237421e+05
1.745261529246960126e+05
1.744721622549445601e+05
1.744124604006591835e+05
1.743467831627663109e+05
1.742762257910184562e+05
1.742004581649468164e+05
1.741197189487529395e+05
1.740329288266634976e+05
1.739412531257742667e+05
1.738435780036610377e+05
1.737400331842187443e+05
1.736306197165134363e+05
1.735155349747418077e+05
1.733944318578413222e+05
1.732667740984436823e+05
1.731338000456882000e+05
1.729958906494410767e+05
1.728525361035274400e+05
1.727039689096822403e+05
1.725496980768348731e+05
1.723902585406785365e+05
1.722251574009679607e+05
1.720544653015417862e+05
1.718772866633895610e+05
1.716946346891787834e+05
1.715078013532581972e+05
1.713157895161044726e+05
1.711178616479348857e+05
1.709146294518499344e+05
1.707067598568682442e+05
1.704933862405413238e+05
1.702746565520245640e+05
1.700518462768434256e+05
1.698255774918662210e+05
1.695939959529460757e+05
1.693577328849244514e+05
1.691163229344721767e+05
1.688710463133487501e+05
1.686216318350910151e+05
1.683676574023600551e+05
1.681089695363020874e+05
1.678460304711896461e+05
1.675806445779239002e+05
1.673122770563672821e+05
1.670393807716552692e+05
1.667622499705689261e+05
1.664801300041456707e+05
1.661941015324708424e+05
1.659048816341204802e+05
1.656132249974913429e+05
1.653178551804833405e+05
1.650185155934193754e+05
1.647149848270534130e+05
1.644070647884883801e+05
1.640953491124665597e+05
1.637800500590233132e+05
1.634614149429040554e+05
1.631387826651306532e+05
1.628130207459139929e+05
1.624851369366046274e+05
1.621537666678502574e+05
1.618193858308416093e+05
1.614823783693658188e+05
1.611432667063364643e+05
1.608023592802958156e+05
1.604591163926035515e+05
1.601129689019597427e+05
1.597650549678705283e+05
1.594159328223321936e+05
1.590646291985514399e+05
1.587108602846906870e+05
1.583555850087037543e+05
1.579985457706282032e+05
1.576409582155089884e+05
1.572822157396031835e+05
1.569223218712309026e+05
1.565613865384130331e+05
1.562003471950572275e+05
1.558381976071318786e+05
1.554746117533902288e+05
1.551097545262869971e+05
1.547433638579213584e+05
1.543754379041890497e+05
1.540056848923740035e+05
1.536355670922854915e+05
1.532650103423527326e+05
1.528939295801246190e+05
1.525229541426128126e+05
1.521516802332610823e+05
1.517798060917684634e+05
1.514074747844367521e+05
1.510347515328376612e+05
1.506623549732259416e+05
1.502903884029766195e+05
1.499183916817836580e+05
1.495464923515393748e+05
1.491736297579715902e+05
1.488006589874580677e+05
1.484282168688222591e+05
1.480572199006478768e+05
1.476871190146765439e+05
1.473176008198276104e+05
1.469494779706405243e+05
1.465820835404091049e+05
1.462152494256020000e+05
1.458500383416044060e+05
1.454859287529838039e+05
1.451223771136050927e+05
1.447600979122765712e+05
1.443989775088860188e+05
1.440393158430940530e+05
1.436810555202659161e+05
1.433238141209502355e+05
1.429680512326721218e+05
1.426135873144291691e+05
1.422609522302856785e+05
1.419108954601635050e+05
1.415631961989682459e+05
1.412170423956065497e+05
1.408725512788878405e+05
1.405305706114861532e+05
1.401907100043295359e+05
1.398535777606853517e+05
1.395177797281243256e+05
1.391834577384142030e+05
1.388507524982359027e+05
1.385198113894673006e+05
1.381909270804361731e+05
1.378644617162051145e+05
1.375408606461032759e+05
1.372200264458157180e+05
1.369021525412729243e+05
1.365879303600351850e+05
1.362767189929832239e+05
1.359687824727443804e+05
1.356637063481435762e+05
1.353616071002134122e+05
1.350626702769310796e+05
1.347665279406126356e+05
1.344742923992834985e+05
1.341854317715674406e+05
1.339001492752049526e+05
1.336180116803376586e+05
1.333386808882664191e+05
1.330625771283297217e+05
1.327891498896015983e+05
1.325187677951145743e+05
1.322515667177799332e+05
1.319873629534081847e+05
1.317259282262295019e+05
1.314680058703372488e+05
1.312139094391922699e+05
1.309634323877917777e+05
1.307160007280140271e+05
1.304722261369200569e+05
1.302317743278765702e+05
1.299950765137340641e+05
1.297621602900039288e+05
1.295327241532512999e+05
1.293066212766200770e+05
1.290837142545376701e+05
1.288643637198541983e+05
1.286489980365942465e+05
1.284366696167739865e+05
1.282277113475649676e+05
1.280220970265216747e+05
1.278204021030831937e+05
1.276223199891179247e+05
1.274274657046486100e+05
1.272352854328027606e+05
1.270465028049964603e+05
1.268611061463281076e+05
1.266789358726733481e+05
1.265002883133409487e+05
1.263248489409537287e+05
1.261533796188173292e+05
1.259860514801406825e+05
1.258220387337915163e+05
1.256616992894294672e+05
1.255045615498807456e+05
1.253506982933876716e+05
1.252002683352642634e+05
1.250533610290450888e+05
1.249097418634837668e+05
1.247686596791115589e+05
1.246311500074314536e+05
1.244969657135496527e+05
1.243659513521418121e+05
1.242382176691136992e+05
1.241135819738840219e+05
1.239917721423588664e+05
1.238726549151022191e+05
1.237560774837133067e+05
1.236424296549983701e+05
1.235316995637594664e+05
1.234237682647018228e+05
1.233185690900021873e+05
1.232162219412560953e+05
1.231162813754963281e+05
1.230190391663803603e+05
1.229249086879974493e+05
1.228337262340974557e+05
1.227449795519211766e+05
1.226586481836464809e+05
1.225748513113685767e+05
1.224938925439316372e+05
1.224156039598836796e+05
1.223400294397038815e+05
1.222667778786099225e+05
1.221958084361314977e+05
1.221274757675770670e+05
1.220615953618715284e+05
1.219979247213868803e+05
1.219363370163418876e+05
1.218770646757841023e+05
1.218198003981804359e+05
1.217648062242048181e+05
1.217120607853551337e+05
1.216614831444606243e+05
1.216129176658767828e+05
1.215661409728274302e+05
1.215214164391725644e+05
1.214790924541633867e+05
1.214387871941997146e+05
1.214006221437387867e+05
1.213646632747695694e+05
1.213308373532127880e+05
1.212990467988341989e+05
1.212690416741850495e+05
1.212409864828644932e+05
1.212147133781188604e+05
1.211904183942973177e+05
1.211679695530794415e+05
1.211474390678624331e+05
1.211287326201144024e+05
1.211118833343777951e+05
1.210967267001643631e+05
1.210831770406583673e+05
1.210712783936304913e+05
1.210611806844588573e+05
1.210529357736465172e+05
1.210464623212723964e+05
1.210417697418068128e+05
1.210385785248375469e+05
1.210368162993195729e+05
1.210363749556719849e+05
1.210374037980663852e+05
1.210398535459578852e+05
1.210438348952993256e+05
1.210490647679221292e+05
1.210556799462552881e+05
1.210636548310189537e+05
1.210728667327936855e+05
1.210833184200628311e+05
1.210952272377820482e+05
1.211084517295247788e+05
1.211229216528054530e+05
1.211387153610272508e+05
1.211558389927254029e+05
1.211744045711827930e+05
1.211945075399946654e+05
1.212161409008412593e+05
1.212392781258028699e+05
1.212638936118594720e+05
1.212901516841346747e+05
1.213178873063193460e+05
1.213470585534815036e+05
1.213780562755788269e+05
1.214105938983843807e+05
1.214449884963350196e+05
1.214809968311630073e+05
1.215185271092623734e+05
1.215575280294513359e+05
1.215983330195447779e+05
1.216411608160821197e+05
1.216860969402542978e+05
1.217327008806945669e+05
1.217811968913210876e+05
1.218315590380595531e+05
1.218838464045565051e+05
1.219381744127680286e+05
1.219947465847690037e+05
1.220535262227208586e+05
1.221141578132995492e+05
1.221768108438437193e+05
1.222412084553877939e+05
1.223077326573646715e+05
1.223760839759687951e+05
1.224461698592755711e+05
1.225187525344039022e+05
1.225937298654992483e+05
1.226708966192421649e+05
1.227503319745042245e+05
1.228318509060280339e+05
1.229157566678927105e+05
1.230019729149547202e+05
1.230904243246382830e+05
1.231814413155913353e+05
1.232747045421683288e+05
1.233704986660343129e+05
1.234686385584531236e+05
1.235695045354576723e+05
1.236731302498065925e+05
1.237794699272231810e+05
1.238884483795934357e+05
1.239996920167991921e+05
1.241135358623621869e+05
1.242301537390669982e+05
1.243490562128918828e+05
1.244705492289523681e+05
1.245942410364340176e+05
1.247204916156987019e+05
1.248491988854797819e+05
1.249804428603884880e+05
1.251148654271171690e+05
1.252523171958536113e+05
1.253924967197573278e+05
1.255358168763310241e+05
1.256822691081564844e+05
1.258316960257231840e+05
1.259843935149205790e+05
1.261404701569027966e+05
1.262995012751475588e+05
1.264613273666359601e+05
1.266261062203302426e+05
1.267945450377702364e+05
1.269661937262336287e+05
1.271408066195797437e+05
1.273177671402114065e+05
1.274975585679351352e+05
1.276804019234704319e+05
1.278663608433103218e+05
1.280561350795394683e+05
1.282491481643435545e+05
1.284450754043157940e+05
1.286438675478372606e+05
1.288454626287357823e+05
1.290493979643623607e+05
1.292561947685514460e+05
1.294661203262581839e+05
1.296805131750467990e+05
1.298986031537386734e+05
1.301199991461663303e+05
1.303450475371468638e+05
1.305737828998927289e+05
1.308058641984167625e+05
1.310413917063590488e+05
1.312805353697233368e+05
1.315230004106170963e+05
1.317691342603165249e+05
1.320187481098617427e+05
1.322721046022961382e+05
1.325289010534827248e+05
1.327893951983377337e+05
1.330530959146706737e+05
1.333198816443769028e+05
1.335895106740378833e+05
1.338623619031004491e+05
1.341380285099193861e+05
1.344169984881580458e+05
1.346990107365954027e+05
1.349836486688329023e+05
1.352704660238197248e+05
1.355593620520721888e+05
1.358508736042602977e+05
1.361452000476171961e+05
1.364418082346638257e+05
1.367414343940334220e+05
1.370442745674114558e+05
1.373498944525790866e+05
1.376574083217500884e+05
1.379673301142174168e+05
1.382797090659135720e+05
1.385945639713628043e+05
1.389120749923583062e+05
1.392317769392517803e+05
1.395540134997181303e+05
1.398790269587190996e+05
1.402064075040796597e+05
1.405358125929573725e+05
1.408670010716537654e+05
1.411993947198088863e+05
1.415341043873741291e+05
1.418716197180866147e+05
1.422113878828436136e+05
1.425532928402441903e+05
1.428975038113420305e+05
1.432436226145715045e+05
1.435912607295374619e+05
1.439407077040972654e+05
1.442918677761039580e+05
1.446445825684463780e+05
1.449989279772205045e+05
1.453552099798792624e+05
1.457135353477416793e+05
1.460741427493214724e+05
1.464370636054693605e+05
1.468016431766167225e+05
1.471677349260947085e+05
1.475346889125383459e+05
1.479027893598711235e+05
1.482712136789224751e+05
1.486397192738403683e+05
1.490095600280017243e+05
1.493802941887874622e+05
1.497511358811908867e+05
1.501233389908763347e+05
1.504961173170808470e+05
1.508696634594411589e+05
1.512433872406728624e+05
1.516170768030154868e+05
1.519905375748485094e+05
1.523633617932257184e+05
1.527359456681451993e+05
1.531088158296303882e+05
1.534816783548574022e+05
1.538540537910429121e+05
1.542259614260290691e+05
1.545969579420276568e+05
1.549675901433737890e+05
1.553372253870783898e+05
1.557062532767920347e+05
1.560735997346187360e+05
1.564396683904862439e+05
1.568034722006874508e+05
1.571655683695767657e+05
1.575257071531261900e+05
1.578842642334461270e+05
1.582427879808181606e+05
1.585994195116423944e+05
1.589544768733708770e+05
1.593078123943759128e+05
1.596593951614648104e+05
1.600085796443545260e+05
1.603557169209696294e+05
1.607020261961345095e+05
1.610464012696237187e+05
1.613881819392824546e+05
1.617289393083864707e+05
1.620675418585936713e+05
1.624042556495868484e+05
1.627384463491812057e+05
1.630698774498093990e+05
1.633985444370837358e+05
1.637254408263691876e+05
1.640499129998649587e+05
1.643721836205870204e+05
1.646912912119279790e+05
1.650080437569044298e+05
1.653228251936202287e+05
1.656347700034950976e+05
1.659437608625383291e+05
1.662495207018227084e+05
1.665518358964859799e+05
1.668502881104718253e+05
1.671445408596317575e+05
1.674353646326345333e+05
1.677225272399032838e+05
1.680061431724306021e+05
1.682866284281280532e+05
1.685619867683744233e+05
1.688320859528465080e+05
1.690979324435775634e+05
1.693597249274843780e+05
1.696176590130713012e+05
1.698714897439565102e+05
1.701208849891592399e+05
1.703654584941666399e+05
1.706050155222371686e+05
1.708396263206104049e+05
1.710686881172000431e+05
1.712923855672275822e+05
1.715112890130845772e+05
1.717256695469597471e+05
1.719354005112037121e+05
1.721414866110839648e+05
1.723430802273626614e+05
1.725402736093024723e+05
1.727330825840258913e+05
1.729209150743532809e+05
1.731047063964027329e+05
1.732839280278151564e+05
1.734587468222627649e+05
1.736281135687667993e+05
1.737918947320037696e+05
1.739511863488171948e+05
1.741056806255663687e+05
1.742556693249625678e+05
1.744007490275249584e+05
1.745392461189219612e+05
1.746712102696810325e+05
1.747979110359906335e+05
1.749196645850593341e+05
1.750359642206192948e+05
1.751469830980962433e+05
1.752528387314433930e+05
1.753530060038907104e+05
1.754485260276891058e+05
1.755389402114051918e+05
1.756236885499954515e+05
1.757029546008352190e+05
1.757768585598607024e+05
1.758461247529203538e+05
1.759111447223100404e+05
