2.918942212225225035e+02
2.926412366437621699e+02
2.933669596915258353e+02
2.940707082033546271e+02
2.947518221471755737e+02
2.954096655725977030e+02
2.960436281646894372e+02
2.966531263903636955e+02
2.972376042335324087e+02
2.977965335214006473e+02
2.983294138505424371e+02
2.988357721276591406e+02
2.993151617460381999e+02
2.997671614246234526e+02
3.001913737421456858e+02
3.005874234038600434e+02
3.009747076663963981e+02
3.014531541736803320e+02
3.019880058596305048e+02
3.024931435905428998e+02
3.029874213622849197e+02
3.035380523712913714e+02
3.040576462997092335e+02
3.045457582285083049e+02
3.050400473516057787e+02
3.055701432145991703e+02
3.060997836149577438e+02
3.066701369223183065e+02
3.072068582923002964e+02
3.077165227554369835e+02
3.081978587268945944e+02
3.086445070369252903e+02
3.090562192575554832e+02
3.094328046127422454e+02
3.097741328917812211e+02
3.100801368097740465e+02
3.103508137832466218e+02
3.105862270960274714e+02
3.107865064377228350e+02
3.109518478044786889e+02
3.110825127590878196e+02
3.111788270548146329e+02
3.112411786344767961e+02
3.112700150232707301e+02
3.112658401404902406e+02
3.112292105616066920e+02
3.111607312680959581e+02
3.110610509278653808e+02
3.109308567541235675e+02
3.107708689949978975e+02
3.105818351101148096e+02
3.103645236936984588e+02
3.101258434892224614e+02
3.098673675082397381e+02
3.096796347584833029e+02
3.094868907946727745e+02
3.092720929255205533e+02
3.090335204877201818e+02
3.087718518767135265e+02
3.085554276066870329e+02
3.083556744531739469e+02
3.081345938917855847e+02
3.079038791778373252e+02
3.076623928800176486e+02
3.074062527338390964e+02
3.071305821103821927e+02
3.068357453362914953e+02
3.065513245564715135e+02
3.063252990021736082e+02
3.060808991127300942e+02
3.058182812587970147e+02
3.055433083498430165e+02
3.053601387381492032e+02
3.051626947247781914e+02
3.049472572138244573e+02
3.047138002262561827e+02
3.044622890716165671e+02
3.041926853560588597e+02
3.039049519172751843e+02
3.035990576304310480e+02
3.032749820317525860e+02
3.029327197094527833e+02
3.025722844151691788e+02
3.021937128529852998e+02
3.017970681073579158e+02
3.013824426758379218e+02
3.009499610772818414e+02
3.004997820112709519e+02
3.000321000496170427e+02
2.995471468460892197e+02
2.990451918557969861e+02
2.985265425609460408e+02
2.979915442049091325e+02
2.974405790416632840e+02
2.969201088871482739e+02
2.964603463540263988e+02
2.960764011329250138e+02
2.956810712487363730e+02
2.953750353200060772e+02
2.950554224539528718e+02
2.947226347686396366e+02
2.943861189751438019e+02
2.940413580822713016e+02
2.936848373505477525e+02
2.933170967610483331e+02
2.930740483623770274e+02
2.929181088607676884e+02
2.928385504368773695e+02
2.927497792015125242e+02
2.926522748728029342e+02
2.925465495009202641e+02
2.924823974975030296e+02
2.924680747970135144e+02
2.924471548703161830e+02
2.924498264063179818e+02
2.925236347317780883e+02
2.925925450602654792e+02
2.926571402219632319e+02
2.927180297921279930e+02
2.927758480409595450e+02
2.929277589305073661e+02
2.931738048182709235e+02
2.934516371760241782e+02
2.937908866118906985e+02
2.941741426401084709e+02
2.945577891754876418e+02
2.950430359638194773e+02
2.955351964461296461e+02
2.960292227336047404e+02
2.965255999562947409e+02
2.970829203852293858e+02
2.976916577847013627e+02
2.983041316156291032e+02
2.989207788360590143e+02
2.995420394525006600e+02
3.001683548553567675e+02
3.008001657287492776e+02
3.014379095546138956e+02
3.020820177370270017e+02
3.027395643278828175e+02
3.035038561106047723e+02
3.042756606721197841e+02
3.050552806639559549e+02
3.058429973198259404e+02
3.066511143878803409e+02
3.075619679665649073e+02
3.084815264217946265e+02
3.094898082085787223e+02
3.105331946228578772e+02
3.115853570600833109e+02
3.126462242904677851e+02
3.137156925735999380e+02
3.147936256710034968e+02
3.158798547786681183e+02
3.169741783766584149e+02
3.181383802189406538e+02
3.193843951266990757e+02
3.207137115397137563e+02
3.220497125216210748e+02
3.233918958006693174e+02
3.248047543657663141e+02
3.262638642471281401e+02
3.277484923132329868e+02
3.293623023593705739e+02
3.310449726937839046e+02
3.327297981288286337e+02
3.344279303331909432e+02
3.361276356546486568e+02
3.378270479940045448e+02
3.395253717430016991e+02
3.412218276436863107e+02
3.429156554600564846e+02
3.446839844802136668e+02
3.464765187490463063e+02
3.482641511076269580e+02
3.500461414345125490e+02
3.518217749203627136e+02
3.535903617563525927e+02
3.553512360824095140e+02
3.571810348266747042e+02
3.591369392864929750e+02
3.611491921329675279e+02
3.631909732035468323e+02
3.652214154575512453e+02
3.672397541518685102e+02
3.692452434396239482e+02
3.712371559857837724e+02
3.733330531306284001e+02
3.755080414684260859e+02
3.776671519853216523e+02
3.798095840819646583e+02
3.819345566303318265e+02
3.840413087792970828e+02
3.861291004211061022e+02
3.882880140488519487e+02
3.905427650622563647e+02
3.927815965689430300e+02
3.949983778991752388e+02
3.971923401678212713e+02
3.993627426962879099e+02
4.015088744792045645e+02
4.036300552419664882e+02
4.057256360765178442e+02
4.077949996483021096e+02
4.098375599730501335e+02
4.118527617679124546e+02
4.138400793872899044e+02
4.157990153594692515e+02
4.177290985457466377e+02
4.196298819490103256e+02
4.215009402037001109e+02
4.233418667835497331e+02
4.251522709675091392e+02
4.269317746076490039e+02
4.286800087456375650e+02
4.303966101264871895e+02
4.320812176596841141e+02
4.337334688785054482e+02
4.353529964482913783e+02
4.369941014733997804e+02
4.387594260385298526e+02
4.404906841263401702e+02
4.421873192179627381e+02
4.438487624137231364e+02
4.454744333904918676e+02
4.470637415398597341e+02
4.486160872683969956e+02
4.501308634398591835e+02
4.516074569382931827e+02
4.530452503305438086e+02
4.544436236066579227e+02
4.558019559770996807e+02
4.571196277064776723e+02
4.583960219646136238e+02
4.596305266771815923e+02
4.608225363597782120e+02
4.619714539210712019e+02
4.630766924225787875e+02
4.641376767845692370e+02
4.651538454295149450e+02
4.661246518564084909e+02
4.670495661410182606e+02
4.679280763587904062e+02
4.687596899285424001e+02
4.695439348763360385e+02
4.702803610199308650e+02
4.709685410749952439e+02
4.716080716848024963e+02
4.721985743754386817e+02
4.727396964386456375e+02
4.732311117443006196e+02
4.736725214842384730e+02
4.740636548486700121e+02
4.744042696358691273e+02
4.746941527951373700e+02
4.749331209023230258e+02
4.751210205664204977e+02
4.752577287650377116e+02
4.753431531058145652e+02
4.753772320102493723e+02
4.753599348158597309e+02
4.752912617921946321e+02
4.751712440659422896e+02
4.749999434502681197e+02
4.747774521735618123e+02
4.745038925029929260e+02
4.741794162586655261e+02
4.738042042147144457e+02
4.733784653844013519e+02
4.729024361871315136e+02
4.723763794963033433e+02
4.718005835680118594e+02
4.711753608518338865e+02
4.705010466861986629e+02
4.697779978821836266e+02
4.690065912009360432e+02
4.681872217313007241e+02
4.673203011755943521e+02
4.664062560528058157e+02
4.654455258297924729e+02
4.645180712955051945e+02
4.635714885272918764e+02
4.625794738210748278e+02
4.615424316225464736e+02
4.604607739058176321e+02
4.593349197093357361e+02
4.581652946088389058e+02
4.569523301228765604e+02
4.556964630488210446e+02
4.543981347298842479e+02
4.530577902563937869e+02
4.516758776074070738e+02
4.502528467415980344e+02
4.487891486491556634e+02
4.472852343791314524e+02
4.457415540591888998e+02
4.441585559269619239e+02
4.425366853941757768e+02
4.408763841662343452e+02
4.391780894410994165e+02
4.374422332119046359e+02
4.357238509156268265e+02
4.340203201733702372e+02
4.322803805809665505e+02
4.305043713018778817e+02
4.286926293718562420e+02
4.268454916724950294e+02
4.249632970606479603e+02
4.231077137339657952e+02
4.212626125724130475e+02
4.193833946674110962e+02
4.174703629168185444e+02
4.155238388916267809e+02
4.135441670909029881e+02
4.115317191136446127e+02
4.094868976940289826e+02
4.074186708834425872e+02
4.053234860957157366e+02
4.031973613036558390e+02
4.010408602881296360e+02
3.988545942387945047e+02
3.966536293607480275e+02
3.945160648651001907e+02
3.923507914006198689e+02
3.901585568628015608e+02
3.879401655201644417e+02
3.857845287713535072e+02
3.837288267976659881e+02
3.816495246936912622e+02
3.795475180481072357e+02
3.774237642114028404e+02
3.752792825852086480e+02
3.731151539408692202e+02
3.709325187339913441e+02
3.687325743961566786e+02
3.665165716001619671e+02
3.642858095108128396e+02
3.620416300491585844e+02
3.597854112138518872e+02
3.575705754960554259e+02
3.554006953687322152e+02
3.532229412519892549e+02
3.511645413912687559e+02
3.491874858682132299e+02
3.472759269309949559e+02
3.454952744039162553e+02
3.438383446355601905e+02
3.421833482177137853e+02
3.405285653094162512e+02
3.389768365428381571e+02
3.374436258616101441e+02
3.359128111643521493e+02
3.344009217900671729e+02
3.329831642336346818e+02
3.315697151453146603e+02
3.301610942181594623e+02
3.287988444090485700e+02
3.275074742636840028e+02
3.262221680855957970e+02
3.249432254656135228e+02
3.236709102980897796e+02
3.224054513712740118e+02
3.211470427698849903e+02
3.198958440996459558e+02
3.186519805483125083e+02
3.174155428019356577e+02
3.161865868387017713e+02
3.149651336255660112e+02
3.137511687450360682e+02
3.125446419807814777e+02
3.113454668912655734e+02
3.101535204002988735e+02
3.089686424323269875e+02
3.077906356184369088e+02
3.066192650965516577e+02
3.054542584261604361e+02
3.042953056343011440e+02
3.031420594054729349e+02
3.021886062509676094e+02
3.012578659686087121e+02
3.003313007402923631e+02
2.994731945390693113e+02
2.986592497167522424e+02
2.978474228579082137e+02
2.970369606676996455e+02
2.962271018485496370e+02
2.954170823683298295e+02
2.946061403694467344e+02
2.938593804234118352e+02
2.931505063603395911e+02
2.924383648792916688e+02
2.917221746535520879e+02
2.910785697478770544e+02
2.905167453927292058e+02
2.899961788027461580e+02
2.894683988971036683e+02
2.889784037971766111e+02
2.885401020568764920e+02
2.880922926563035844e+02
2.876342630637332149e+02
2.871653493754357669e+02
2.867284963303961831e+02
2.863446981159364668e+02
2.860519300449641378e+02
2.858327758030503674e+02
2.857252339994123531e+02
2.856819580396306719e+02
2.857594805535627529e+02
2.858317528689902360e+02
2.859078533243641687e+02
2.861442156458022623e+02
2.864838889490879410e+02
2.868052593305608866e+02
2.871077809739141458e+02
2.873909923308981433e+02
2.876545201064268440e+02
2.878980821600368358e+02
2.881214892933666647e+02
2.884001170522044504e+02
2.886891811477797205e+02
2.889579604966573925e+02
2.892065656999029102e+02
2.894351969083643894e+02
2.896441405999210588e+02
2.898337653092214055e+02
2.900045163584451302e+02
2.901569096491109576e+02
2.902915245856260071e+02
2.904089962110126635e+02
2.905288221291220907e+02
2.907202877462744368e+02
2.908966768434007122e+02
2.910586868900163608e+02
2.912107240078365749e+02
2.913591369417879946e+02
2.915022942997237578e+02
2.916399242983913496e+02
2.917666590884825268e+02
2.918831317885380372e+02
2.920272871080401842e+02
2.923391591605285953e+02
2.926534495206674364e+02
2.929592125192831418e+02
2.932566618148863427e+02
2.935459425070561110e+02
2.938275950819989362e+02
2.941140199848364887e+02
2.944385591206360573e+02
2.948274238487345542e+02
2.952076590522732999e+02
2.955788980400091646e+02
2.959407034624408652e+02
2.962925702388541254e+02
2.966339289257035148e+02
2.969641494886984674e+02
2.972825454400119156e+02
2.975957190466482416e+02
2.979012348150023399e+02
2.981925749868779576e+02
2.984688753090592854e+02
2.987292398565016924e+02
2.989727465297959270e+02
2.991984526405763063e+02
2.994054005455334391e+02
2.996412243852866482e+02
2.999139313174479184e+02
3.001648703778196250e+02
3.003930119047421954e+02
3.006098955035949984e+02
3.008024584333260805e+02
3.009692627698021283e+02
3.011093851107643218e+02
3.012219433983503905e+02
3.013061020422446177e+02
3.013610765244768004e+02
3.013861374443327463e+02
3.013806139676779594e+02
3.013438966513913329e+02
3.012754396204995260e+02
3.011747620829059429e+02
3.010414491742315590e+02
3.008993020470917941e+02
3.007258018425269483e+02
3.005188186034162641e+02
3.003110974662920398e+02
3.001614848237121009e+02
3.000656575025854522e+02
3.000267432134971841e+02
2.999690063408908713e+02
2.998770664520145601e+02
2.997508995399558671e+02
2.995905379442449998e+02
2.993960695044187332e+02
2.991676362066783099e+02
2.989220329667687110e+02
2.987325001162902822e+02
2.986522972719088784e+02
2.986196644617348852e+02
2.986493119260659910e+02
2.986461219493691033e+02
2.986102904727652003e+02
2.985420648308775640e+02
2.984417449078216578e+02
2.983096837038852982e+02
2.981462872894313705e+02
2.979520141322607856e+02
2.977273737946716778e+02
2.974729250065701081e+02
2.971892731310414888e+02
2.968770670485826031e+02
2.965369954955764342e+02
2.961697829013570527e+02
2.957761847762503749e+02
2.953569827100975544e+02
2.949129790469002614e+02
2.944702369649385219e+02
2.940930449998742802e+02
2.937077459974712497e+02
2.933047894733658723e+02
2.928809359274137591e+02
2.924458149343566902e+02
2.919954303765481427e+02
2.915263524519576777e+02
2.910392810796676599e+02
2.905460806866827852e+02
2.900380580903502050e+02
2.895244712453088027e+02
2.889979838594945249e+02
2.884603443189889163e+02
2.880107935853626486e+02
2.875472844792443539e+02
2.870701972112707949e+02
2.865798778348801079e+02
2.860766397824946239e+02
2.855607656887799521e+02
2.850325094567630799e+02
2.844920985194603986e+02
2.839397362474223314e+02
2.833756044512696803e+02
2.827998659278833316e+02
2.822126669994185590e+02
2.816141399957237468e+02
2.810044056330182229e+02
2.803835752447720324e+02
2.797517528245763856e+02
2.791090368453037627e+02
2.784555218239759711e+02
2.777912996073478666e+02
2.771164603592119420e+02
2.764310932366948350e+02
2.757352867492504060e+02
2.750291288005379329e+02
2.744157294896813255e+02
2.738006072488876157e+02
2.732163435086748677e+02
2.726946451893215340e+02
2.721626488186653319e+02
2.716203006238782791e+02
2.710693394171321415e+02
2.705191741371131684e+02
2.699585237218927318e+02
2.694254975361376978e+02
2.689600781824278783e+02
2.685800955329189605e+02
2.681892953080774760e+02
2.677875367121017689e+02
2.673746930636269781e+02
2.669607587221854033e+02
2.665384642218170370e+02
2.661048115512656977e+02
2.656597505083812507e+02
2.653091643017107799e+02
2.649603954100329588e+02
2.646000667592750801e+02
2.642281532516668108e+02
2.638446572800441459e+02
2.634496096763048740e+02
2.630430703147740132e+02
2.626251283743580984e+02
2.621959022671877051e+02
2.617555392450192926e+02
2.613042146979611289e+02
2.608421311630350488e+02
2.603695170626922959e+02
2.598866251956116002e+02
2.593937310039287922e+02
2.588911306424632812e+02
2.583791388765146166e+02
2.578580868354238760e+02
2.573283196493240439e+02
2.567901939963790596e+02
2.562440755873482203e+02
2.556903366135399551e+02
2.551293531831778694e+02
2.545736675814598300e+02
2.540207962977100635e+02
2.534664025761372557e+02
2.529131405369741117e+02
2.523606428203822816e+02
2.518031077915822493e+02
2.512612045198445685e+02
2.508007888534794176e+02
2.503362187666793375e+02
2.498677141461228643e+02
2.494010214721255920e+02
2.489493394265425081e+02
2.485052484198633920e+02
2.480619923783657441e+02
2.476156762662565995e+02
2.471664324536843083e+02
2.467143797962717429e+02
2.462721822683630251e+02
2.458278486422196067e+02
2.453809872599263997e+02
2.449418174973585280e+02
2.445031292240426808e+02
2.440620879261703067e+02
2.436187291087654785e+02
2.431730769513549433e+02
2.427621575616194036e+02
2.424336323792386736e+02
2.421132927586988615e+02
2.417915856367647507e+02
2.414792449447159584e+02
2.411642394444653803e+02
2.408523017566779458e+02
2.405446794306631944e+02
2.402340698779304944e+02
2.399203635415297811e+02
2.396040643427881776e+02
2.392968716489508836e+02
2.389862637195665513e+02
2.386721414834669304e+02
2.383544106696296865e+02
2.380329825804608959e+02
2.377077747800579459e+02
2.373787116992485835e+02
2.370457251595101411e+02
2.367087548180612089e+02
2.363750802947991190e+02
2.360430261491288206e+02
2.357068586821459064e+02
2.353665526034956201e+02
2.350220915829891339e+02
2.346814618945481641e+02
2.343417096296707882e+02
2.340010984582600884e+02
2.336660993456321762e+02
2.333270001525071677e+02
2.329838380094331853e+02
2.326366578324853833e+02
2.322855119171040599e+02
2.319304594763735281e+02
2.315715661256728879e+02
2.312099967916061871e+02
2.308566726136567411e+02
2.305099423873930391e+02
2.301625144865085133e+02
2.298116520017620417e+02
2.294589089083677607e+02
2.291144864809224657e+02
2.287669104181003377e+02
2.284253802336035619e+02
2.280962765696317263e+02
2.277658708384010424e+02
2.274771736607421815e+02
2.272474818463556971e+02
2.270150834242670328e+02
2.267799895754389468e+02
2.265422101238476671e+02
2.263017545211395998e+02
2.260616712047349495e+02
2.258289264459984054e+02
2.255935420390712238e+02
2.253555359172088401e+02
2.251149299683004301e+02
2.248717506883662054e+02
2.246260297405025881e+02
2.243797669825062826e+02
2.241496311500866341e+02
2.239241949553058930e+02
2.237078393592898919e+02
2.234891953207159077e+02
2.232683335883325526e+02
2.230453310090712762e+02
2.228202702415238434e+02
2.225971225064964756e+02
2.223918741566114932e+02
2.221872511880634420e+02
2.219809531352055672e+02
2.217730860346687791e+02
2.215637584138822547e+02
2.213530805627929681e+02
2.211457892418376048e+02
2.209516377115915873e+02
2.207636414565603786e+02
2.205747415388677268e+02
2.203850472743785645e+02
2.201946652945968594e+02
2.200036988834463330e+02
2.198122473582450311e+02
2.196204055012244396e+02
2.194282630470071354e+02
2.192359042305007222e+02
2.190434073987064210e+02
2.188508446889953518e+02
2.186582817754879500e+02
2.184657776842895771e+02
2.182733846775051063e+02
2.180811482051792893e+02
2.178891069235999112e+02
2.176972927777575251e+02
2.175057311451850239e+02
2.173144410379036628e+02
2.171234353587805401e+02
2.169327212082509106e+02
2.167423002370815368e+02
2.165521690406408766e+02
2.163623195899943426e+02
2.161924792948080096e+02
2.160292168858517243e+02
2.158661917984720162e+02
2.157033838923737790e+02
2.155407709442351631e+02
2.153783292002727308e+02
2.152160339331173873e+02
2.150538599988545059e+02
2.148917823902770010e+02
2.147297767826158008e+02
2.145678200682270358e+02
2.144058908769474669e+02
2.142439700790506834e+02
2.140820412679669289e+02
2.139200912201510505e+02
2.137581103297022480e+02
2.135960930155499113e+02
2.134340380992278199e+02
2.132719491514536116e+02
2.131098348059215937e+02
2.129477090389006833e+02
2.127855914134027557e+02
2.126235072868575173e+02
2.124614879813939297e+02
2.122995709159887952e+02
2.121377996998994035e+02
2.119762241869546244e+02
2.118149004904327626e+02
2.116538909584118073e+02
2.114932641096362431e+02
2.113330945301059671e+02
2.111734627307588426e+02
2.110144549667889180e+02
2.108561630193172789e+02
2.106986839403132024e+02
2.105421197618493636e+02
2.103865771709625676e+02
2.102321671515875607e+02
2.100790045952232390e+02
2.099272078821891796e+02
2.097768984355228383e+02
2.096282002497577253e+02
2.094812393970063908e+02
2.093361435129460801e+02
2.091930412654634210e+02
2.090520618088605147e+02
2.089133342266465547e+02
2.087769869660386348e+02
2.086431472673688461e+02
2.085119405916347262e+02
2.083834900494360625e+02
2.082579158345126018e+02
2.081353346650243168e+02
2.080158592356063139e+02
2.078995976830752568e+02
2.077866530684669897e+02
2.076771228778453917e+02
2.075710985440438492e+02
2.074686649911815550e+02
2.073699002034471732e+02
2.072781146653176449e+02
2.071999230990365390e+02
2.071255896229699829e+02
2.070551614178704654e+02
2.069886769572660796e+02
2.069261657308889539e+02
2.068676479915276047e+02
2.068131345236288325e+02
2.067626264316802178e+02
2.067161149461679486e+02
2.066735812447395233e+02
2.066349962861167455e+02
2.066003206543041415e+02
2.065695044107408478e+02
2.065424869522377946e+02
2.065191968728478287e+02
2.064995518282154308e+02
2.064834584014592167e+02
2.064708119702336262e+02
2.064614965752957119e+02
2.064553847916508005e+02
2.064525220004444748e+02
2.064654200766274528e+02
2.064810702533579843e+02
2.064992988417981508e+02
2.065199201771330593e+02
2.065427365740149810e+02
2.065675383149391280e+02
2.065951121067543852e+02
2.066362388604739522e+02
2.066786509538783889e+02
2.067220920928120904e+02
2.067662946468261964e+02
2.068109799924838512e+02
2.068558589412168374e+02
2.069006322574817034e+02
2.069614124992490076e+02
2.071112372389053746e+02
2.072599229343556715e+02
2.074070682241109296e+02
2.075522693563908376e+02
2.076951228929637807e+02
2.078435114503516559e+02
2.079935060588100839e+02
2.081399728722937823e+02
2.082825372366029342e+02
2.084232324209809804e+02
2.085783636759184390e+02
2.087331819832988060e+02
2.088827580276598326e+02
2.090268067975886197e+02
2.091650662833263823e+02
2.092972987248297443e+02
2.094232915949326070e+02
2.095428583077238613e+02
2.096558386460044403e+02
2.097620989055551490e+02
2.098615317578682493e+02
2.099540558369168082e+02
2.100396150593853974e+02
2.101310752853701160e+02
2.102156648987007657e+02
2.102966561897782469e+02
2.103923804846290295e+02
2.104841967116130093e+02
2.105852841609625443e+02
2.107244425775948855e+02
2.109393106716220814e+02
2.111475531966950427e+02
2.114084611706665839e+02
2.117228197648779258e+02
2.120306255074870876e+02
2.123318893025831926e+02
2.126350921764899056e+02
2.129363878129553314e+02
2.132312548721324390e+02
2.135197611842531273e+02
2.138135441603999141e+02
2.141026299003453346e+02
2.143856593208088270e+02
2.146627688954727660e+02
2.149341128272563139e+02
2.151998630119576603e+02
2.154602088234165365e+02
2.157153567191357695e+02
2.159655296677888145e+02
2.162109664024098379e+02
2.164519205052794177e+02
2.166886593325347974e+02
2.169214627883300182e+02
2.171506219599103247e+02
2.173764376262483893e+02
2.175992186538903184e+02
2.178192802943934794e+02
2.180369423982028252e+02
2.182525275600229122e+02
2.184663592107255283e+02
2.186787596706012380e+02
2.189008782289953103e+02
2.191374321773476197e+02
2.193734976142194171e+02
2.196108223055005055e+02
2.198598301135727695e+02
2.201092144289350472e+02
2.203592371683547242e+02
2.206101437654425581e+02
2.208621614436124503e+02
2.211154975633860147e+02
2.213719028931660375e+02
2.216414421981685905e+02
2.219127884415497647e+02
2.221860555113322278e+02
2.224643104663202848e+02
2.227553524827951605e+02
2.230608565735367392e+02
2.233684621596610782e+02
2.236781416783499026e+02
2.240019682081480710e+02
2.243286219213588026e+02
2.246570830566934092e+02
2.249872006724603182e+02
2.253187927607046106e+02
2.256635065322584808e+02
2.260172328192224143e+02
2.263798509318053789e+02
2.267627437723420769e+02
2.271532179977037060e+02
2.275845919235316615e+02
2.281033354099521944e+02
2.286209899601916504e+02
2.291460770588270179e+02
2.296973573387869294e+02
2.302478595678239230e+02
2.307952508718716160e+02
2.313390075342184105e+02
2.318786058097414298e+02
2.324135256862467998e+02
2.329432545370602270e+02
2.334700348294918797e+02
2.340009220984147191e+02
2.345251597362805853e+02
2.350422983719182355e+02
2.355519112898590208e+02
2.360535966464342152e+02
2.365469793419896121e+02
2.370317125296942322e+02
2.375074787461434482e+02
2.379739906539414278e+02
2.384309913916173684e+02
2.388782545315011134e+02
2.393244077387426501e+02
2.397646674310545052e+02
2.401946879666498944e+02
2.406143574598206953e+02
2.411068258196004024e+02
2.416156310208845071e+02
2.422160432438419377e+02
2.428056154516143579e+02
2.433842044076181992e+02
2.439516885859387116e+02
2.445801203237390382e+02
2.452573561757332925e+02
2.459231471601294174e+02
2.465773908268156163e+02
2.472200087473931944e+02
2.478509469978432094e+02
2.485270843258049069e+02
2.492963335515075869e+02
2.501150280374544650e+02
2.509241866148219060e+02
2.517213438518388102e+02
2.525064645162412091e+02
2.532795454659866436e+02
2.540406165006334049e+02
2.547897407019576974e+02
2.555270142458610110e+02
2.562592908747139404e+02
2.570794812170225896e+02
2.578882223920647903e+02
2.586856609786333365e+02
2.594719711208290391e+02
2.602473528122212088e+02
2.610120296553960202e+02
2.617662461130151996e+02
2.625102642740154124e+02
2.632568387558488894e+02
2.639943303306810094e+02
2.647224781930433437e+02
2.654907791517441069e+02
2.663072923101015022e+02
2.671152169475767550e+02
2.679147480326831214e+02
2.687060639746385391e+02
2.694893227144341381e+02
2.702646577965847996e+02
2.710321744705294691e+02
2.717919458719612749e+02
2.725440093350416646e+02
2.732883628864352090e+02
2.740249619713601987e+02
2.747537164603653537e+02
2.755651108635852324e+02
2.764900746426347382e+02
2.774064230310657990e+02
2.783137243520165498e+02
2.792220522570751768e+02
2.801316035780994298e+02
2.810394235884166960e+02
2.819444272909203164e+02
2.828375889336856517e+02
2.837182452837074607e+02
2.845857069150077336e+02
2.854392623812351530e+02
2.862781824824700720e+02
2.871017245782446139e+02
2.879176892464682282e+02
2.887261550114511124e+02
2.895376958638379392e+02
2.903391382018004947e+02
2.911266153875073996e+02
2.918942212225225035e+02
