3.408715861822411171e+02
3.409777827330132141e+02
3.410735847196256145e+02
3.411579037606961720e+02
3.412298814848041957e+02
3.412924290465790591e+02
3.413460410645564025e+02
3.413905011451648761e+02
3.414510297355612920e+02
3.414994996520597397e+02
3.415443455732648204e+02
3.415791834616727556e+02
3.416055024940345106e+02
3.416219120325221184e+02
3.416260269896146156e+02
3.416179323965657773e+02
3.416035667992211415e+02
3.415787303011213680e+02
3.415424700120498755e+02
3.414966481328008285e+02
3.414487222899736025e+02
3.414240622331549275e+02
3.413968214168064605e+02
3.413626215298265834e+02
3.413172827947897758e+02
3.412629856247257294e+02
3.411984507816820269e+02
3.411230067557527832e+02
3.410367539223537960e+02
3.409397901897025918e+02
3.408322101418836496e+02
3.407141041611589003e+02
3.405855575339353436e+02
3.404472647736571389e+02
3.403001397822138188e+02
3.401427905407997514e+02
3.399759995047304528e+02
3.398032823276060981e+02
3.396204796680634672e+02
3.394276166545814704e+02
3.392247065099102770e+02
3.390124035217569940e+02
3.387921418022946227e+02
3.385638145990956218e+02
3.383253630506405898e+02
3.380767333853380592e+02
3.378178576162396212e+02
3.375486536100767125e+02
3.372996892859772515e+02
3.370426521051215332e+02
3.367751521348102415e+02
3.365071287768381580e+02
3.362303481803396608e+02
3.359424584783039336e+02
3.356432935327188147e+02
3.353361121344577214e+02
3.350179467775361672e+02
3.346879755551434528e+02
3.343460167808786991e+02
3.339919097078602022e+02
3.336301339960998007e+02
3.332558386971679738e+02
3.328688577183188499e+02
3.324702140532685917e+02
3.320593584985003872e+02
3.316353805451350922e+02
3.312191974084453250e+02
3.308131476312691461e+02
3.303936141523965375e+02
3.300228992776144423e+02
3.296747241796538788e+02
3.293231447349641030e+02
3.289616165254780071e+02
3.286235401618588412e+02
3.282834721557084094e+02
3.279420330877143215e+02
3.276175996957336451e+02
3.272995389364671155e+02
3.269828941933846522e+02
3.266654510610043189e+02
3.263555249541118428e+02
3.260368876446661943e+02
3.257050337639592499e+02
3.253601731607558349e+02
3.250061481801961349e+02
3.246428507160955519e+02
3.242929092386935963e+02
3.239773527040524641e+02
3.236876085266822543e+02
3.234564749246335964e+02
3.232622087293725031e+02
3.230945727961183138e+02
3.229184917838784941e+02
3.227444826612190241e+02
3.226244303111482168e+02
3.225108828348595580e+02
3.223916309103494768e+02
3.222680300821317587e+02
3.221367126128410519e+02
3.219981685881508611e+02
3.218571277993178228e+02
3.217148777938780313e+02
3.215957639491600730e+02
3.214826971263453856e+02
3.213651700312908588e+02
3.212437704048475098e+02
3.211190992801500101e+02
3.209917676408452394e+02
3.209029396195102208e+02
3.208226685655592973e+02
3.207452782495862493e+02
3.206704730985481433e+02
3.205960866906112869e+02
3.205500640016448415e+02
3.205088900439766917e+02
3.204720776046839319e+02
3.204381143039788640e+02
3.204161655686856420e+02
3.203973591965799983e+02
3.203945238751202282e+02
3.204458520119117111e+02
3.205281489230610532e+02
3.206147365170695593e+02
3.207057693643893117e+02
3.208013628225905336e+02
3.209015926356719319e+02
3.210090520696361978e+02
3.211268808069638681e+02
3.212955208697354692e+02
3.214793548286269242e+02
3.217165163010996594e+02
3.219578048178608469e+02
3.222029635204519877e+02
3.224807721816503658e+02
3.228055938965723044e+02
3.231347531781260614e+02
3.234850227215497398e+02
3.238600090152795019e+02
3.242387308932446786e+02
3.246277154598349171e+02
3.250211078963296814e+02
3.254141698034428600e+02
3.258063499796205633e+02
3.261977662853240076e+02
3.265908002404239596e+02
3.269890851578505817e+02
3.274096929853193956e+02
3.278304078321994552e+02
3.282520791906409841e+02
3.286713886264694224e+02
3.290871457931889381e+02
3.295042836025096449e+02
3.299469956497782732e+02
3.303833475829359259e+02
3.308209009645569267e+02
3.313302792960104171e+02
3.318485323052511262e+02
3.323679405874045187e+02
3.329013969442224834e+02
3.334591549009890059e+02
3.340581117211470428e+02
3.346679735607657449e+02
3.352675964509119240e+02
3.358649426954077626e+02
3.365448851416109051e+02
3.372831653443483333e+02
3.380121138984853246e+02
3.387716185903449286e+02
3.395672067054179024e+02
3.403589366716524864e+02
3.412001633899909621e+02
3.420530410749983048e+02
3.428934095592544509e+02
3.437188785572380993e+02
3.445743091966051566e+02
3.454592675005631008e+02
3.463282845705250566e+02
3.471810587331449369e+02
3.480391626537528964e+02
3.488916459528568907e+02
3.497300178978740632e+02
3.505587275651992059e+02
3.514019635514405877e+02
3.522343965285058403e+02
3.531318057049815025e+02
3.540529257805236512e+02
3.549616108613109304e+02
3.558525138057649428e+02
3.567256093062994751e+02
3.575809066557012557e+02
3.584193706863645161e+02
3.592466179247426794e+02
3.600866825255043295e+02
3.609115911449699183e+02
3.617274314313906416e+02
3.625751275694057654e+02
3.634579352449311500e+02
3.643529242313003351e+02
3.652309318555397226e+02
3.660920410916446599e+02
3.669741629504252387e+02
3.678683786237744471e+02
3.687618641311318015e+02
3.696387436660331218e+02
3.704997583639955110e+02
3.713457961364011908e+02
3.721791521687538307e+02
3.730108982275210110e+02
3.738448244654504720e+02
3.746640391548805837e+02
3.754671224215201732e+02
3.762541345787286104e+02
3.770774455335780431e+02
3.779385311084010937e+02
3.787860358522234492e+02
3.796505362328913975e+02
3.805188839771461744e+02
3.813968432601159293e+02
3.822782657883022921e+02
3.831464892991630791e+02
3.839991013464085086e+02
3.848751507392944404e+02
3.857348297352509121e+02
3.865779990420476224e+02
3.874045120058452198e+02
3.882334365971294119e+02
3.890645583709547282e+02
3.898784796924801412e+02
3.906752216234347088e+02
3.914750389813549987e+02
3.923022028034737332e+02
3.931411435908184444e+02
3.939635062703746939e+02
3.947683848181103485e+02
3.955541516656217027e+02
3.963204803495075907e+02
3.970670420478675737e+02
3.977935064107408607e+02
3.985006863244404940e+02
3.991899472106063627e+02
3.998581176249990108e+02
4.005300828048530093e+02
4.012226836073007803e+02
4.019506296840380628e+02
4.026559798524074267e+02
4.033383082906271966e+02
4.039981359066180175e+02
4.046361683458665084e+02
4.052519531737862053e+02
4.058745335683303210e+02
4.064726369355192901e+02
4.070521347531426386e+02
4.076476290688384552e+02
4.082373393344807937e+02
4.088122917095017215e+02
4.093606972366122818e+02
4.098824321670113022e+02
4.103788757166503274e+02
4.108481809999831285e+02
4.112902386972157842e+02
4.117049843641557345e+02
4.120923979568790401e+02
4.124525026191655002e+02
4.127853627366626483e+02
4.130910812754119661e+02
4.133697964360690094e+02
4.136672263949517969e+02
4.139446091025147325e+02
4.141955119272972752e+02
4.144880193602472218e+02
4.148085138295789989e+02
4.151415073470919310e+02
4.154930739616214623e+02
4.158410236806077478e+02
4.161630753086919299e+02
4.164738925526302182e+02
4.168592720726148855e+02
4.172390160800326839e+02
4.175927415829115716e+02
4.179203825339822629e+02
4.182218799794723054e+02
4.185092176388842518e+02
4.187940231460432869e+02
4.190797611634891382e+02
4.193459726305435424e+02
4.195856873365159458e+02
4.197988331402622180e+02
4.199853529463358086e+02
4.201471789385976194e+02
4.202823292447613426e+02
4.203907788412294622e+02
4.205053596493430064e+02
4.206155745809286373e+02
4.207022022427060506e+02
4.207621750557290170e+02
4.207958115165394020e+02
4.208440577902223367e+02
4.208718052579015989e+02
4.209114267085788583e+02
4.209307660574099259e+02
4.209483176668956617e+02
4.209629013430466671e+02
4.209555781604543085e+02
4.209217734874797543e+02
4.208615047289466702e+02
4.207747927886292132e+02
4.206727595461616147e+02
4.205633734847132814e+02
4.204352297860814360e+02
4.203462214187858308e+02
4.202638877708965879e+02
4.201748152643615413e+02
4.200741554123605965e+02
4.199769936268926926e+02
4.198783317879040169e+02
4.197780493932522177e+02
4.197056125790463170e+02
4.196155453566005917e+02
4.195337366025438541e+02
4.194239532003622912e+02
4.193262860515284274e+02
4.192030621568524111e+02
4.190513308624192632e+02
4.188716499848106309e+02
4.186683003011696655e+02
4.184651540032271555e+02
4.182356161262359251e+02
4.179860535954423995e+02
4.177719454900021105e+02
4.175678080301090631e+02
4.173913364512806083e+02
4.172021935935916872e+02
4.169990406729640426e+02
4.168053428355794949e+02
4.165838771618874716e+02
4.163348991844250122e+02
4.161077881053689680e+02
4.158790734336349715e+02
4.156237688000940125e+02
4.153422355735343672e+02
4.150348756217109667e+02
4.147021281137266442e+02
4.143463636364153899e+02
4.139885766687455657e+02
4.136382264818059866e+02
4.133256620721722925e+02
4.129959059507410757e+02
4.126972690907166452e+02
4.124070951047821154e+02
4.120952553793881634e+02
4.117621566471784718e+02
4.114414512475998436e+02
4.111016700423115253e+02
4.107766015382355818e+02
4.104327045185135603e+02
4.101056172311011778e+02
4.097761419799851978e+02
4.094276474860198505e+02
4.090603639358703276e+02
4.086752757344411293e+02
4.083476105966026353e+02
4.080171946912113299e+02
4.076702871793905274e+02
4.073067422067089183e+02
4.069355027910968374e+02
4.065902431685309466e+02
4.062289989256551053e+02
4.058668861266366434e+02
4.055174855432309187e+02
4.051509897500403667e+02
4.048035987617983551e+02
4.044393546135140696e+02
4.040569456009955047e+02
4.036562710172329389e+02
4.032407381669436290e+02
4.028160880597664004e+02
4.023827625287196383e+02
4.019526546097960136e+02
4.015038374120192657e+02
4.010636764972753667e+02
4.006677906683970605e+02
4.002565196670675505e+02
3.998525884394119885e+02
3.995082190593875566e+02
3.991655035239175504e+02
3.988034207423459065e+02
3.984218976652941819e+02
3.980373867358078996e+02
3.976513289383652818e+02
3.972563202998501311e+02
3.968664900392955701e+02
3.964572044940333058e+02
3.960285299402035548e+02
3.955805681480218823e+02
3.951134545479990834e+02
3.946789769927017915e+02
3.943411665563415340e+02
3.940056945051334765e+02
3.936623622374590923e+02
3.933687879229692044e+02
3.930827588676179403e+02
3.927843931566688980e+02
3.925417138065856761e+02
3.923167035387990040e+02
3.920865500620873263e+02
3.918777504337464279e+02
3.916603422672729380e+02
3.914510400354000694e+02
3.912714923576114643e+02
3.910783494460757765e+02
3.908782922045062946e+02
3.906601758138606328e+02
3.904247713758620648e+02
3.901728351439798530e+02
3.899029796740862821e+02
3.896154038171184766e+02
3.893103269546750766e+02
3.889879851783879872e+02
3.886486270526507383e+02
3.883517808735300605e+02
3.880679856539909451e+02
3.877910216440393469e+02
3.875433307123677196e+02
3.872869387554055720e+02
3.870362248330627040e+02
3.868716601038788099e+02
3.867276800985703176e+02
3.865990880625179216e+02
3.864544005379577811e+02
3.862935309105026818e+02
3.861163888583695893e+02
3.859495227371804731e+02
3.857883005989993421e+02
3.856528033549476504e+02
3.855373687883020466e+02
3.854050761253330393e+02
3.852557887084346930e+02
3.851043446496215665e+02
3.849752229442851217e+02
3.848298240945808288e+02
3.847017932116076508e+02
3.845863841903168918e+02
3.845162935545007485e+02
3.844843341142980080e+02
3.844939251882422013e+02
3.845119765720380087e+02
3.845381903630046736e+02
3.845513087866880824e+02
3.845843142179575125e+02
3.845979995143725318e+02
3.845931556380173788e+02
3.845871328181588069e+02
3.845894816217572725e+02
3.845893171734431917e+02
3.845942257464547538e+02
3.846061731684624192e+02
3.846385064446754996e+02
3.846737394696040155e+02
3.847322594755078171e+02
3.848019486771769948e+02
3.849406021371726752e+02
3.851008773920964927e+02
3.852702312797700301e+02
3.854431161593569755e+02
3.855938063379804248e+02
3.857221023173232197e+02
3.858278356083424114e+02
3.859108683628799668e+02
3.859710922808105238e+02
3.860446285923514438e+02
3.860963516747352742e+02
3.861417488846644233e+02
3.862309819387688776e+02
3.863459069311893472e+02
3.864646083969744836e+02
3.865597991250295991e+02
3.866313478073613510e+02
3.866791365353634546e+02
3.867030592923532595e+02
3.867030201034740458e+02
3.866789308791945814e+02
3.866760141346221644e+02
3.866816992251553415e+02
3.866638119106590921e+02
3.866872966400128462e+02
3.867170561098816961e+02
3.867341000333821626e+02
3.867442343420797215e+02
3.867491211219821707e+02
3.867282374775074913e+02
3.866812996407029459e+02
3.866107355306187401e+02
3.865394115887120279e+02
3.864524702561081995e+02
3.863383354859395240e+02
3.861967247397209917e+02
3.860273681100642307e+02
3.858300093663625603e+02
3.856620239614557590e+02
3.854807340113244436e+02
3.852891882133640138e+02
3.851012709035469470e+02
3.849130536326484844e+02
3.846952722070477080e+02
3.844476670451888367e+02
3.842192067580825778e+02
3.839625925808913962e+02
3.836826333963664979e+02
3.833766444242942271e+02
3.830766638580701624e+02
3.828031277419871685e+02
3.825132770316870392e+02
3.822515522619665944e+02
3.819632484940318591e+02
3.816431393493188580e+02
3.813064620305140693e+02
3.809750376493101385e+02
3.806114312823466435e+02
3.802405417198041278e+02
3.798493576198374058e+02
3.794287598747907850e+02
3.790045503121681918e+02
3.786336798563056618e+02
3.782468492112818694e+02
3.778366497624381282e+02
3.774233964146154676e+02
3.769777231840755576e+02
3.764996806707163159e+02
3.759893565682136796e+02
3.754468753601589697e+02
3.748723974459683745e+02
3.742661177055931603e+02
3.736282635223610669e+02
3.729855361432876180e+02
3.723184845027964229e+02
3.716206402162058566e+02
3.709228483123048363e+02
3.702114700310248168e+02
3.694701685326646157e+02
3.686992468589154441e+02
3.678990180928627751e+02
3.670968634234857859e+02
3.663000552397634806e+02
3.654840542605458040e+02
3.646398642073908150e+02
3.637677314371060788e+02
3.628678995827755784e+02
3.619456674371314193e+02
3.610030387623418164e+02
3.600334150449361914e+02
3.590729346211250004e+02
3.581391980222252869e+02
3.571790222209758667e+02
3.561925473736691856e+02
3.551949674947079529e+02
3.542002468928801591e+02
3.531795683066500260e+02
3.521330203443708911e+02
3.510606929620494725e+02
3.499860796242988954e+02
3.489088621659004730e+02
3.478061087255503026e+02
3.466812340853259684e+02
3.455600437997354675e+02
3.444135566678329496e+02
3.432418604804363440e+02
3.420491565290890321e+02
3.408315990621187552e+02
3.395920966176446996e+02
3.383436384255846292e+02
3.371312983491192199e+02
3.359628577189155294e+02
3.347911423987706030e+02
3.336264783431353180e+02
3.324381406722014844e+02
3.312355085291212617e+02
3.300472353506003742e+02
3.288733658660706851e+02
3.276767446967854198e+02
3.264612993879687792e+02
3.252969844184145813e+02
3.241205801625216054e+02
3.229225009641724000e+02
3.217046921212617008e+02
3.205160318822195791e+02
3.193292144402201984e+02
3.181944388383639648e+02
3.171169513806947293e+02
3.160281393580235658e+02
3.150003520086422668e+02
3.140287207393383824e+02
3.130879624087140201e+02
3.121335322027916277e+02
3.111647579952933711e+02
3.101918791208139510e+02
3.092659177746321006e+02
3.083530866451848169e+02
3.074393390220328683e+02
3.065082520836903086e+02
3.055787895785998671e+02
3.046828653860583245e+02
3.037941865850232830e+02
3.029159682533309592e+02
3.020329117013851601e+02
3.011342320556018990e+02
3.002202496665175318e+02
2.992913084695155703e+02
2.983496239351477470e+02
2.973980064100106802e+02
2.964497894651789238e+02
2.955317116293681465e+02
2.946205931070635984e+02
2.936974974336473565e+02
2.927631921959090278e+02
2.918333371502882301e+02
2.909125984748339988e+02
2.900442323556737847e+02
2.892174127255350413e+02
2.883798415698506119e+02
2.875724601588268570e+02
2.868151302502838007e+02
2.860475841303342008e+02
2.852699147888345124e+02
2.844822449201014365e+02
2.836846951175169238e+02
2.828773840107086812e+02
2.821324486430432898e+02
2.814404743688679105e+02
2.807722867560042914e+02
2.800999129644874870e+02
2.794221077492660470e+02
2.787345997722908919e+02
2.780375764552399005e+02
2.773634377775716757e+02
2.767271014661591835e+02
2.761311330182268193e+02
2.755578082896594196e+02
2.750173252745527179e+02
2.744793194483982575e+02
2.739976530408130770e+02
2.735098921478146963e+02
2.730113078232110411e+02
2.725017452044184552e+02
2.720245318617202770e+02
2.715595163839712995e+02
2.710845658167253305e+02
2.706008500490380015e+02
2.701549155935496174e+02
2.697403339394209070e+02
2.693320668159987008e+02
2.689239983961613802e+02
2.685528231086032633e+02
2.681949796020257395e+02
2.678246041535762743e+02
2.674898332870208151e+02
2.671903201889542743e+02
2.668837958680056772e+02
2.665658160003003445e+02
2.662394144307673969e+02
2.659089273758528407e+02
2.655683817221704430e+02
2.652151227607969304e+02
2.648489868327524732e+02
2.645081156214386624e+02
2.642124939902191727e+02
2.639316142905228730e+02
2.636383113140732917e+02
2.633415860003381113e+02
2.630330225655175127e+02
2.627402565420874225e+02
2.624960625204913640e+02
2.623242545262821181e+02
2.621401273519065853e+02
2.619441710830713532e+02
2.617458353706821299e+02
2.615362682282076889e+02
2.613140224618774710e+02
2.610793337955618654e+02
2.608332658052283932e+02
2.606078544069569602e+02
2.603789510600304311e+02
2.601386460490213608e+02
2.599284697961926440e+02
2.597492453491817059e+02
2.595693657031700923e+02
2.593764300219022516e+02
2.591685929523845289e+02
2.589455089731213207e+02
2.587068270545565838e+02
2.584521924934431922e+02
2.582125216921562014e+02
2.579609574503440967e+02
2.576931643074441354e+02
2.574436263376363172e+02
2.571931373817718622e+02
2.569289825668104186e+02
2.566519466796625011e+02
2.563559026810547721e+02
2.560405018023418506e+02
2.557069894574143802e+02
2.553589895448249365e+02
2.549923070017512714e+02
2.546050959891702234e+02
2.541970550764231120e+02
2.537954851383005348e+02
2.533916727234268649e+02
2.530283621320261602e+02
2.526501860177629055e+02
2.522682621229111533e+02
2.518758657409396449e+02
2.514608106133557612e+02
2.510246479942414624e+02
2.506067069298309207e+02
2.501849509018683193e+02
2.497724739580086748e+02
2.493830842147457076e+02
2.490084450682292641e+02
2.486578517794472987e+02
2.483582111151214349e+02
2.480343521167732206e+02
2.476878217455214326e+02
2.473184518578221969e+02
2.469246246698460823e+02
2.465063624003919074e+02
2.460637417358454400e+02
2.455998105369257303e+02
2.451118306501257678e+02
2.446000358697850743e+02
2.441009139947770450e+02
2.436259430375786224e+02
2.431524953263914881e+02
2.427020889213758892e+02
2.422600936641444491e+02
2.418021326814246663e+02
2.413225283520563380e+02
2.408216649002558825e+02
2.402999626166162557e+02
2.397578757157459961e+02
2.392301994384662862e+02
2.386923888885460769e+02
2.381361278320122494e+02
2.375916342031992201e+02
2.370436983807111915e+02
2.364794262250962902e+02
2.358983302945808305e+02
2.353025892740236031e+02
2.347199147642152752e+02
2.341580092459846014e+02
2.335865074789363121e+02
2.330017107095418112e+02
2.324031155560207367e+02
2.317981715838143089e+02
2.311845481370458515e+02
2.305600881974276604e+02
2.299236152657541652e+02
2.292755420872201455e+02
2.286339329303080490e+02
2.279951234034694494e+02
2.273457751182776008e+02
2.266861794607938521e+02
2.260166042193595501e+02
2.253372928861984121e+02
2.246484640940204258e+02
2.239503111929622605e+02
2.232430019722247607e+02
2.225292790125072031e+02
2.218110272367511016e+02
2.210839691351341116e+02
2.203594472408283877e+02
2.196742548189273521e+02
2.190223618884099324e+02
2.183646014512214606e+02
2.177014541098472478e+02
2.170293026391959756e+02
2.163480202449535454e+02
2.156645124898573158e+02
2.149820190570168279e+02
2.142899568263175638e+02
2.135881695656748320e+02
2.128764998096210093e+02
2.121547911506675064e+02
2.114249539305468488e+02
2.107002497120472526e+02
2.099910573542467205e+02
2.092711988796426112e+02
2.085405145731410528e+02
2.077988576963083460e+02
2.070621354014335225e+02
2.063307518363668294e+02
2.055879927526222843e+02
2.048347240473588613e+02
2.040798502291536920e+02
2.033702287744793011e+02
2.026610228843236712e+02
2.019399473635281197e+02
2.012364921637813779e+02
2.005477673171911022e+02
1.998485370227083422e+02
1.991399809382684225e+02
1.984202733150083020e+02
1.977072375754201232e+02
1.970629965417358562e+02
1.964098730732197282e+02
1.957450962336708642e+02
1.950688106238235946e+02
1.943811982144555373e+02
1.936839127907463762e+02
1.929759919142035187e+02
1.922608226765916299e+02
1.915588670128890953e+02
1.909011179894573615e+02
1.902472813917211454e+02
1.895878937594583817e+02
1.889208487251285646e+02
1.882648200679867045e+02
1.876183122864558754e+02
1.869665276474796940e+02
1.863085925812748371e+02
1.856448867268488243e+02
1.849762424079476375e+02
1.843035758125048460e+02
1.836251222453394121e+02
1.829413036122513176e+02
1.822809692237275954e+02
1.816290915428570827e+02
1.809738003424344868e+02
1.803488573831035637e+02
1.797359532434277298e+02
1.791300763207565865e+02
1.785681066790802447e+02
1.780132036151597390e+02
1.774559956254714166e+02
1.769277987102683767e+02
1.764185145328355020e+02
1.759075230919267767e+02
1.753962752530287617e+02
1.748872820860505612e+02
1.743774175835761184e+02
1.738663554245042633e+02
1.733541896185570295e+02
1.728410028045671254e+02
1.723410251609691102e+02
1.718593564467167027e+02
1.713784616237495015e+02
1.709028021352182805e+02
1.704320679543430117e+02
1.699615168176987368e+02
1.694964828479290304e+02
1.690306149805789744e+02
1.685639291122023451e+02
1.680975002119045030e+02
1.676315432915937436e+02
1.671725386747168614e+02
1.667423361250870357e+02
1.663129242292183108e+02
1.658894424846844800e+02
1.654653315176260264e+02
1.650406348512302088e+02
1.646154065332267464e+02
1.641960154404906973e+02
1.637849584861326093e+02
1.633959879549648804e+02
1.630170259759869111e+02
1.626751067901061845e+02
1.623412862920674229e+02
1.620513051958188271e+02
1.617612025239322975e+02
1.614752988628966079e+02
1.611900183692656867e+02
1.609060574911666492e+02
1.606545021860616487e+02
1.604052546103738734e+02
1.601559688711016065e+02
1.599099041682080440e+02
1.597293431689334398e+02
1.595632110984834071e+02
1.593985244259085619e+02
1.592341107062465539e+02
1.590698568985848169e+02
1.589131919557775348e+02
1.587587355795702706e+02
1.586042297279516617e+02
1.584608843359079913e+02
1.583224446533328660e+02
1.581843596941903627e+02
1.580463924161435614e+02
1.579086457471961467e+02
1.577729111884713689e+02
1.576863350344724495e+02
1.576046362936503442e+02
1.575238222577423244e+02
1.574434030663583712e+02
1.573634066018819908e+02
1.572838574615095695e+02
1.572063049351053792e+02
1.571364548012644207e+02
1.570726065135864644e+02
1.570094220879261115e+02
1.569491573255856451e+02
1.568939052671437935e+02
1.568668152470565929e+02
1.568456247212532162e+02
1.568319808249244431e+02
1.568524865230191665e+02
1.568793819760317092e+02
1.569082412096390726e+02
1.569388384516908559e+02
1.569731659869360385e+02
1.570119585411309515e+02
1.570632796636064086e+02
1.571283791359202269e+02
1.571927290589104871e+02
1.572878786367271857e+02
1.573862926899442982e+02
1.574834253373091428e+02
1.575790908362784819e+02
1.576731099337586670e+02
1.577653117692551632e+02
1.578579331889857258e+02
1.579542870701928905e+02
1.580491182732654920e+02
1.581453285480249633e+02
1.582407860412213267e+02
1.583336586113692874e+02
1.584332067135905788e+02
1.585436671469229566e+02
1.586901750851876329e+02
1.588344885607038464e+02
1.589758944198283643e+02
1.591143474821297445e+02
1.592506604159013079e+02
1.593943810949002113e+02
1.595364539929690295e+02
1.597253173504530537e+02
1.599157836405177022e+02
1.601031847827804881e+02
1.602875056123008903e+02
1.605082503314447990e+02
1.607755054264923729e+02
1.610401382230995466e+02
1.613043640142247455e+02
1.615677540011373878e+02
1.618391341763645528e+02
1.621119010905711093e+02
1.623866379826792468e+02
1.626611621193750636e+02
1.629325787881791996e+02
1.632030607924932610e+02
1.634714772978079509e+02
1.637384595184765033e+02
1.640302009439796507e+02
1.643222512661155577e+02
1.646110133428125550e+02
1.648984381475746090e+02
1.651834686175186846e+02
1.654658002140762960e+02
1.657473220763751556e+02
1.660257054471720721e+02
1.663047045750012956e+02
1.665851261541576491e+02
1.668689841064589814e+02
1.671510769594059980e+02
1.674387394803204643e+02
1.677220973530757533e+02
1.680011013426814657e+02
1.682756979132117294e+02
1.685458283358525193e+02
1.688114278067092471e+02
1.690737079796796820e+02
1.693327606573125479e+02
1.695871284896914517e+02
1.698444092558740977e+02
1.701300277741054856e+02
1.704139952772278548e+02
1.706932083182873043e+02
1.709669517812362756e+02
1.712350448736788167e+02
1.714972996300083707e+02
1.717535218147123146e+02
1.720035118547382353e+02
1.722475801904034824e+02
1.724963926380081887e+02
1.727390816983631794e+02
1.729769322620132925e+02
1.732114892814151972e+02
1.734406041712925344e+02
1.736620231652999280e+02
1.738784086272858076e+02
1.740867582880284203e+02
1.742867959201278154e+02
1.744969457056995452e+02
1.747174901596650898e+02
1.749312503232757479e+02
1.751358387401433276e+02
1.753310435397393974e+02
1.755166626033756074e+02
1.756925048602966513e+02
1.758636660181063291e+02
1.760329863995909818e+02
1.761920354473816133e+02
