4.061895268017617582e+02
4.061329358987187561e+02
4.061187572087220587e+02
4.061014160675721314e+02
4.060853239440710922e+02
4.060679944862222897e+02
4.060469508302824124e+02
4.060222110422366200e+02
4.059935667529586567e+02
4.059615119528148171e+02
4.059356826658214459e+02
4.059062100824957042e+02
4.058748458777715769e+02
4.058398282961176164e+02
4.058009760826695924e+02
4.057588545497883388e+02
4.057341498162287508e+02
4.057088050716054681e+02
4.056792853437526674e+02
4.056460422687692926e+02
4.056092726614135699e+02
4.055682755646610076e+02
4.055226822913937212e+02
4.054724106311550713e+02
4.054173826351156436e+02
4.053575259252241381e+02
4.053066142772495368e+02
4.052557354098114502e+02
4.051997876697940910e+02
4.051420472308965373e+02
4.050835679515839729e+02
4.050213936242756745e+02
4.049540162499141616e+02
4.048832525455364930e+02
4.048074074855733215e+02
4.047305485641184077e+02
4.046610672880623838e+02
4.046108905746203845e+02
4.045557772079091023e+02
4.044953619026993010e+02
4.044312885061352745e+02
4.043701061941304715e+02
4.043128414796493644e+02
4.042672971758864833e+02
4.042203565979949644e+02
4.041684043354505320e+02
4.041115582378407112e+02
4.040642962981992241e+02
4.040154632023990189e+02
4.039615359856006762e+02
4.039041931957037832e+02
4.038417737330081536e+02
4.037813093600485104e+02
4.037494512585843722e+02
4.037149464570122177e+02
4.036902491832113924e+02
4.036619958923515128e+02
4.036309508579925023e+02
4.035968422356353358e+02
4.035583157277656596e+02
4.035158671743719196e+02
4.034689201584392322e+02
4.034180146327172451e+02
4.033630607468346625e+02
4.033085447638700316e+02
4.032607245413435066e+02
4.032173346076202165e+02
4.031836769311501030e+02
4.031495223165569541e+02
4.031304823478542403e+02
4.031087295722444992e+02
4.030839995339874804e+02
4.030891004082965310e+02
4.030923819813453974e+02
4.030927900010896110e+02
4.031014470137993158e+02
4.031083275110540285e+02
4.031126196342282242e+02
4.031134737125886431e+02
4.031107795037051460e+02
4.031045882358065455e+02
4.030959964686987860e+02
4.030897891944872526e+02
4.030992879643380320e+02
4.031274006679689705e+02
4.031514889105953898e+02
4.031710660850403656e+02
4.031856276301313073e+02
4.032077257784436597e+02
4.032303043945502736e+02
4.032471310759541439e+02
4.032790277697744727e+02
4.033087401264364757e+02
4.033319629220300158e+02
4.033483628171966302e+02
4.033575721371595364e+02
4.033596096489008005e+02
4.033694477448777889e+02
4.033822047000953717e+02
4.033925012922135238e+02
4.034056514389083077e+02
4.034362893918584518e+02
4.034982216638778709e+02
4.035533600095101292e+02
4.035989976722414099e+02
4.036350402509715423e+02
4.036611368953824126e+02
4.036778213652115710e+02
4.037010354409756019e+02
4.037319533179628479e+02
4.037837662765864479e+02
4.038265131258978045e+02
4.038672879830385227e+02
4.039062275272624447e+02
4.039417373825823461e+02
4.039671035044602831e+02
4.039819739122265787e+02
4.039863882837875053e+02
4.039796333660411847e+02
4.039620035217879490e+02
4.039337695309034189e+02
4.038952212872563905e+02
4.038634295663142666e+02
4.038219150774062882e+02
4.037708816561111576e+02
4.037109511966667128e+02
4.036428826369945000e+02
4.035878685336858780e+02
4.035547862872089127e+02
4.035435126463243023e+02
4.035404183119307504e+02
4.035629751617467491e+02
4.035937203978603520e+02
4.036382736982286588e+02
4.037024742548510403e+02
4.037892004782162303e+02
4.038677059098017708e+02
4.039383721434505787e+02
4.040015644189917339e+02
4.040557762667488078e+02
4.041004100005355326e+02
4.041356897842860576e+02
4.041675387663618153e+02
4.042010017389872019e+02
4.042242075378233039e+02
4.042370104221891438e+02
4.042395175624474177e+02
4.042335140175104016e+02
4.042173013157402579e+02
4.041903176793747434e+02
4.041567254560910101e+02
4.041311046927503980e+02
4.041186894978427517e+02
4.041087092634833766e+02
4.040963764998550118e+02
4.040933529059938678e+02
4.040979534325055056e+02
4.040983640252632654e+02
4.040984819095662033e+02
4.040901111548422477e+02
4.040719750962730927e+02
4.040641249573992582e+02
4.040510448305296904e+02
4.040517154495187810e+02
4.040510201948229678e+02
4.040395753773701699e+02
4.040164630601158251e+02
4.040058238536457225e+02
4.039978143239627002e+02
4.039776604455216784e+02
4.039489805076997868e+02
4.039245046670282591e+02
4.038966591586655568e+02
4.038693409506822150e+02
4.038501405229708325e+02
4.038354702323249512e+02
4.038228048126755994e+02
4.038027626028552390e+02
4.037687889138672972e+02
4.037457737156963162e+02
4.037478066152111751e+02
4.037389132198970287e+02
4.037319898341655744e+02
4.037104385244879268e+02
4.036849004469989950e+02
4.036585687757062715e+02
4.036213236919985548e+02
4.035739278163810013e+02
4.035101614080281820e+02
4.034485267180393748e+02
4.033829541541230128e+02
4.033112994253402803e+02
4.032215976398117618e+02
4.031301742081381008e+02
4.030308485472976372e+02
4.029206351904950907e+02
4.028268722019747656e+02
4.027420974155240856e+02
4.026387702758702289e+02
4.025171441115189737e+02
4.023778075085972432e+02
4.022202393456002483e+02
4.020480284134619069e+02
4.018905821262122799e+02
4.017335551403117506e+02
4.016010434229808084e+02
4.014666397467801744e+02
4.013537061448285499e+02
4.012309883235769234e+02
4.011056242014918780e+02
4.009780324171858297e+02
4.008392876225418036e+02
4.007055929923110398e+02
4.005595422871979281e+02
4.004073121835230040e+02
4.002624352949055151e+02
4.001435304801102575e+02
4.000198869447692687e+02
3.998931174921713136e+02
3.997646815797036197e+02
3.996346366287580167e+02
3.995018139198831477e+02
3.993487362683873698e+02
3.991763568250173648e+02
3.989849010898724373e+02
3.987720464890618928e+02
3.985374188236135637e+02
3.983293569240890974e+02
3.981044352536324595e+02
3.978687096640298932e+02
3.976107064740522219e+02
3.973498498016989515e+02
3.970948146255807387e+02
3.968213458006929386e+02
3.965302838951107560e+02
3.962310163265834717e+02
3.959506015586050012e+02
3.957088891646985758e+02
3.955073630386672221e+02
3.952921968265513328e+02
3.950588393741645632e+02
3.948148739597646113e+02
3.945704368113697456e+02
3.943156808270772444e+02
3.940466053760125078e+02
3.938173915341392330e+02
3.936028013256366194e+02
3.933758859852482033e+02
3.931678997571881382e+02
3.930184931094112812e+02
3.928529757512177980e+02
3.926690799597014347e+02
3.924683521518815041e+02
3.922478795363621202e+02
3.920082493685735585e+02
3.917884231243634758e+02
3.915677916644071956e+02
3.913687762451875187e+02
3.911851023792825117e+02
3.909849282505106771e+02
3.907792535579056903e+02
3.905577517833634147e+02
3.903283452345986575e+02
3.901039524541982928e+02
3.898818547410016890e+02
3.896418740618119045e+02
3.893977718005726274e+02
3.891385735857980421e+02
3.888768211906999568e+02
3.885961902616857060e+02
3.883077700344452978e+02
3.880082353714022929e+02
3.877032557235445438e+02
3.874126964491230751e+02
3.871176825025224844e+02
3.868028743592667524e+02
3.864828191347532993e+02
3.861429043282710154e+02
3.857825393687147653e+02
3.854016013292810499e+02
3.850314831067405521e+02
3.846877073256839026e+02
3.843551857863370174e+02
3.840144068378177735e+02
3.836598202488457900e+02
3.832960069765571802e+02
3.829215805000618502e+02
3.825492666931673966e+02
3.821713837401695173e+02
3.817888609458636324e+02
3.814009735603489730e+02
3.810059831503159558e+02
3.805882538311622625e+02
3.801480165431480600e+02
3.797392459362802128e+02
3.793641793124638184e+02
3.790203031825386120e+02
3.786528364433300453e+02
3.782613413349225198e+02
3.778456965118973585e+02
3.774185708827220083e+02
3.769960030174988788e+02
3.765491039340881798e+02
3.760830786652289248e+02
3.756151519967784793e+02
3.751263255254306728e+02
3.746133405917804566e+02
3.741038553485886382e+02
3.736061853106495505e+02
3.730912188650045778e+02
3.725848574892806369e+02
3.720899160002410326e+02
3.715845911173472587e+02
3.710697013432479139e+02
3.705388858298051673e+02
3.700061557878810845e+02
3.694699242594696784e+02
3.689478562536178288e+02
3.684068164902849958e+02
3.678549602881140572e+02
3.672830490482728010e+02
3.666998601121561023e+02
3.661127589051747009e+02
3.655398166579617509e+02
3.649900293880779145e+02
3.644395170620066438e+02
3.638706863048103060e+02
3.633197314286540518e+02
3.627852700511944022e+02
3.622539296849386119e+02
3.617324808583941262e+02
3.612280620449451476e+02
3.607198910034270511e+02
3.602120132036014866e+02
3.597034552380064838e+02
3.592108718461588523e+02
3.587027691829041487e+02
3.581950670128035199e+02
3.576804611254698330e+02
3.571451456914568325e+02
3.565900477599298029e+02
3.560596463581827607e+02
3.555341944490377273e+02
3.550141994658656017e+02
3.544959311277401071e+02
3.539623852249352467e+02
3.534220348334033019e+02
3.528989693682764823e+02
3.523716391167474740e+02
3.518492090711461060e+02
3.513051647477414576e+02
3.507395247472019264e+02
3.501661578860270083e+02
3.495976224746170828e+02
3.490079731990961704e+02
3.484013971391557902e+02
3.478154036390719739e+02
3.472464865810304104e+02
3.467396686094056690e+02
3.462255220955113941e+02
3.457027758219841758e+02
3.451597416202860700e+02
3.446289635887475811e+02
3.441124442846240754e+02
3.435964429109046137e+02
3.430894735691410915e+02
3.425609464037672183e+02
3.420344777688593467e+02
3.415051855267221299e+02
3.409832843924676808e+02
3.404660008661563779e+02
3.399508890173281088e+02
3.394172628641332494e+02
3.389388678819948382e+02
3.384919987949351139e+02
3.380516699248432246e+02
3.375869597710751577e+02
3.371299997556346852e+02
3.367150325979565650e+02
3.362924395080319755e+02
3.358422279132990980e+02
3.353798446665480242e+02
3.349213078502266967e+02
3.344664551441231879e+02
3.340269962301991882e+02
3.335704057137108975e+02
3.331148306834323307e+02
3.326320696424648986e+02
3.321293871519388858e+02
3.316287229390871971e+02
3.311316018165231299e+02
3.306258607824389628e+02
3.301159514558531214e+02
3.295963999584828343e+02
3.290854124030808521e+02
3.285950212760671434e+02
3.280854054179853847e+02
3.275726711336212702e+02
3.270841914075751333e+02
3.266235261181448095e+02
3.261513561902165179e+02
3.256778587900921593e+02
3.251960717669504106e+02
3.246847747896864576e+02
3.241571173664980847e+02
3.236183120025575022e+02
3.230474186213627945e+02
3.224581699503748951e+02
3.218392561341497640e+02
3.212042524080790145e+02
3.205423064260763795e+02
3.198482048525731898e+02
3.191390038711147668e+02
3.184334701109072512e+02
3.177026171108344670e+02
3.169622242664313490e+02
3.162230427253858807e+02
3.155230161957589416e+02
3.147949848810730487e+02
3.140692501342980449e+02
3.133271312741095471e+02
3.125676081867774201e+02
3.118076530679816756e+02
3.110621048695438731e+02
3.103180610590960669e+02
3.095676388539315553e+02
3.088156652822156047e+02
3.080428652358600061e+02
3.072627484470092440e+02
3.064600628251843091e+02
3.056474716899256237e+02
3.048317207911180162e+02
3.039873531163200369e+02
3.031309373991753091e+02
3.022602959390339947e+02
3.014249506995596448e+02
3.006286979099650125e+02
2.998037395994305712e+02
2.989503963615961197e+02
2.980684552856632763e+02
2.971581012203349701e+02
2.962195657059295399e+02
2.952758630462081442e+02
2.943318941676897111e+02
2.933613632296363107e+02
2.923832040590995121e+02
2.913941545115842473e+02
2.903958481294326930e+02
2.893886786805311999e+02
2.884148873470628018e+02
2.874491075130469540e+02
2.864700643186263278e+02
2.854715413367992483e+02
2.844462752285120359e+02
2.834248901768421547e+02
2.824236051821607703e+02
2.814258615509917831e+02
2.804292840091740686e+02
2.794464117156340990e+02
2.784532180030545874e+02
2.774631123456731530e+02
2.764538315944814144e+02
2.754234725606074790e+02
2.743705841601636735e+02
2.732989973935342505e+02
2.722421475617070428e+02
2.711681292915793620e+02
2.700639777814099034e+02
2.689425860163653397e+02
2.678164404637484495e+02
2.667106066660932129e+02
2.656089074593666624e+02
2.645096189245878691e+02
2.634280895760172712e+02
2.623760508749982137e+02
2.613234076937712871e+02
2.602397300532313693e+02
2.591718480343982947e+02
2.581197693386537821e+02
2.570563366180098228e+02
2.559800266893468574e+02
2.549070374196098783e+02
2.538304164523831616e+02
2.527545011744595058e+02
2.516502000491107367e+02
2.505214959752301525e+02
2.494403634608213736e+02
2.483578933141375842e+02
2.472619442366919316e+02
2.461472388662934065e+02
2.450554718172161301e+02
2.439685890085133622e+02
2.428850195985585003e+02
2.417997368085060259e+02
2.407557151953251093e+02
2.397081098395228196e+02
2.386761361380994799e+02
2.376305829539908245e+02
2.365924187366346985e+02
2.355362612071525632e+02
2.345201168543080428e+02
2.335597879325970325e+02
2.326263378154278598e+02
2.316894713024288990e+02
2.307793607556051256e+02
2.298616404559730881e+02
2.289415912297440627e+02
2.280113295557502795e+02
2.270598684391716517e+02
2.261246346410946160e+02
2.252005185648853853e+02
2.242766862475413916e+02
2.233556427180745629e+02
2.224181940869288496e+02
2.214931701705128546e+02
2.205857407687457510e+02
2.196562739435122751e+02
2.187040638368350187e+02
2.177479045184024642e+02
2.168085660935359442e+02
2.158742416542471005e+02
2.149172751370470564e+02
2.139373999557610659e+02
2.129346692133367753e+02
2.119091987535891235e+02
2.108644488150171128e+02
2.098067179968332994e+02
2.087268355972215659e+02
2.076250523801588770e+02
2.065778193284688768e+02
2.055674208151821745e+02
2.045632590437166414e+02
2.035556429524258419e+02
2.025669185528924459e+02
2.015684227814995779e+02
2.005713590266658457e+02
1.995651811340818540e+02
1.985498203792014635e+02
1.975249349782389743e+02
1.964939519583768970e+02
1.954659384461975833e+02
1.944533818241881420e+02
1.934494285450176108e+02
1.924592471903470141e+02
1.914575703761893806e+02
1.904710918186542585e+02
1.894949942648365777e+02
1.885151257678103889e+02
1.875451829735022784e+02
1.865788489131159906e+02
1.856174945900393425e+02
1.846357502661519163e+02
1.836352790423278520e+02
1.826486617471552165e+02
1.816705172978459757e+02
1.806940673254788123e+02
1.797205519171062917e+02
1.787870568810985787e+02
1.778591676561447343e+02
1.769430086679587646e+02
1.760193958687115128e+02
1.750880147433956608e+02
1.741589621717007503e+02
1.732222678215046301e+02
1.722667375362747464e+02
1.713295897393049358e+02
1.703877999830984891e+02
1.694494232294131848e+02
1.685405533701666343e+02
1.676265101692985979e+02
1.667277619276019038e+02
1.658288442953684694e+02
1.649284244934067942e+02
1.640448580778241876e+02
1.631449906205700700e+02
1.622280999863340298e+02
1.613285566853047612e+02
1.604416270879615354e+02
1.595366698237911862e+02
1.586350983834072963e+02
1.577222440372119934e+02
1.568433188383984316e+02
1.559638187346961047e+02
1.550755787698493009e+02
1.541921354552385708e+02
1.532994273111787606e+02
1.523923482311687962e+02
1.514646511198540111e+02
1.505163429345544444e+02
1.495467706279352740e+02
1.485755174405195191e+02
1.476203763960986635e+02
1.466508000072082041e+02
1.456725570653001682e+02
1.446714036960476051e+02
1.436538694188739669e+02
1.426351276525868172e+02
1.416429429810281988e+02
1.406777934416920175e+02
1.397036891182503382e+02
1.387309645511539600e+02
1.377608372317965291e+02
1.368131662745071253e+02
1.358509051450330389e+02
1.348730060795196835e+02
1.338863515155748587e+02
1.328840901122195248e+02
1.318697344253332346e+02
1.308659939655560436e+02
1.298575777418787141e+02
1.288704231653855459e+02
1.278843788696979402e+02
1.268970549501036942e+02
1.259392254597827758e+02
1.250126931349262804e+02
1.240644284701676270e+02
1.231347569185812176e+02
1.221802201636231757e+02
1.212001485567882639e+02
1.202204667972050629e+02
1.192179240808274869e+02
1.182084533962816124e+02
1.171743305281807466e+02
1.161229800713779383e+02
1.150540254216928986e+02
1.139989074039499428e+02
1.129346486061791524e+02
1.118692012117712267e+02
1.108108699717781036e+02
1.097480708602121808e+02
1.087434549812950735e+02
1.077371138070960086e+02
1.067104365208669208e+02
1.056986630062421568e+02
1.047054426239781151e+02
1.037023284387895217e+02
1.026830578562276344e+02
1.016823858128283007e+02
1.006987060441917095e+02
9.970042910685518223e+01
9.868528695719174948e+01
9.768743898755607802e+01
9.667387878139174973e+01
9.565176858176148755e+01
9.462531345082702217e+01
9.360531420108273437e+01
9.259098221414686236e+01
9.159492271081484205e+01
9.058365900570635176e+01
8.955585421837210447e+01
8.851901450051471443e+01
8.747713940449412462e+01
8.645805123221411748e+01
8.543011156043189658e+01
8.438731374270170704e+01
8.333973838484544672e+01
8.230505172304589223e+01
8.130115919871856534e+01
8.029072292083728257e+01
7.926887682782455613e+01
7.827133860889733796e+01
7.726152915765865714e+01
7.627010853736240392e+01
7.529298262943142106e+01
7.435335106545124972e+01
7.341477359283642556e+01
7.246045178559499789e+01
7.150287682707802617e+01
7.053076834927018979e+01
6.954144127601249181e+01
6.855528035396463338e+01
6.758203516496911334e+01
6.659908561458239262e+01
6.561672413102435542e+01
6.461645983418043215e+01
6.359756465005212789e+01
6.256344239324219814e+01
6.152398557676244195e+01
6.047989594904522903e+01
5.942517643842963082e+01
5.836737808195449873e+01
5.731251112226074440e+01
5.627634004739547890e+01
5.522895603791869945e+01
5.418135312091910549e+01
5.313534187520937735e+01
5.209853868952342992e+01
5.106264036288669672e+01
5.006951061888071308e+01
4.908500974300614672e+01
4.809256758245286534e+01
4.710346455125905862e+01
4.610669188152937181e+01
4.510960722982572690e+01
4.409668957924207433e+01
4.307899936291897092e+01
4.206459275162144706e+01
4.102999580997566653e+01
3.997683398746338668e+01
3.892975871924981845e+01
3.787088413761620131e+01
3.679211064901423356e+01
3.570733263066932039e+01
3.462173966568933281e+01
3.352586406173981004e+01
3.242178096239514673e+01
3.130042600928511831e+01
3.017948379381563484e+01
2.905596486962836877e+01
2.795867967699062717e+01
2.686639255579157393e+01
2.579299558563912598e+01
2.472294499202714491e+01
2.364812248672829043e+01
2.255564377248512287e+01
2.144880008904317847e+01
2.033198657114150620e+01
1.919684593059127309e+01
1.804363858286453848e+01
1.688307775967778213e+01
1.573205187337238087e+01
1.456781188877260647e+01
1.339324530644465128e+01
1.226011553641566998e+01
1.112924490345918116e+01
9.980311526293583313e+00
8.814628334477420779e+00
7.642007695992168337e+00
6.466861763543953145e+00
5.277404748074332019e+00
4.070447948716971354e+00
2.846916221053881202e+00
1.655287951509993860e+00
4.607382541259248399e-01
-7.206819373373676285e-01
-1.916392280254044067e+00
-3.091525412757523128e+00
-4.245508582515242324e+00
-5.367499264004234050e+00
-6.492490311881439879e+00
-7.634582012251218686e+00
-8.793744601981041242e+00
-9.969554164112192751e+00
-1.116236871943781317e+01
-1.237070667148227088e+01
-1.357247501660572020e+01
-1.475583928882939233e+01
-1.595529595492221375e+01
-1.716197784131647452e+01
-1.838378596045824054e+01
-1.961709050604128990e+01
-2.081178815742532606e+01
-2.199394618684535985e+01
-2.316835733124585062e+01
-2.435662746976914406e+01
-2.554619410262912993e+01
-2.674382306578147706e+01
-2.792045073103221142e+01
-2.910750204269952945e+01
-3.030133029151018320e+01
-3.146255689502875086e+01
-3.260080149952597139e+01
-3.375168933102125379e+01
-3.491505513882779610e+01
-3.607808276423889993e+01
-3.723129059627261483e+01
-3.839517143441032232e+01
-3.955514946734673742e+01
-4.072363139692197365e+01
-4.190400509040516397e+01
-4.309505217178608660e+01
-4.428437497960780433e+01
-4.548067105131544707e+01
-4.666840832672748007e+01
-4.785753049634632816e+01
-4.905226399080258659e+01
-5.024872236165474249e+01
-5.145223169622137505e+01
-5.265406639045063741e+01
-5.384393745512618068e+01
-5.498569346858367624e+01
-5.608629962460663876e+01
-5.718515483004926381e+01
-5.826575826957220272e+01
-5.933470952758152350e+01
-6.036452795277797634e+01
-6.139751567216530503e+01
-6.242921256674762276e+01
-6.342291468287717748e+01
-6.436645232931832084e+01
-6.530001994973606827e+01
-6.624012433723510185e+01
-6.718698657259848517e+01
-6.813999956274190595e+01
-6.909467633083912119e+01
-7.002799208594721847e+01
-7.095872401192055179e+01
-7.188465502262593532e+01
-7.281654493882913926e+01
-7.373627262788951953e+01
-7.460668106984391557e+01
-7.547593445141782809e+01
-7.635296858817831378e+01
-7.723775718206644569e+01
-7.813041953161467745e+01
-7.901872000287707465e+01
-7.991533430542455108e+01
-8.081221998898897141e+01
-8.171691725730303801e+01
-8.261475157655601720e+01
-8.351500178167131594e+01
-8.441245268606979835e+01
-8.531073619608964975e+01
-8.617883426230635280e+01
-8.705340946453047479e+01
-8.793078162020626110e+01
-8.879202908990998822e+01
-8.964391383430840676e+01
-9.048554235172929339e+01
-9.131077682327558875e+01
-9.210573238123066631e+01
-9.287887536088685181e+01
-9.364479498273057345e+01
-9.441690398832412257e+01
-9.519470569885416467e+01
-9.597947319748689665e+01
-9.676856370902338256e+01
-9.752105313368052464e+01
-9.822535879463904962e+01
-9.892570612652806972e+01
-9.961210047809927914e+01
-1.002948499553931470e+02
-1.009818221340545961e+02
-1.016755257474063683e+02
-1.023754261049288630e+02
-1.030813656192082419e+02
-1.037822670348311078e+02
-1.044668945792678585e+02
-1.051496688640689143e+02
-1.057934739240997999e+02
-1.064309497012137484e+02
-1.070518819691161667e+02
-1.076724991940128149e+02
-1.082549641903604254e+02
-1.088453717285716209e+02
-1.094446697428373199e+02
-1.100515558768430537e+02
-1.106595614786216117e+02
-1.112450165012226648e+02
-1.118269171942552873e+02
-1.124180946563703287e+02
-1.130185161928971240e+02
-1.136272481048449947e+02
-1.142449543206781613e+02
-1.148716666400036388e+02
-1.155067936799185873e+02
-1.161496869114845651e+02
-1.167796198452707301e+02
-1.173990997209392617e+02
-1.180258666569590957e+02
-1.186552882605629975e+02
-1.192845080619720761e+02
-1.199132839166173454e+02
-1.205340154390611929e+02
-1.211540114253410252e+02
-1.217598796847602358e+02
-1.223550841938234868e+02
-1.229569542983341250e+02
-1.235615765469945728e+02
-1.241629898049279745e+02
-1.247661737124162187e+02
-1.253567667576664348e+02
-1.259398945989316019e+02
-1.264841431687626994e+02
-1.270329073263401938e+02
-1.275847140098084793e+02
-1.281240866141134234e+02
-1.286682876513608278e+02
-1.292052059979261287e+02
-1.297474246950120857e+02
-1.302961258827563711e+02
-1.308447929419500610e+02
-1.313751630034921050e+02
-1.318999741836074406e+02
-1.324229268215505613e+02
-1.329508237791612544e+02
-1.334838158761178306e+02
-1.340006838678407917e+02
-1.345140264801036665e+02
-1.350152467972804686e+02
-1.355189314209773102e+02
-1.360250950977549564e+02
-1.365346405862976553e+02
-1.370460644518719278e+02
-1.375595438247360960e+02
-1.380750432653376265e+02
-1.385925858241338062e+02
-1.391113280630592044e+02
-1.396291923637614900e+02
-1.401445498050417200e+02
-1.406475250400786763e+02
-1.411500590033056142e+02
-1.416380736813004262e+02
-1.420970608160123447e+02
-1.425508095194588805e+02
-1.429908834415878687e+02
-1.434312787119175141e+02
-1.438720273857518634e+02
-1.443133256475259429e+02
-1.447549984477968223e+02
-1.451977759508282588e+02
-1.456417979446874824e+02
-1.460863349939269824e+02
-1.465321334307942607e+02
-1.469795898980741242e+02
-1.474282519106914719e+02
-1.478777057156223691e+02
-1.483288421056150810e+02
-1.487789793327002599e+02
-1.492157305236035256e+02
-1.496473559109878408e+02
-1.500703991457416464e+02
-1.504795073100859781e+02
-1.508790466713063836e+02
-1.512691125083144641e+02
-1.516585246796533113e+02
-1.520351208852905529e+02
-1.524015282251395149e+02
-1.527625040117878825e+02
-1.531259020256971439e+02
-1.534909921207475065e+02
-1.538583708667676433e+02
-1.542002360353935728e+02
-1.545244461189290917e+02
-1.548229912346117203e+02
-1.551039914596049698e+02
-1.553854063622106025e+02
-1.556541410209628111e+02
-1.559194813073993373e+02
-1.561858661800073946e+02
-1.564531034459246257e+02
-1.567208794627978250e+02
-1.569715200990343646e+02
-1.572209985943980257e+02
-1.574598226896116273e+02
-1.576960056742793483e+02
-1.579318256020976037e+02
-1.581674652567055546e+02
-1.584024372033271106e+02
-1.586352483242563949e+02
-1.588282970137880454e+02
-1.590149861125455004e+02
-1.592015512524363601e+02
-1.593722485741338630e+02
-1.595259807324327426e+02
-1.596781296074967145e+02
-1.598294903341347037e+02
-1.599794093058176259e+02
-1.601280696449678658e+02
-1.602732713456908300e+02
-1.604048516655141725e+02
-1.605328757114956488e+02
-1.606503046028481663e+02
-1.607674806976921502e+02
-1.608837516184131573e+02
-1.609910302086066736e+02
-1.610916230362767863e+02
-1.611860533623831770e+02
-1.612726777556608795e+02
-1.613575731984385584e+02
-1.614382644972181140e+02
-1.615183470189080879e+02
-1.615980342348619843e+02
-1.616767217281937121e+02
-1.617548526246583265e+02
-1.618330568279339161e+02
-1.619109807997411679e+02
-1.619871514231376750e+02
-1.620628153764462240e+02
-1.621380135339296089e+02
-1.622124900996385293e+02
-1.622855340820684091e+02
-1.623576930026852665e+02
-1.624276370764665671e+02
-1.624831519763170036e+02
-1.625332053317723648e+02
-1.625773356221969266e+02
-1.626197292790796496e+02
-1.626608955277041559e+02
-1.626944318287206386e+02
-1.627232585949138581e+02
-1.627502300256187198e+02
-1.627755850939523441e+02
-1.627964438427897278e+02
-1.628131292673058397e+02
-1.628278936101179113e+02
-1.628392991548040527e+02
-1.628480543238229075e+02
-1.628526716157990961e+02
-1.628534732149699948e+02
