2.453074454956587033e+03
2.453545550264917892e+03
2.453987647937527527e+03
2.454400447558670749e+03
2.454795985973901224e+03
2.455173562270309048e+03
2.455523520264728177e+03
2.455848868306832173e+03
2.456146172466008466e+03
2.456414762322543083e+03
2.456657279323132570e+03
2.456879407767228713e+03
2.457116759550062397e+03
2.457365015323292482e+03
2.457613352611614573e+03
2.457842747445246459e+03
2.458044194634429005e+03
2.458220890589874216e+03
2.458374227425571007e+03
2.458500999269408112e+03
2.458598858616658617e+03
2.458708278352649359e+03
2.458831578898127191e+03
2.458942723213910540e+03
2.459028733679185279e+03
2.459086577255378870e+03
2.459110509775531682e+03
2.459139774295453662e+03
2.459218562264480624e+03
2.459303794866411863e+03
2.459370872182027142e+03
2.459422307836885466e+03
2.459447326761179283e+03
2.459450000737085247e+03
2.459468412634900233e+03
2.459484573010918211e+03
2.459476919891718353e+03
2.459439215367614906e+03
2.459370598635819988e+03
2.459304759587228546e+03
2.459210945721475582e+03
2.459091926164612232e+03
2.458958767582395012e+03
2.458860562953654608e+03
2.458865317921943188e+03
2.458873813699025959e+03
2.458907657382248544e+03
2.458946153520937969e+03
2.458953977142086842e+03
2.458932761725421187e+03
2.458892035104539445e+03
2.458827591626471531e+03
2.458754436629125394e+03
2.458691928135986927e+03
2.458623229776993412e+03
2.458547483084320447e+03
2.458451074190335021e+03
2.458350028823579123e+03
2.458246604892771757e+03
2.458125905369990505e+03
2.457982321820582911e+03
2.457812487810260791e+03
2.457628839209756734e+03
2.457424421414816607e+03
2.457275977960315231e+03
2.457140847471306643e+03
2.457004715297496205e+03
2.456856926830409066e+03
2.456707916720763933e+03
2.456537213923439595e+03
2.456345267591640550e+03
2.456157716488346978e+03
2.455943811008714874e+03
2.455721628728438191e+03
2.455514147551853057e+03
2.455308455057265292e+03
2.455064429512146489e+03
2.454839809868630255e+03
2.454610092766356047e+03
2.454370506384378132e+03
2.454117097316099262e+03
2.453864910687172141e+03
2.453588910961376769e+03
2.453285516483493211e+03
2.453009131879964116e+03
2.452751946778770616e+03
2.452495825493872871e+03
2.452223907696095466e+03
2.451988065923171234e+03
2.451729655789141361e+03
2.451467526848491616e+03
2.451248388599125974e+03
2.451021286485444762e+03
2.450760333118304516e+03
2.450510980496067532e+03
2.450357593830486621e+03
2.450185558214478078e+03
2.449982375217311528e+03
2.449764829097498023e+03
2.449542596135761869e+03
2.449303541286146356e+03
2.449057875090445577e+03
2.448801739412396273e+03
2.448500747101531033e+03
2.448148544824158762e+03
2.447783952633451918e+03
2.447411573256912561e+03
2.447010433233810545e+03
2.446570052706636488e+03
2.446118644757499169e+03
2.445649444616961773e+03
2.445149769812628620e+03
2.444629250814372426e+03
2.444103309181212808e+03
2.443626483366321736e+03
2.443210934338329480e+03
2.442787152976014113e+03
2.442318823919146780e+03
2.441823038007122705e+03
2.441292756606585499e+03
2.440783915904411060e+03
2.440212362166731964e+03
2.439612248556309169e+03
2.439005836575338435e+03
2.438400997152428317e+03
2.437779187950414780e+03
2.437126959931691090e+03
2.436480024497906925e+03
2.435809720925899455e+03
2.435127734314386998e+03
2.434398404555740854e+03
2.433681598178962759e+03
2.432921613486179012e+03
2.432166708771958838e+03
2.431371788798681337e+03
2.430543244580643204e+03
2.429676481889743172e+03
2.428745057775923215e+03
2.427825561220854070e+03
2.426871651356054826e+03
2.425855331446048240e+03
2.424791156884673910e+03
2.423823670901158039e+03
2.422864880146828909e+03
2.422014655532867437e+03
2.421155523905010796e+03
2.420254236301884703e+03
2.419370001124706505e+03
2.418477789772207871e+03
2.417536305167989667e+03
2.416575726194150775e+03
2.415606655100144053e+03
2.414716954133470153e+03
2.413849711347769698e+03
2.412907145664071777e+03
2.411918804244168314e+03
2.410914012792306949e+03
2.409859473626590443e+03
2.408763379397388235e+03
2.407617590944501899e+03
2.406428247863247634e+03
2.405201620316904155e+03
2.404014012791282767e+03
2.402922850237718194e+03
2.401863730980549917e+03
2.400790392665036961e+03
2.399759977114901176e+03
2.398744273892851197e+03
2.397721209550252752e+03
2.396680097892238791e+03
2.395625430959988535e+03
2.394610454831443349e+03
2.393627726033864292e+03
2.392671800889815131e+03
2.391692365706540841e+03
2.390734187535590081e+03
2.389848488009384710e+03
2.388945042762132289e+03
2.387972757520974028e+03
2.386981383693906537e+03
2.386002113080833624e+03
2.385050642894795601e+03
2.384054283882353047e+03
2.383048988298298354e+03
2.382082543685599376e+03
2.381082699695397423e+03
2.380079769747488172e+03
2.379135652047455096e+03
2.378189776153971252e+03
2.377252133930462605e+03
2.376367163550898113e+03
2.375469935674100270e+03
2.374530581952762077e+03
2.373598192693315468e+03
2.372729206804117894e+03
2.371881691354477880e+03
2.371036286566184572e+03
2.370141302732474287e+03
2.369225994531924698e+03
2.368330388786024741e+03
2.367353520241859769e+03
2.366403247560658201e+03
2.365474320223958784e+03
2.364523617484349415e+03
2.363560402807794162e+03
2.362585008260041377e+03
2.361625413056179241e+03
2.360711814783996033e+03
2.359802051344026040e+03
2.358885318922630177e+03
2.358006541886456034e+03
2.357165880815977289e+03
2.356397644123742793e+03
2.355682506451616064e+03
2.354974116087238599e+03
2.354237586726224436e+03
2.353576048501021432e+03
2.352955388017368932e+03
2.352459580102859036e+03
2.352015223661437176e+03
2.351566548146157402e+03
2.351069294882149734e+03
2.350586604551497203e+03
2.350077302131949182e+03
2.349526273594091435e+03
2.348970801833485893e+03
2.348377339295319871e+03
2.347772457636114268e+03
2.347171292175377857e+03
2.346501011525448121e+03
2.345848721785821908e+03
2.345212687758122229e+03
2.344583785242775321e+03
2.343965205724762200e+03
2.343375175279005816e+03
2.342813020875995790e+03
2.342284796370509866e+03
2.341715801893981279e+03
2.341176716587766350e+03
2.340628236764739995e+03
2.340126518851307992e+03
2.339618446202449832e+03
2.339080194434110126e+03
2.338527238130080150e+03
2.337947418756392835e+03
2.337389267901708081e+03
2.336796568535779898e+03
2.336203404732549643e+03
2.335619572680198416e+03
2.335006937288321751e+03
2.334423278237084560e+03
2.333818344075212735e+03
2.333157834097827617e+03
2.332508859795967055e+03
2.331825403399768675e+03
2.331080328816638485e+03
2.330309908251097568e+03
2.329571472472923688e+03
2.328806890743710937e+03
2.328014462249639109e+03
2.327294997088956734e+03
2.326597307250025551e+03
2.325859802087772550e+03
2.325164790323284251e+03
2.324429772851175585e+03
2.323663893873685993e+03
2.322821539569471042e+03
2.321971915186642036e+03
2.321124109590560693e+03
2.320359694228332046e+03
2.319609310323176032e+03
2.318921557705717078e+03
2.318272049181335660e+03
2.317635638035155353e+03
2.316981902965673726e+03
2.316319461722167944e+03
2.315610940365731494e+03
2.314845611772757820e+03
2.314102306039743780e+03
2.313352851338167966e+03
2.312605378128180746e+03
2.311781870187854111e+03
2.310981760473510803e+03
2.310171541670131774e+03
2.309339741873939602e+03
2.308541843118492125e+03
2.307745650857165401e+03
2.306935220942139495e+03
2.306113077601127316e+03
2.305224836521538691e+03
2.304308428878691757e+03
2.303381557132956004e+03
2.302542393848905704e+03
2.301711497117157705e+03
2.300836498764951102e+03
2.299909603091299687e+03
2.298921543752932394e+03
2.297886461188284557e+03
2.296765147179442465e+03
2.295644855227714743e+03
2.294518746227982774e+03
2.293319445790325062e+03
2.292102729240572899e+03
2.290862565547017311e+03
2.289594162777239035e+03
2.288275883569331654e+03
2.286941761926794243e+03
2.285578435250942221e+03
2.284132035548342628e+03
2.282577810671113639e+03
2.280978007580456961e+03
2.279321108666643340e+03
2.277658045104380108e+03
2.275946303123403140e+03
2.274148198838675853e+03
2.272327226208740285e+03
2.270487196558641699e+03
2.268622347481018096e+03
2.266682092041171018e+03
2.264722878568905344e+03
2.262715960474641179e+03
2.260672032764785854e+03
2.258557292000973575e+03
2.256391284787515815e+03
2.254157789513696571e+03
2.251884495007758233e+03
2.249550230030398779e+03
2.247142954325548544e+03
2.244646343096606870e+03
2.242103826383486194e+03
2.239494584117012892e+03
2.236856394193825508e+03
2.234229394678997323e+03
2.231554976036188236e+03
2.228834022758787796e+03
2.226100176193151128e+03
2.223303153835100147e+03
2.220400900400036335e+03
2.217551407410477623e+03
2.214731921256157875e+03
2.211837981203647360e+03
2.208943280627773674e+03
2.206045132437390748e+03
2.203082589672627819e+03
2.200051508601844944e+03
2.196961621238593580e+03
2.193881191240226144e+03
2.190747033525444294e+03
2.187619707681514228e+03
2.184542352779753855e+03
2.181449453471348079e+03
2.178306195455064426e+03
2.175135046972024611e+03
2.171957036740147487e+03
2.168734357350047958e+03
2.165462397036781113e+03
2.162146842743804427e+03
2.158800880012887319e+03
2.155488239273354338e+03
2.152149649151172525e+03
2.148810786192720116e+03
2.145485907270975076e+03
2.142121402328710246e+03
2.138722965817159093e+03
2.135229377073425894e+03
2.131657505395962744e+03
2.128068375346650100e+03
2.124436262352724953e+03
2.120763977678250740e+03
2.117048010706112109e+03
2.113340529673018864e+03
2.109584971484081507e+03
2.105839835334603322e+03
2.102123852584089946e+03
2.098408773957996345e+03
2.094671401377529037e+03
2.090893887220366651e+03
2.087104876777502795e+03
2.083284724968002593e+03
2.079475257848990623e+03
2.075569373242261008e+03
2.071643336011181418e+03
2.067673615971776599e+03
2.063654706325633924e+03
2.059642123378526776e+03
2.055555662421394572e+03
2.051541539534176991e+03
2.047553088393368853e+03
2.043520415544015123e+03
2.039470389319645392e+03
2.035415282766809014e+03
2.031277942626512640e+03
2.027130204925081671e+03
2.023043558255076960e+03
2.018947539468561672e+03
2.014854993022300050e+03
2.010749380523498530e+03
2.006622751009894728e+03
2.002500612957892827e+03
1.998386673565430556e+03
1.994259366032923253e+03
1.990140206039994382e+03
1.986008007735153569e+03
1.981928162186586860e+03
1.977936344135821628e+03
1.973885623813164784e+03
1.969780856259380926e+03
1.965621069103475293e+03
1.961455459247377348e+03
1.957249965507609431e+03
1.953014930508162706e+03
1.948830203735568375e+03
1.944687219876892641e+03
1.940615391653156166e+03
1.936572014734387722e+03
1.932510066403629253e+03
1.928425764780576174e+03
1.924357243574788981e+03
1.920327980481726854e+03
1.916328131065303296e+03
1.912385688322930491e+03
1.908425087233795693e+03
1.904464350940561417e+03
1.900480183075775585e+03
1.896552240927549747e+03
1.892638864436752101e+03
1.888771109767313874e+03
1.884941311877400040e+03
1.881129271582648926e+03
1.877394074900172200e+03
1.873649076931010086e+03
1.869941680909752449e+03
1.866184451392831306e+03
1.862386137048197725e+03
1.858626777142081210e+03
1.854903422677426306e+03
1.851240172060382974e+03
1.847556395888746010e+03
1.843851297960601642e+03
1.840112355332704283e+03
1.836430773853948722e+03
1.832737436306333166e+03
1.829083426121007051e+03
1.825360330400807925e+03
1.821605506414187403e+03
1.817871479247871093e+03
1.814080478788892833e+03
1.810301391708985648e+03
1.806575155135304612e+03
1.802837936531479272e+03
1.799016165503988759e+03
1.795225947865301123e+03
1.791421902409993436e+03
1.787608981794725878e+03
1.783796601888356918e+03
1.779928960999196761e+03
1.776091992169616788e+03
1.772296011973911845e+03
1.768457321252166821e+03
1.764696555970943791e+03
1.760849246470100297e+03
1.756918053301011241e+03
1.752966423179245794e+03
1.748973941130169806e+03
1.745006518495427827e+03
1.740996910991029836e+03
1.737054268768230259e+03
1.733164265052794235e+03
1.729235823695234103e+03
1.725354056323621535e+03
1.721454346305090894e+03
1.717552312598980052e+03
1.713651738686366116e+03
1.709674639562571656e+03
1.705627408170503941e+03
1.701566878980723914e+03
1.697497558062626240e+03
1.693437006142291921e+03
1.689408609683513077e+03
1.685386449191145857e+03
1.681359294497344308e+03
1.677284007154831897e+03
1.673152687271734749e+03
1.668969606560301145e+03
1.664760328489232506e+03
1.660470009312870843e+03
1.656151491772431655e+03
1.651760183954104832e+03
1.647333456516618980e+03
1.642914213405872033e+03
1.638441359115709474e+03
1.633878530686598651e+03
1.629267492349612439e+03
1.624666902150501755e+03
1.620068006226690159e+03
1.615408783383811169e+03
1.610714975755684009e+03
1.605988103042695911e+03
1.601249726000705778e+03
1.596439520019059273e+03
1.591585210439974162e+03
1.586696831488383623e+03
1.581749439528487528e+03
1.576711598012563172e+03
1.571586436860041886e+03
1.566362490626094768e+03
1.561120853000987154e+03
1.555851323860980301e+03
1.550524874488652586e+03
1.545102810535750450e+03
1.539688028900908193e+03
1.534262756218963659e+03
1.528785651232987902e+03
1.523271909317640620e+03
1.517734861613775365e+03
1.512216883531695203e+03
1.506644774544065967e+03
1.500961874031097295e+03
1.495260487394466963e+03
1.489542290264778330e+03
1.483833844349985156e+03
1.478130984901813918e+03
1.472501454062963830e+03
1.466879587498282490e+03
1.461247414497200225e+03
1.455551203630138389e+03
1.449813306152354471e+03
1.444093877279367462e+03
1.438335000108611894e+03
1.432620143732078759e+03
1.426875280588079477e+03
1.421141891939821335e+03
1.415384193615196409e+03
1.409635640185505281e+03
1.403862661453857527e+03
1.398083850857731932e+03
1.392331956810504380e+03
1.386585075694700890e+03
1.380776378306297602e+03
1.374968092680416703e+03
1.369095731223772418e+03
1.363246178436456830e+03
1.357443223268222027e+03
1.351639008202823106e+03
1.345745198807149109e+03
1.339792682177575443e+03
1.333775298999537426e+03
1.327714069673468885e+03
1.321695346124293337e+03
1.315688224046720507e+03
1.309582106532379385e+03
1.303395692104306818e+03
1.297160152758831373e+03
1.290890514561910095e+03
1.284647206102714563e+03
1.278373656569135846e+03
1.272019798344069386e+03
1.265654916704912921e+03
1.259316816857320418e+03
1.253010333431943309e+03
1.246713773783885472e+03
1.240369584144769988e+03
1.234045740876538730e+03
1.227712246739667762e+03
1.221419251297132178e+03
1.215123421789110807e+03
1.208861054201169281e+03
1.202629160031012361e+03
1.196453356131646160e+03
1.190281992200540572e+03
1.184123508429162939e+03
1.177943756251581590e+03
1.171664023644148301e+03
1.165362194302357238e+03
1.159051321112767482e+03
1.152713935684470471e+03
1.146401091636555748e+03
1.140040194368069706e+03
1.133655176723113073e+03
1.127318817095547729e+03
1.120996616292469753e+03
1.114650437993110017e+03
1.108331373905078181e+03
1.102014539985851115e+03
1.095670315118033159e+03
1.089326729884463930e+03
1.083041060781756642e+03
1.076748254989479847e+03
1.070419388593516032e+03
1.064116902537301485e+03
1.057784382570429443e+03
1.051429730012368509e+03
1.045088329288777686e+03
1.038731835813363887e+03
1.032334959552729742e+03
1.025911466992550686e+03
1.019419203987238689e+03
1.012949604403215858e+03
1.006442811596503248e+03
9.999666009066121433e+02
9.934596718559145074e+02
9.869199711773412673e+02
9.803961846163101654e+02
9.738310744384521058e+02
9.672674959271348598e+02
9.608051289684908625e+02
9.543307247022867159e+02
9.478628636302880750e+02
9.413788093529409480e+02
9.349250686382224558e+02
9.284321257208788438e+02
9.218817048125588371e+02
9.153622941436694873e+02
9.088935291303598660e+02
9.024211381796587830e+02
8.959164335612840659e+02
8.893926988933411621e+02
8.829111592661836312e+02
8.764245000754433477e+02
8.699459713367886025e+02
8.634419390391722118e+02
8.569287587661323187e+02
8.504779086795459762e+02
8.440579710202314345e+02
8.377624146670607388e+02
8.314647100385999465e+02
8.251413853060743122e+02
8.187441956036543615e+02
8.123459521614372534e+02
8.059530815216807014e+02
7.995738363897571617e+02
7.932651850286225681e+02
7.869575149872086968e+02
7.805570486762221663e+02
7.740620206445162239e+02
7.675757009321971509e+02
7.610636567281643465e+02
7.544945761416358891e+02
7.479013263222018395e+02
7.412965890627751833e+02
7.346697651780506249e+02
7.280498912004716203e+02
7.214798804905062752e+02
7.149253198229940836e+02
7.084199098164920088e+02
7.019548315504060838e+02
6.954934583790607121e+02
6.890447527611549958e+02
6.826366511927881220e+02
6.762181134095925472e+02
6.698074524447448539e+02
6.633917557628966506e+02
6.570698292218156666e+02
6.508220526349773536e+02
6.445867148168699714e+02
6.383959826213186943e+02
6.322678163751514830e+02
6.261968921514644535e+02
6.201920718123431016e+02
6.141910188326778552e+02
6.081656296508408559e+02
6.020775038517045914e+02
5.959414489741943726e+02
5.898225222149739011e+02
5.837079846941082906e+02
5.775507016256634643e+02
5.714756816559747676e+02
5.654764960457250709e+02
5.595330315089270243e+02
5.536048950977583445e+02
5.476386925770168546e+02
5.416344738695938759e+02
5.356433760451027410e+02
5.296351640936325111e+02
5.236323405948080563e+02
5.176338777983321506e+02
5.116464749846228983e+02
5.056533431367835192e+02
4.996481425829550744e+02
4.936271258963114406e+02
4.875510879304734999e+02
4.814887591244936402e+02
4.754439729294327321e+02
4.694228748239525544e+02
4.634153928729323866e+02
4.574448244906171226e+02
4.514859367185789552e+02
4.455712846094627935e+02
4.396539687959210596e+02
4.337682034313525037e+02
4.279599692171969423e+02
4.220818627508344889e+02
4.161874189965485584e+02
4.102550423874004650e+02
4.042447847968001611e+02
3.981721025667389995e+02
3.920769417632367322e+02
3.859991553783622749e+02
3.799451818772379852e+02
3.739331270402186078e+02
3.679073588379849298e+02
3.618548787053189812e+02
3.558449626486273019e+02
3.498539445005043262e+02
3.438064292265354425e+02
3.377791809120507196e+02
3.316690740571278866e+02
3.255125259482997535e+02
3.193526790255023684e+02
3.132253488152228442e+02
3.070684004746956930e+02
3.009132868430207282e+02
2.948089671643377869e+02
2.887375389172808582e+02
2.826660495116227025e+02
2.765651016522450050e+02
2.704623685467140604e+02
2.644323826739030778e+02
2.583728439137469763e+02
2.522981960335555414e+02
2.462190233114322950e+02
2.401603422474449303e+02
2.340696947607422658e+02
2.279489175980295670e+02
2.218218044934778845e+02
2.156938218117620636e+02
2.095870921674687395e+02
2.034926040893332981e+02
1.974071455329776086e+02
1.912786711018462995e+02
1.851171799515966256e+02
1.789822189563433881e+02
1.728321885180568529e+02
1.666415857686412494e+02
1.604760009925815893e+02
1.543049733661475500e+02
1.480840284350147158e+02
1.418537928780315838e+02
1.355819476031927024e+02
1.293114914079325501e+02
1.230649745354167806e+02
1.168790317715492364e+02
1.106779620425231201e+02
1.044769787898476920e+02
9.826635306938064218e+01
9.203367840459574722e+01
8.571189208002594739e+01
7.935480751668765720e+01
7.297099452509243633e+01
6.654835169821063801e+01
6.011555570386590830e+01
5.368948272650308695e+01
4.733540289038936066e+01
4.097377738302995454e+01
3.468554402377256451e+01
2.840122652862885388e+01
2.210026651398808895e+01
1.579054910205815077e+01
9.456421159542486521e+00
3.124142351448398358e+00
-3.231066797042245753e+00
-9.562434668426760709e+00
-1.586983129001870907e+01
-2.217816582770126388e+01
-2.847623100848397826e+01
-3.480632008294941215e+01
-4.112012669544957078e+01
-4.742906499783832430e+01
-5.374557147501951704e+01
-5.996807170789637098e+01
-6.619506450811083198e+01
-7.243436051409267407e+01
-7.872327013383028316e+01
-8.499359302239270164e+01
-9.120689174796355303e+01
-9.732947679963237420e+01
-1.034261751891784087e+02
-1.095491389560518769e+02
-1.155801374439542997e+02
-1.215846868081439709e+02
-1.275906119274884531e+02
-1.336156606097934230e+02
-1.396886555711817550e+02
-1.457500632603193935e+02
-1.516874751742458045e+02
-1.575461356980416383e+02
-1.634002782996558949e+02
-1.692126827807625489e+02
-1.750146088225401115e+02
-1.808527860983847688e+02
-1.866901421309511306e+02
-1.924962708271578435e+02
-1.982544757551231100e+02
-2.039729597691938352e+02
-2.096634954243033917e+02
-2.153628389063266582e+02
-2.210771329436360304e+02
-2.267638694982894947e+02
-2.324470207227032574e+02
-2.381522438621728384e+02
-2.438549245457549830e+02
-2.495746968041625848e+02
-2.553114045725738777e+02
-2.609988840413383286e+02
-2.666385849699955202e+02
-2.722987598671741125e+02
-2.779632641640646966e+02
-2.836318009027669405e+02
-2.892914293339499636e+02
-2.949321740332429727e+02
-3.005648134386657375e+02
-3.061414758598790513e+02
-3.116631754065454061e+02
-3.171660777644221980e+02
-3.226732659106472170e+02
-3.281486929663037699e+02
-3.336083903083609243e+02
-3.390475341456965452e+02
-3.444652018250476431e+02
-3.498818597040497025e+02
-3.553042095623351884e+02
-3.607434500353668909e+02
-3.662022481398293507e+02
-3.716511215077104566e+02
-3.770975923743120006e+02
-3.825199005712227063e+02
-3.879172460289571518e+02
-3.932940313055104866e+02
-3.986319529930102590e+02
-4.038715818134858182e+02
-4.090281757486834522e+02
-4.141372071367305807e+02
-4.191197160210111292e+02
-4.240813384687270968e+02
-4.290299523378632216e+02
-4.339267180404358442e+02
-4.387563874281453309e+02
-4.435663497545095311e+02
-4.483462286783310446e+02
-4.530336265244051788e+02
-4.576932797450284056e+02
-4.623507884111227213e+02
-4.670042627367884052e+02
-4.716832567244597954e+02
-4.763733251496175853e+02
-4.810532306470732351e+02
-4.857293081050728460e+02
-4.903575308905432166e+02
-4.948920441871617300e+02
-4.993816506808784084e+02
-5.038286537611286917e+02
-5.081854606766403322e+02
-5.125339319463845413e+02
-5.168853604994452553e+02
-5.210966946961808617e+02
-5.252777228739621478e+02
-5.294199910341523037e+02
-5.334942253312265166e+02
-5.375068257573694837e+02
-5.414901925058068173e+02
-5.454551865312184873e+02
-5.494149870870733139e+02
-5.533707500421847953e+02
-5.573334917013019094e+02
-5.612694404081310040e+02
-5.651774280515829787e+02
-5.690304534306907271e+02
-5.728668936511152197e+02
-5.766601072180608298e+02
-5.803939832693552034e+02
-5.840476721168437280e+02
-5.876650361807859326e+02
-5.912328195184261403e+02
-5.947381022455297170e+02
-5.981663477987355009e+02
-6.015819256641685797e+02
-6.049540349903720653e+02
-6.083009528967309052e+02
-6.116455762191494614e+02
-6.149506190373899699e+02
-6.182165016279886913e+02
-6.214206439184863484e+02
-6.246009135378816381e+02
-6.277393409271680866e+02
-6.308382817974695627e+02
-6.338813107867708823e+02
-6.368754717832450751e+02
-6.398350024524851278e+02
-6.427845199814947819e+02
-6.457312983563593889e+02
-6.486200053325353565e+02
-6.514558470614440466e+02
-6.542700109295050197e+02
-6.570550305052790918e+02
-6.597286650892631314e+02
-6.622718569372215143e+02
-6.647379039359859689e+02
-6.670964262888612666e+02
-6.693606083711902102e+02
-6.716103303166119076e+02
-6.738365118322749368e+02
-6.760332071756063215e+02
-6.781797314610004150e+02
-6.802796186340148097e+02
-6.823406343585534160e+02
-6.843949236747680516e+02
-6.864358463638195644e+02
-6.884697747119575979e+02
-6.905015390762645211e+02
-6.925099828154066017e+02
-6.945021819774536880e+02
-6.964444391831375469e+02
-6.983502642668619274e+02
-7.001108643828392815e+02
-7.018358755148751698e+02
-7.035049953667748923e+02
-7.051159275882666861e+02
-7.066908250205270861e+02
-7.082532407583128133e+02
-7.097234511194415063e+02
-7.110928475734581298e+02
-7.123575791371970354e+02
-7.135429983625410841e+02
-7.147088897675082535e+02
-7.158621438322289805e+02
-7.169744642681673668e+02
-7.180682784628158970e+02
-7.190813437319768582e+02
-7.200398555346555440e+02
-7.209845330514467605e+02
-7.219001430501905361e+02
-7.227824133948961389e+02
-7.236256874770637069e+02
-7.244154352847267546e+02
-7.251962465061646981e+02
-7.259630935437627386e+02
-7.267184378078500231e+02
-7.274575936299513614e+02
-7.281771098142540950e+02
-7.288392162686945994e+02
-7.294808708354306646e+02
-7.301018543402507248e+02
-7.306842419654481091e+02
-7.312237285916246492e+02
-7.317297743034391715e+02
-7.321792362156010086e+02
-7.325649204515311794e+02
-7.329149481572551394e+02
-7.332412215093931991e+02
-7.335630164421946802e+02
-7.338345639467289629e+02
-7.340720890700092696e+02
-7.342873643258467382e+02
-7.344927715898178349e+02
-7.346653633239254759e+02
-7.348361794327263397e+02
-7.349463258903303995e+02
-7.350544613196173032e+02
-7.351536311959262093e+02
-7.352310993219593911e+02
-7.353089412197413139e+02
-7.353691570536129802e+02
-7.354204109200079529e+02
-7.354344675156994526e+02
-7.354108018371963453e+02
-7.353859431599046275e+02
-7.353310147154678589e+02
-7.352388475104130521e+02
-7.351312743628858470e+02
-7.350024771139353561e+02
-7.348750676903005115e+02
-7.347397736589159649e+02
-7.345540980665949746e+02
-7.343725160555345610e+02
-7.341883572210184639e+02
-7.339790901510689309e+02
-7.337532583590824515e+02
-7.335155482960506106e+02
-7.332769422387357281e+02
-7.330059505611931172e+02
-7.326442904094361666e+02
-7.322820582648564596e+02
-7.319103899037020255e+02
-7.315264223914384729e+02
-7.311300581050518304e+02
-7.307245877884683978e+02
-7.303077493761898040e+02
-7.298886333047410062e+02
-7.294625218603409849e+02
-7.290367249711912336e+02
-7.286132295044409375e+02
-7.281874974266816025e+02
-7.277457189795309205e+02
-7.272924827395806915e+02
-7.268297917281176979e+02
-7.263583080197540767e+02
-7.258723430715730274e+02
-7.253831776207040321e+02
-7.248922544974238917e+02
-7.243993022998135984e+02
