2.228362958699502342e+05
2.229225031719752296e+05
2.230064279701426858e+05
2.230883925617779605e+05
2.231684631984851148e+05
2.232465297617626493e+05
2.233227416932806664e+05
2.233969065151684918e+05
2.234687764401808090e+05
2.235384438889507146e+05
2.236061320757369685e+05
2.236722777515830239e+05
2.237368574285084906e+05
2.237995478212551679e+05
2.238604786927058885e+05
2.239198462608314003e+05
2.239775895391685481e+05
2.240341924841627188e+05
2.240894094014749280e+05
2.241432199172934343e+05
2.241955042726518586e+05
2.242459296082289657e+05
2.242945227465367934e+05
2.243416926826932468e+05
2.243872055065959867e+05
2.244313908997799444e+05
2.244741883131898940e+05
2.245153668765954499e+05
2.245550452345559024e+05
2.245937292245413410e+05
2.246315658114863909e+05
2.246681585585465073e+05
2.247036093466247548e+05
2.247376906310306804e+05
2.247708167636357539e+05
2.248029261237303726e+05
2.248336520307378087e+05
2.248629704483496607e+05
2.248911085202549584e+05
2.249184618477677577e+05
2.249445296380424988e+05
2.249698232915413391e+05
2.249943641607079480e+05
2.250179933206145361e+05
2.250405260921132867e+05
2.250620292113105825e+05
2.250830266814345669e+05
2.251034476154358126e+05
2.251238275998835161e+05
2.251439410842956859e+05
2.251635753501029685e+05
2.251828749615194974e+05
2.252017658780467755e+05
2.252204717854163318e+05
2.252389154210707929e+05
2.252577643486722955e+05
2.252767700676418026e+05
2.252959773083875189e+05
2.253149414609698288e+05
2.253337804324889730e+05
2.253529937425448443e+05
2.253722150757062773e+05
2.253917542577872518e+05
2.254119718388292240e+05
2.254331423575622903e+05
2.254555066716273432e+05
2.254789611133920844e+05
2.255033337779329158e+05
2.255283198733227910e+05
2.255542623518176842e+05
2.255806268829324690e+05
2.256081941522587149e+05
2.256365412365156517e+05
2.256661587222358794e+05
2.256965693386780040e+05
2.257282068644422106e+05
2.257611826406599139e+05
2.257960182182665740e+05
2.258320365310853813e+05
2.258699947146981140e+05
2.259099850257819344e+05
2.259523378216192650e+05
2.259964649025509716e+05
2.260421831532470824e+05
2.260897996740975359e+05
2.261395996327625180e+05
2.261919938779738441e+05
2.262472096884874918e+05
2.263049976542328368e+05
2.263654942452201212e+05
2.264286378799426020e+05
2.264941169075063081e+05
2.265625076739195792e+05
2.266333770041411626e+05
2.267065688993712538e+05
2.267822735499816481e+05
2.268600779534159519e+05
2.269409503879367257e+05
2.270241994833461358e+05
2.271100599587674369e+05
2.271994160374506027e+05
2.272923140999858733e+05
2.273887802817518823e+05
2.274888286645261687e+05
2.275918270404027717e+05
2.276977816244496789e+05
2.278068051626164524e+05
2.279186346802066255e+05
2.280347846192033903e+05
2.281547469168586831e+05
2.282786391712262703e+05
2.284058344153031649e+05
2.285371447934856988e+05
2.286722464295173704e+05
2.288114385484354279e+05
2.289537787833079055e+05
2.291000383992697753e+05
2.292498730973014608e+05
2.294042134320422192e+05
2.295629106875300931e+05
2.297250547643319296e+05
2.298911876641313429e+05
2.300621469569415494e+05
2.302373313581539842e+05
2.304160573673686886e+05
2.305985166639130039e+05
2.307855917118262150e+05
2.309778067706331494e+05
2.311754298189130495e+05
2.313775928730578453e+05
2.315846356204049371e+05
2.317959837511532241e+05
2.320119131140252866e+05
2.322324611611838627e+05
2.324569368029948382e+05
2.326850842612130800e+05
2.329172386953841778e+05
2.331537635675595375e+05
2.333949301225540985e+05
2.336407979767408106e+05
2.338913992441877781e+05
2.341468880584795843e+05
2.344075164754638972e+05
2.346722036733378482e+05
2.349411004516078101e+05
2.352145369287898939e+05
2.354924213453264383e+05
2.357750888766205171e+05
2.360623826816290966e+05
2.363541182202076889e+05
2.366500924580520950e+05
2.369503193357338314e+05
2.372546555436188937e+05
2.375636752795713546e+05
2.378774236687568191e+05
2.381958031421197520e+05
2.385184510025987111e+05
2.388449241033218859e+05
2.391756060893073736e+05
2.395112447479842231e+05
2.398510894017860119e+05
2.401950372335365973e+05
2.405428667267382843e+05
2.408953513214525592e+05
2.412520042782762321e+05
2.416126892272230180e+05
2.419772504297673295e+05
2.423457249518101453e+05
2.427176854475881555e+05
2.430930912676215230e+05
2.434722790078248654e+05
2.438543328317654668e+05
2.442399588689755765e+05
2.446297973986059951e+05
2.450225021451980283e+05
2.454175940466995235e+05
2.458157395033834327e+05
2.462166971153176273e+05
2.466208109406114381e+05
2.470272928421904508e+05
2.474367771976983058e+05
2.478490809622319066e+05
2.482633599828203151e+05
2.486791976009774371e+05
2.490976665271364618e+05
2.495187218756655056e+05
2.499422224363405840e+05
2.503678486654616427e+05
2.507958128503815678e+05
2.512252739182397199e+05
2.516556975292018615e+05
2.520871491978337290e+05
2.525201798744736298e+05
2.529545718900555512e+05
2.533899605360237183e+05
2.538261806078501395e+05
2.542639273275830492e+05
2.547016003635195666e+05
2.551394664260008431e+05
2.555775321069011115e+05
2.560169064599305857e+05
2.564564656915458909e+05
2.568956284724594734e+05
2.573347285152736004e+05
2.577741300974056649e+05
2.582136412354519707e+05
2.586531982619643677e+05
2.590915729453891108e+05
2.595298784637619683e+05
2.599670279708467133e+05
2.604038981365853397e+05
2.608408078265282093e+05
2.612765220843429852e+05
2.617104927008310624e+05
2.621436534525484894e+05
2.625757175326703582e+05
2.630059383654885460e+05
2.634340902208117768e+05
2.638604600717858993e+05
2.642863795507729519e+05
2.647111753780187573e+05
2.651349118700201507e+05
2.655565684988448629e+05
2.659758542586556287e+05
2.663937059467641520e+05
2.668098404753865325e+05
2.672233323088342440e+05
2.676338328597939690e+05
2.680420676915994845e+05
2.684481045386567130e+05
2.688513731343732215e+05
2.692524262932385900e+05
2.696508206027849228e+05
2.700467058445937000e+05
2.704400277009935235e+05
2.708307026058554766e+05
2.712182657636443619e+05
2.716021463201947627e+05
2.719829521046341979e+05
2.723602904548051883e+05
2.727346279365197406e+05
2.731058043842145125e+05
2.734734141768865520e+05
2.738368054006041493e+05
2.741960142950139707e+05
2.745508874436062179e+05
2.749008396527923760e+05
2.752462689123059972e+05
2.755873274013645714e+05
2.759239050519621233e+05
2.762564397526992834e+05
2.765852701468132436e+05
2.769102419938520179e+05
2.772309186066648690e+05
2.775471478691088851e+05
2.778593298250233638e+05
2.781674922401664662e+05
2.784722158165130531e+05
2.787724800060559064e+05
2.790686183503295761e+05
2.793609088359762682e+05
2.796502854557624669e+05
2.799358121952216025e+05
2.802173553225375945e+05
2.804955352247575647e+05
2.807711459509675042e+05
2.810432724508970859e+05
2.813111798707150156e+05
2.815742486680672737e+05
2.818335882269353024e+05
2.820901728615319589e+05
2.823436389992198092e+05
2.825933056589645566e+05
2.828395681609821040e+05
2.830829709969395772e+05
2.833235574479013449e+05
2.835605821749608149e+05
2.837940757900913013e+05
2.840247241018937784e+05
2.842509792439203593e+05
2.844744837641562335e+05
2.846958114391760319e+05
2.849142821204038919e+05
2.851303550743980450e+05
2.853433233790676459e+05
2.855538373689340078e+05
2.857616818284713081e+05
2.859676991415333468e+05
2.861715804134346545e+05
2.863737837033704272e+05
2.865736136569426744e+05
2.867709168236363330e+05
2.869673604360417230e+05
2.871614308973002480e+05
2.873535923464166699e+05
2.875429883627883974e+05
2.877306777467165375e+05
2.879153749575307011e+05
2.880967027298412286e+05
2.882770958853963530e+05
2.884559033216577373e+05
2.886326493043279625e+05
2.888088806574652554e+05
2.889836445907087182e+05
2.891576456990443985e+05
2.893296456045496161e+05
2.894999534783127601e+05
2.896685947751250351e+05
2.898367952168900520e+05
2.900046809053175384e+05
2.901728047585777240e+05
2.903406305358379032e+05
2.905086463223438477e+05
2.906771230185097666e+05
2.908451961869972874e+05
2.910118691319693462e+05
2.911771290971823619e+05
2.913416861878475756e+05
2.915056337663503946e+05
2.916691249288671534e+05
2.918320310518104816e+05
2.919942397719586152e+05
2.921569593649128219e+05
2.923201263114350149e+05
2.924837365969705279e+05
2.926468080076153274e+05
2.928101861543319537e+05
2.929741152065390488e+05
2.931385429105595686e+05
2.933034649568236200e+05
2.934681686347351060e+05
2.936326373420755262e+05
2.937987493358877255e+05
2.939652682209170307e+05
2.941311606225120486e+05
2.942978162062119809e+05
2.944647875392398564e+05
2.946321617482924485e+05
2.948003327275817282e+05
2.949697125577363768e+05
2.951391298656616709e+05
2.953093686512929853e+05
2.954802837632683222e+05
2.956520065668604220e+05
2.958249685350215877e+05
2.959995445411256514e+05
2.961743068259572028e+05
2.963503401267811423e+05
2.965281667909979005e+05
2.967065484297106741e+05
2.968846484206317691e+05
2.970629731313057127e+05
2.972423214955253061e+05
2.974226195801588474e+05
2.976048835202108603e+05
2.977879843208341626e+05
2.979716729525820119e+05
2.981559801060899626e+05
2.983412361885849386e+05
2.985268793238322251e+05
2.987141181285941857e+05
2.989032418689182959e+05
2.990932361455769278e+05
2.992838468373425421e+05
2.994746963108407217e+05
2.996658462788870092e+05
2.998570482902939548e+05
3.000482129703299142e+05
3.002392911072976422e+05
3.004309824955548393e+05
3.006224480208968162e+05
3.008145782794671250e+05
3.010067771231731167e+05
3.011994023495447473e+05
3.013930110406816821e+05
3.015867746146346908e+05
3.017814934757178416e+05
3.019763931895091082e+05
3.021712388797460007e+05
3.023669097561025992e+05
3.025622003447739407e+05
3.027573570337858400e+05
3.029526071379316854e+05
3.031478942336577456e+05
3.033433534387515974e+05
3.035387562677987153e+05
3.037342357973829494e+05
3.039298098896144656e+05
3.041249991943155765e+05
3.043193348664633813e+05
3.045135690288606565e+05
3.047069536254198174e+05
3.048995245573387947e+05
3.050900218918346218e+05
3.052795151317080017e+05
3.054688573206738802e+05
3.056567366527994745e+05
3.058434031520496937e+05
3.060287692024972057e+05
3.062130324110232759e+05
3.063962521958749858e+05
3.065779116095218342e+05
3.067579308755518286e+05
3.069365577268875204e+05
3.071150389768774039e+05
3.072925782661247067e+05
3.074688914671096718e+05
3.076445301062447834e+05
3.078181224834888708e+05
3.079889259759831475e+05
3.081573259853050695e+05
3.083254943859023624e+05
3.084916258122329600e+05
3.086561746842511347e+05
3.088190306920302100e+05
3.089799634473626502e+05
3.091393353815724258e+05
3.092967647096097353e+05
3.094520735514221597e+05
3.096052101365518756e+05
3.097559006843630923e+05
3.099044589078931022e+05
3.100506650501657277e+05
3.101942336269262596e+05
3.103360708789646160e+05
3.104759581418627640e+05
3.106146016056869412e+05
3.107508951798949274e+05
3.108850732336710207e+05
3.110177821114541148e+05
3.111490653610349982e+05
3.112786936902399175e+05
3.114057733889952651e+05
3.115307101798562217e+05
3.116536186079423060e+05
3.117739476997962920e+05
3.118920750703406520e+05
3.120078390149557963e+05
3.121209972433163202e+05
3.122315791198468069e+05
3.123392730719480314e+05
3.124445377537034219e+05
3.125483628094850574e+05
3.126487647185974638e+05
3.127456796464936924e+05
3.128392780356032308e+05
3.129297628673831932e+05
3.130176240205427166e+05
3.131022595284746494e+05
3.131853945525901509e+05
3.132660773320490844e+05
3.133445711859667208e+05
3.134198714965768158e+05
3.134920569940627902e+05
3.135613516230927780e+05
3.136275777030625613e+05
3.136910796679677442e+05
3.137511735884385416e+05
3.138085151308546192e+05
3.138624791243666550e+05
3.139123821563755046e+05
3.139586829482224421e+05
3.140024126210859395e+05
3.140431032503253664e+05
3.140813220992508577e+05
3.141162810519227642e+05
3.141469541961984942e+05
3.141739576311499113e+05
3.141974392923524720e+05
3.142172079378995695e+05
3.142343138690640335e+05
3.142488365294492105e+05
3.142605943586632493e+05
3.142685469926359947e+05
3.142730469181345543e+05
3.142731669181373436e+05
3.142696073273097863e+05
3.142635626796188299e+05
3.142542056093147257e+05
3.142413068773665582e+05
3.142248105990549084e+05
3.142055899251377559e+05
3.141833734268452972e+05
3.141580462062908919e+05
3.141300233767174650e+05
3.140989669413623633e+05
3.140635174284704844e+05
3.140245780494983774e+05
3.139826474696932128e+05
3.139377697812716942e+05
3.138903298088554875e+05
3.138399301256437320e+05
3.137866110276514664e+05
3.137298540370844421e+05
3.136684816862419248e+05
3.136026812886589905e+05
3.135322085450520390e+05
3.134573523944179178e+05
3.133794945982686477e+05
3.132983245599640650e+05
3.132146972935569356e+05
3.131283922039633035e+05
3.130386222561943578e+05
3.129461926483033458e+05
3.128504033437012695e+05
3.127510336847252911e+05
3.126477102766754106e+05
3.125412928037754609e+05
3.124317342688824283e+05
3.123188628192932229e+05
3.122031139601705363e+05
3.120837100040719379e+05
3.119606092361098272e+05
3.118354267835403443e+05
3.117076882976509514e+05
3.115776028347588144e+05
3.114447387267269078e+05
3.113099468647569884e+05
3.111731363599378383e+05
3.110334836675847182e+05
3.108911549706484075e+05
3.107454840556454146e+05
3.105962021959404810e+05
3.104433792769918218e+05
3.102878324981508777e+05
3.101295501806206885e+05
3.099679676431982080e+05
3.098032799107478349e+05
3.096352684486624785e+05
3.094638537969810423e+05
3.092904684859306435e+05
3.091135196128874086e+05
3.089326747324231546e+05
3.087501293121312629e+05
3.085657470081509673e+05
3.083798063522494631e+05
3.081910111115314648e+05
3.079996155530911055e+05
3.078056033154809847e+05
3.076085132231353782e+05
3.074079771392585244e+05
3.072044356032274081e+05
3.069985688201017329e+05
3.067910270980542991e+05
3.065817615858784993e+05
3.063693953549053986e+05
3.061553145467354916e+05
3.059392680565372575e+05
3.057205298806800274e+05
3.054997816988448030e+05
3.052778025029076380e+05
3.050537769516724511e+05
3.048278181747755734e+05
3.046003416893550311e+05
3.043701304188402719e+05
3.041376610303731868e+05
3.039034848608270986e+05
3.036672580723639694e+05
3.034285903162035975e+05
3.031885404835498775e+05
3.029457247617740650e+05
3.027013461556231487e+05
3.024550410885935999e+05
3.022071615741314599e+05
3.019582175775839714e+05
3.017081498951974791e+05
3.014570373946182663e+05
3.012040029771133559e+05
3.009496497598689748e+05
3.006932669672550401e+05
3.004356086442389642e+05
3.001754265311096096e+05
2.999123037167717121e+05
2.996472648510846775e+05
2.993802780007719994e+05
2.991106818317996222e+05
2.988397131524758297e+05
2.985672002401191276e+05
2.982925408363606548e+05
2.980157267845487222e+05
2.977373626512071933e+05
2.974592027913180063e+05
2.971796437891901587e+05
2.968984269740232849e+05
2.966164525036160485e+05
2.963335153455014806e+05
2.960494424698261428e+05
2.957640382816165220e+05
2.954784258892403450e+05
2.951931222132096882e+05
2.949055681925719255e+05
2.946171667874690611e+05
2.943274743115016026e+05
2.940356812884629471e+05
2.937426713716461090e+05
2.934486716097559547e+05
2.931532886560024926e+05
2.928564199896812206e+05
2.925580546135921031e+05
2.922585207772324211e+05
2.919570647353598615e+05
2.916549654415863915e+05
2.913518103917682893e+05
2.910478635655723047e+05
2.907429146302376757e+05
2.904372400281577720e+05
2.901310366921816021e+05
2.898239150515440269e+05
2.895155815529606189e+05
2.892057716551481280e+05
2.888944771216390072e+05
2.885823858458119212e+05
2.882697503562595812e+05
2.879565899072766770e+05
2.876426531872305204e+05
2.873276242541927495e+05
2.870115885995206772e+05
2.866955006621917710e+05
2.863789125338070444e+05
2.860606562155359425e+05
2.857416041198424646e+05
2.854220069260496530e+05
2.851019689597503748e+05
2.847800444974160637e+05
2.844566181756092119e+05
2.841319419656235841e+05
2.838068619124268298e+05
2.834811590040560695e+05
2.831545225036537740e+05
2.828265114563208190e+05
2.824980771020313259e+05
2.821690565901201335e+05
2.818390085397319635e+05
2.815083518103261013e+05
2.811775982420381624e+05
2.808464418186841067e+05
2.805151827500096988e+05
2.801834947625900386e+05
2.798520041513272445e+05
2.795196248240368441e+05
2.791861616676730337e+05
2.788529537261385703e+05
2.785197380427761236e+05
2.781859955520166550e+05
2.778516505223846179e+05
2.775165203683911823e+05
2.771801782074416406e+05
2.768436127108050277e+05
2.765060720971235423e+05
2.761681598017587676e+05
2.758303266805263702e+05
2.754921068356610485e+05
2.751533552614333457e+05
2.748144221227127709e+05
2.744743302730676951e+05
2.741334116548816091e+05
2.737923105341229821e+05
2.734510184251366882e+05
2.731102286618037033e+05
2.727689689525694121e+05
2.724272812087088823e+05
2.720847651759283617e+05
2.717428586247626226e+05
2.714006650550862541e+05
2.710581645573712885e+05
2.707158923084119451e+05
2.703734021979632089e+05
2.700294467329122126e+05
2.696850832671474782e+05
2.693409525191296125e+05
2.689959514026921825e+05
2.686513158504561870e+05
2.683066755501432344e+05
2.679627399519497412e+05
2.676197554808045970e+05
2.672763686249856255e+05
2.669322611743606976e+05
2.665881308321688557e+05
2.662433398666160065e+05
2.658989102355020586e+05
2.655543535330019658e+05
2.652101524354443536e+05
2.648657572404196835e+05
2.645209080041599227e+05
2.641763097336489009e+05
2.638322797061910969e+05
2.634870955581454327e+05
2.631418541607217048e+05
2.627970559466785053e+05
2.624522269090658519e+05
2.621081625361505430e+05
2.617650795994539803e+05
2.614224503134632832e+05
2.610797856113453163e+05
2.607375936969019240e+05
2.603957147264464002e+05
2.600545362398475409e+05
2.597133767152855289e+05
2.593724545601937862e+05
2.590316372253670415e+05
2.586913095448655076e+05
2.583502193792423059e+05
2.580081573834687588e+05
2.576655834283135191e+05
2.573239259230599855e+05
2.569821569407266215e+05
2.566406454055460927e+05
2.562991283602416806e+05
2.559580476664722664e+05
2.556177303806051495e+05
2.552780072024862166e+05
2.549391204616933246e+05
2.546001133159518649e+05
2.542615340059974114e+05
2.539238540629131312e+05
2.535866198225089756e+05
2.532503360913299548e+05
2.529135705903338385e+05
2.525772178978919401e+05
2.522416459851101681e+05
2.519061455431110517e+05
2.515707363869290275e+05
2.512361023211428837e+05
2.509014334610719234e+05
2.505664757596132404e+05
2.502326742866556742e+05
2.498995017864434340e+05
2.495655076395882061e+05
2.492311613900393713e+05
2.488966410625998396e+05
2.485619192383465415e+05
2.482276431887598010e+05
2.478938179475714569e+05
2.475608587306670961e+05
2.472286274800358515e+05
2.468966813973111566e+05
2.465643980732831405e+05
2.462317377017308027e+05
2.458991476680803171e+05
2.455664568672427267e+05
2.452339841892679106e+05
2.449019171941385139e+05
2.445701274609875982e+05
2.442380538304289512e+05
2.439062206007253553e+05
2.435747531535079179e+05
2.432433087671959947e+05
2.429124530750372505e+05
2.425819529940146604e+05
2.422520425458710233e+05
2.419225421485877014e+05
2.415935223767277203e+05
2.412653545376597031e+05
2.409371933535196877e+05
2.406095448823912011e+05
2.402823604190285550e+05
2.399566021995752526e+05
2.396314363311505003e+05
2.393067155598112731e+05
2.389826092549597961e+05
2.386595021282905655e+05
2.383362331915782997e+05
2.380128602774267492e+05
2.376904790753936977e+05
2.373686294074712787e+05
2.370478848934026028e+05
2.367272295513740100e+05
2.364078643081040645e+05
2.360895178926989320e+05
2.357713656921653892e+05
2.354545657651898509e+05
2.351392896175041387e+05
2.348247439205293194e+05
2.345109925473447656e+05
2.341980747089026263e+05
2.338861447911450814e+05
2.335751436028618482e+05
2.332655635586543358e+05
2.329570340071402316e+05
2.326491025374036108e+05
2.323427484099378053e+05
2.320375224358741834e+05
2.317331208062655351e+05
2.314299876720237080e+05
2.311283105406278628e+05
2.308279276449754252e+05
2.305294345039789623e+05
2.302319699945975735e+05
2.299356203937712999e+05
2.296410058666795958e+05
2.293476331080819364e+05
2.290558226696125057e+05
2.287657783413989819e+05
2.284784499820343044e+05
2.281930848146276549e+05
2.279092854382836085e+05
2.276277278160895803e+05
2.273480053271534853e+05
2.270694048666303279e+05
2.267916019915649085e+05
2.265157077627509134e+05
2.262418560991245322e+05
2.259701498694541515e+05
2.257001217868626991e+05
2.254328717781268933e+05
2.251677571768436464e+05
2.249046117675789574e+05
2.246433990814495482e+05
2.243840606709816784e+05
2.241263790399660938e+05
2.238706235588919953e+05
2.236165475742649869e+05
2.233643565731855633e+05
2.231147146600844571e+05
2.228679963755991485e+05
2.226236004442680860e+05
2.223815264508611290e+05
2.221413541864819126e+05
2.219036516338399088e+05
2.216680013935091265e+05
2.214341347452873015e+05
2.212027763642143400e+05
2.209742688854476146e+05
2.207486851813376707e+05
2.205254203771172033e+05
2.203038341283594200e+05
2.200854838361858856e+05
2.198697791913948604e+05
2.196567035432590346e+05
2.194463745923889801e+05
2.192387267577228777e+05
2.190342499611930398e+05
2.188320892308282491e+05
2.186325309027523908e+05
2.184352805620089057e+05
2.182409229456118192e+05
2.180496502175180358e+05
2.178611630586351675e+05
2.176751235540367779e+05
2.174923984597964445e+05
2.173127713402385416e+05
2.171360516051943705e+05
2.169623114442083170e+05
2.167921350132131774e+05
2.166255147864976316e+05
2.164618041744024667e+05
2.163007059929623210e+05
2.161425233271975012e+05
2.159872460715170600e+05
2.158351373247052543e+05
2.156865255120511283e+05
2.155412143315698486e+05
2.153989924446960213e+05
2.152596841850938508e+05
2.151234499597194372e+05
2.149907632721567934e+05
2.148609632861750142e+05
2.147343322864926304e+05
2.146108737362382526e+05
2.144902118494209426e+05
2.143726582553344779e+05
2.142585227635139017e+05
2.141481399899786338e+05
2.140414033095725754e+05
2.139380579808412876e+05
2.138379231822868169e+05
2.137415067474135431e+05
2.136483645051558851e+05
2.135587310402453004e+05
2.134724035160336352e+05
2.133901044884895964e+05
2.133113798143262393e+05
2.132359625657561119e+05
2.131639943925631233e+05
2.130954093015923863e+05
2.130303228498390818e+05
2.129691028135578381e+05
2.129110933931457985e+05
2.128571371842089575e+05
2.128067523714387498e+05
2.127599988897108706e+05
2.127172998444142286e+05
2.126779082918192144e+05
2.126420357795672317e+05
2.126094706695451168e+05
2.125799389762424689e+05
2.125533334269734623e+05
2.125302727588994894e+05
2.125108755869778979e+05
2.124951806778697646e+05
2.124829588557280367e+05
2.124745449556089006e+05
2.124695159452371299e+05
2.124673701233705215e+05
2.124687033534775546e+05
2.124732339614769153e+05
2.124816187543406850e+05
2.124941743945348135e+05
2.125099758806093596e+05
2.125282390164791141e+05
2.125490245223512757e+05
2.125730018904436729e+05
2.126000079174462298e+05
2.126303797161434486e+05
2.126639956785673276e+05
2.127005432480177260e+05
2.127411394440052100e+05
2.127847331495799299e+05
2.128319482984247152e+05
2.128820988823742664e+05
2.129352515807863965e+05
2.129917268102324451e+05
2.130516610778662143e+05
2.131143549716686539e+05
2.131794598717833869e+05
2.132471510643764632e+05
2.133176771338173712e+05
2.133911810846671287e+05
2.134673172511374869e+05
2.135460197139246447e+05
2.136270260886370088e+05
2.137103929170371557e+05
2.137957865644903795e+05
2.138828210512327496e+05
2.139717848415331100e+05
2.140626345621841319e+05
2.141555286900619394e+05
2.142508839849277865e+05
2.143485329221983557e+05
2.144487299902677769e+05
2.145508699007256073e+05
2.146553586735061544e+05
2.147620559185684833e+05
2.148707026269726048e+05
2.149810198105340824e+05
2.150928171339058026e+05
2.152062953668811824e+05
2.153220656922318740e+05
2.154396376479597529e+05
2.155585080873701081e+05
2.156785453843968571e+05
2.157996978916058433e+05
2.159221823606085673e+05
2.160458127369742724e+05
2.161706886283940694e+05
2.162967619985658093e+05
2.164239470114086289e+05
2.165520866162314778e+05
2.166809622609785292e+05
2.168109406121321954e+05
2.169418213291860593e+05
2.170731463651589584e+05
2.172052230796207150e+05
2.173376598503493005e+05
2.174705672340266756e+05
2.176039138505747542e+05
2.177374138875050412e+05
2.178708163764817582e+05
2.180044759814737481e+05
2.181381394612685544e+05
2.182713895795527787e+05
2.184041053852684854e+05
2.185368387510328903e+05
2.186694144340844941e+05
2.188021308801012347e+05
2.189342569692216057e+05
2.190659851477692137e+05
2.191970267217554501e+05
2.193273253588834777e+05
2.194569712994414149e+05
2.195861355220351543e+05
2.197150816652991925e+05
2.198430144286692084e+05
2.199699465428722615e+05
2.200958624923189927e+05
2.202210245299331436e+05
2.203451946484746004e+05
2.204683652140361082e+05
2.205902489535778004e+05
2.207111909431974927e+05
2.208313258854314336e+05
2.209500534119108925e+05
2.210680393152736651e+05
2.211850433689606725e+05
2.213007042563774157e+05
2.214151374599511910e+05
2.215280406295148132e+05
2.216392481645861699e+05
2.217489676301861473e+05
2.218571673003127216e+05
2.219634944521231228e+05
2.220681443952912814e+05
2.221713952429436613e+05
2.222728433754852158e+05
2.223723064767449396e+05
2.224694392901739629e+05
2.225641698930329294e+05
2.226569456345696526e+05
2.227478129560393863e+05
2.228362958699502342e+05
