5.012531408938742970e+03
5.014823917083931519e+03
5.017022726548888386e+03
5.019136084085446782e+03
5.021247690244032128e+03
5.023239333342015016e+03
5.024901186828565187e+03
5.026449653665722508e+03
5.027963028568248774e+03
5.029277261846626061e+03
5.030426085294500808e+03
5.031572928017090817e+03
5.032816038346578353e+03
5.034005053273799604e+03
5.035058080759638869e+03
5.035988212908970127e+03
5.037152724096467864e+03
5.038338747825266182e+03
5.039523734681892165e+03
5.040495738851286660e+03
5.041563354150057421e+03
5.042724526518733910e+03
5.043829619724496297e+03
5.044921407018269747e+03
5.045875138267902912e+03
5.046891650284343996e+03
5.047911319350937447e+03
5.048857880023268990e+03
5.049553515323223110e+03
5.050095951230130595e+03
5.050603938269634455e+03
5.051325878943594944e+03
5.051923852781183086e+03
5.052470588111481447e+03
5.052966503023095356e+03
5.053224642327184483e+03
5.053445869112074433e+03
5.053402749347185818e+03
5.053148870410646850e+03
5.052739686269445883e+03
5.051993266290686734e+03
5.051058096834768548e+03
5.050114671836957314e+03
5.048943737306285584e+03
5.047739022748607567e+03
5.046378257548522015e+03
5.045116030185552518e+03
5.043939323734264690e+03
5.042946562109013939e+03
5.042315857052430147e+03
5.041491417474375339e+03
5.040535851175913194e+03
5.039517942711656360e+03
5.038378336428889270e+03
5.037081049071173766e+03
5.035727698568230153e+03
5.034629011524503767e+03
5.033451185410895960e+03
5.032331869809604541e+03
5.031188540296196152e+03
5.030193033444407774e+03
5.029283409848207157e+03
5.028271315327406228e+03
5.027427779044270210e+03
5.026714245214554467e+03
5.026440942500070378e+03
5.026556131068389732e+03
5.026679963800146652e+03
5.026753361488774317e+03
5.026942077254831929e+03
5.027661293458395448e+03
5.028419303891057098e+03
5.029235328569767262e+03
5.030202746273262164e+03
5.031359574438182790e+03
5.032532816842478496e+03
5.033866071600448777e+03
5.035159458980494492e+03
5.036394339663552273e+03
5.038048343081169151e+03
5.039735383103996355e+03
5.041627661510187863e+03
5.043619996460136463e+03
5.045771964421821394e+03
5.047872328956816091e+03
5.050271140970195120e+03
5.052974248119499862e+03
5.055754231728907143e+03
5.058859249704974900e+03
5.062122448588984298e+03
5.065561976898372450e+03
5.069185789902868237e+03
5.073248858784403637e+03
5.077646528219478569e+03
5.082378810819162027e+03
5.087650403357124560e+03
5.093319832178705838e+03
5.099469359448052273e+03
5.105783321719747619e+03
5.112362247123064662e+03
5.119382266596396221e+03
5.127018308230078219e+03
5.134931591798705995e+03
5.143238815931189492e+03
5.151835316940046141e+03
5.160613970505728503e+03
5.169545711347367615e+03
5.178845335584697750e+03
5.188397220620359803e+03
5.198402305713748319e+03
5.208725099380806569e+03
5.219328072493017316e+03
5.230072012985994661e+03
5.241207741985968823e+03
5.252927512105536152e+03
5.264756879035157908e+03
5.276965352482898197e+03
5.289531834086686104e+03
5.302245862524217046e+03
5.315175738526041641e+03
5.328767538068197609e+03
5.342964068203782517e+03
5.357379008598394648e+03
5.372358942392000245e+03
5.388009164260984107e+03
5.404365728441759529e+03
5.421207938710671442e+03
5.438384244089274944e+03
5.455985587882440086e+03
5.473744664710165125e+03
5.491838301844395573e+03
5.510169091933494201e+03
5.528761274729738943e+03
5.547686537480118204e+03
5.566685243787414038e+03
5.586101190147069246e+03
5.605704273241850387e+03
5.625573091793514322e+03
5.645769942347546021e+03
5.666692763603317871e+03
5.688297237314402992e+03
5.710289365577533317e+03
5.732651275442040969e+03
5.755697350812981313e+03
5.779174178046494490e+03
5.802946339541460475e+03
5.826846684801264928e+03
5.851151468329320778e+03
5.875709334169227986e+03
5.900471043429118254e+03
5.925697213993183141e+03
5.951269551787245291e+03
5.977082007453214828e+03
6.003021521492833926e+03
6.029483143342479707e+03
6.055889914515340024e+03
6.082503699531139318e+03
6.109869779340175228e+03
6.137394897750287782e+03
6.165190173409917406e+03
6.193483819233713803e+03
6.221954926446163881e+03
6.250712954040860495e+03
6.279678087968006366e+03
6.308938699078435093e+03
6.338563272483777837e+03
6.368618168064397651e+03
6.399055931650143975e+03
6.429558978909963116e+03
6.460084579897617004e+03
6.490712167254372616e+03
6.521337961820261626e+03
6.552012158346632532e+03
6.582994111292283378e+03
6.614022894706871739e+03
6.645257024939259281e+03
6.676585499118057669e+03
6.708111591928583039e+03
6.739567970507268910e+03
6.771053099500322787e+03
6.802528211132803335e+03
6.834051439331386064e+03
6.865525087022293519e+03
6.896918020570880799e+03
6.928130072173128610e+03
6.959312597205518614e+03
6.990375179493586074e+03
7.021113468109133464e+03
7.051658693269487230e+03
7.082117619969794760e+03
7.112448875369919733e+03
7.142824281960623011e+03
7.173052482264325590e+03
7.202947244875874276e+03
7.232679676248305441e+03
7.262196487902328954e+03
7.291414310853433562e+03
7.320445913035053309e+03
7.349163817841207674e+03
7.377565066664295955e+03
7.405676173986068534e+03
7.433573080349247903e+03
7.461178756871686346e+03
7.488498097072613746e+03
7.515502946463640910e+03
7.542273545478647065e+03
7.568715645205611509e+03
7.594748196878811541e+03
7.620379991530382540e+03
7.645536807150988352e+03
7.670128173582263116e+03
7.694145715966180433e+03
7.717690970230931271e+03
7.740854968981799175e+03
7.763476844838974102e+03
7.785542699305684437e+03
7.807268935267381494e+03
7.828695890181669711e+03
7.849533898146684805e+03
7.869789453640461943e+03
7.889766114794870191e+03
7.909201856206183038e+03
7.928139981157549300e+03
7.946500198677124899e+03
7.964358928012536126e+03
7.981551341743747798e+03
7.998061922280984618e+03
8.014065231201986535e+03
8.029573513719516995e+03
8.044415491566998753e+03
8.058544895020360855e+03
8.071991377701186138e+03
8.084876859027538558e+03
8.097202728232052323e+03
8.108864278868019028e+03
8.119874688907335440e+03
8.130209176349396330e+03
8.139929868367131348e+03
8.149059700753981815e+03
8.157644336608709636e+03
8.165545540265507952e+03
8.172681588373649902e+03
8.179048936096134639e+03
8.184644333997913236e+03
8.189464832042427588e+03
8.193507782450415107e+03
8.196770841447250859e+03
8.199251969937215108e+03
8.200949433154464714e+03
8.201861799351281661e+03
8.201987937594079995e+03
8.201327014746582790e+03
8.199878491727367873e+03
8.197642119135602115e+03
8.194617932343979192e+03
8.190806246161797390e+03
8.186207649173407845e+03
8.180822997858212148e+03
8.174653410597624315e+03
8.167727356079844867e+03
8.160127803510080412e+03
8.151844063781922159e+03
8.142826301899001010e+03
8.133157669588563294e+03
8.122768275422353327e+03
8.111711070414982714e+03
8.099885442965564835e+03
8.087294356186675941e+03
8.073968468808858233e+03
8.059962556394159037e+03
8.045201513388991771e+03
8.029689268352345607e+03
8.013452687802315268e+03
7.996590381061081644e+03
7.979161597067309231e+03
7.961371398761171804e+03
7.943024627353443975e+03
7.923963491995167715e+03
7.904201216125625251e+03
7.883996061420846672e+03
7.863224269036199075e+03
7.841761088901039329e+03
7.819702423213025213e+03
7.796957338916743538e+03
7.773626728706184622e+03
7.749794956373824789e+03
7.725551876320952942e+03
7.700803595963974658e+03
7.675510549481879025e+03
7.649582879485365083e+03
7.623260864965201108e+03
7.596477733202125819e+03
7.569326570431622713e+03
7.541711230726214126e+03
7.513708113235648852e+03
7.485280471910486085e+03
7.456459978026162389e+03
7.427274320086038642e+03
7.397642350056077703e+03
7.367800333428897829e+03
7.337553504083523876e+03
7.306870848660350930e+03
7.276019039325170525e+03
7.245001986910181586e+03
7.213839520490781069e+03
7.182706093839308778e+03
7.151635213156853752e+03
7.120650182325814058e+03
7.089554107476486024e+03
7.058078494502076865e+03
7.026418016994412028e+03
6.994710970941898267e+03
6.962874109972327460e+03
6.930983743822864199e+03
6.899044146203860691e+03
6.866854001172006974e+03
6.834340075810702729e+03
6.801953035171103693e+03
6.769477320282290748e+03
6.736744556658049987e+03
6.703922485717965174e+03
6.671015285024043806e+03
6.638302096032542977e+03
6.605527789433921498e+03
6.572755277894049868e+03
6.539721212276600454e+03
6.506628183954606357e+03
6.473659913950143164e+03
6.440812467533105519e+03
6.408002516194988857e+03
6.375351591566546631e+03
6.342689000645120359e+03
6.310269610910034316e+03
6.277965168827903653e+03
6.245727823411413738e+03
6.213623973602767364e+03
6.181684161287014831e+03
6.149883534757079360e+03
6.118408791298350479e+03
6.087288687733847837e+03
6.056424239304640651e+03
6.025989989149247776e+03
5.996155726962086192e+03
5.966799626470048679e+03
5.937658474682925771e+03
5.908557490107355079e+03
5.879772910912901352e+03
5.851469390248963464e+03
5.823671110523902826e+03
5.796289114277097724e+03
5.769102788604641319e+03
5.742363503236660108e+03
5.716138838389369994e+03
5.690216747043622490e+03
5.664820934304982075e+03
5.639810262442175372e+03
5.615158345003077557e+03
5.591087955123136453e+03
5.567539841044599598e+03
5.544172489643488007e+03
5.521047550855784721e+03
5.498195817791583977e+03
5.475978900036790947e+03
5.454446280567290160e+03
5.433542889058388027e+03
5.412840862038568957e+03
5.392509760924885086e+03
5.372385714469351115e+03
5.352734718779386640e+03
5.333756186737283315e+03
5.315088320940787526e+03
5.296993772694397194e+03
5.279504375650683869e+03
5.262403152350526398e+03
5.245664255206291273e+03
5.229151744146853162e+03
5.213063763984433535e+03
5.197375487003397211e+03
5.182217840481710482e+03
5.167669796370997574e+03
5.153297642891147007e+03
5.139404919303104180e+03
5.126235053253771184e+03
5.113322600609064466e+03
5.100729675016837064e+03
5.088313705354523336e+03
5.076230679831718589e+03
5.064514827973263891e+03
5.053382148775250243e+03
5.042555066373924092e+03
5.032248424291419724e+03
5.022478706011841496e+03
5.013300918117723995e+03
5.004686078208286744e+03
4.996601697103502374e+03
4.989077892482604511e+03
4.982587328049161442e+03
4.976308612815766537e+03
4.970149065440622508e+03
4.964100102886312015e+03
4.958324681699519715e+03
4.952821347719105688e+03
4.947762423575411958e+03
4.943012189820168715e+03
4.938387632405438126e+03
4.934288678779521433e+03
4.930716578663494147e+03
4.927380606217413515e+03
4.924192363848103923e+03
4.921200804642987350e+03
4.918375648695891869e+03
4.915951078706144472e+03
4.913968066368417567e+03
4.912216490860195336e+03
4.910788519785230164e+03
4.909612391515385752e+03
4.908737732919938935e+03
4.908152833375574119e+03
4.907673309488256564e+03
4.907384716543929244e+03
4.907488111829483387e+03
4.907905980539644588e+03
4.908475232435308499e+03
4.909278837054660471e+03
4.910358449002869747e+03
4.911830142623433858e+03
4.913420980988679730e+03
4.915028271323606532e+03
4.916553190058079053e+03
4.918238696022980548e+03
4.920281719287842861e+03
4.922455928047350426e+03
4.924860724151687464e+03
4.927389206577760888e+03
4.929915632668465150e+03
4.932648184628815216e+03
4.935614683776229867e+03
4.939011889157707628e+03
4.942780665968659378e+03
4.946511549987415492e+03
4.950195963518566714e+03
4.953899029692855947e+03
4.957682886711998435e+03
4.961328738208525465e+03
4.964948782121389740e+03
4.968562816948977343e+03
4.971973509234310768e+03
4.975179270443510177e+03
4.978379678902407250e+03
4.981457917872826329e+03
4.984308795639959499e+03
4.987143106471245119e+03
4.990134726692774166e+03
4.992998796334582948e+03
4.995904194078135333e+03
4.998958506094832956e+03
5.001884008872812956e+03
5.004812330526308870e+03
5.007483213052153587e+03
5.010080567860668452e+03
5.012623585242311492e+03
5.015405169123207088e+03
5.018118495753453317e+03
5.020580016577085189e+03
5.022975346791800803e+03
5.025169011184271767e+03
5.027428292300427529e+03
5.029637487172500187e+03
5.031973252267921453e+03
5.034099449649334929e+03
5.035941884823016153e+03
5.038001667314159022e+03
5.039988271698195604e+03
5.041970093067478956e+03
5.043930565700844454e+03
5.045797340147850264e+03
5.047711336645877964e+03
5.049306647349720151e+03
5.050920549804242000e+03
5.052299848688973725e+03
5.053441808257030971e+03
5.054440606115978881e+03
5.055188886881496728e+03
5.055595042498785915e+03
5.055692579531864794e+03
5.055624543923586316e+03
5.055387211432964250e+03
5.055233784859821753e+03
5.055049647711291072e+03
5.054831851558046765e+03
5.054527974737425211e+03
5.054070386732046245e+03
5.053392661712548943e+03
5.052469222457859360e+03
5.051261601688898736e+03
5.049692295485781870e+03
5.047751400619988999e+03
5.045729264833458728e+03
5.043549791209809882e+03
5.041320247914864012e+03
5.038880046367898103e+03
5.036355643784438143e+03
5.033711357922084062e+03
5.030995893023662575e+03
5.028183389946745592e+03
5.025364918076593312e+03
5.022345653030139147e+03
5.019417119837012251e+03
5.016327077233238924e+03
5.013003209699423678e+03
5.009524693229319382e+03
5.005759874331349238e+03
5.001805627416282732e+03
4.997612615195735998e+03
4.993138165039110390e+03
4.988622928458623392e+03
4.983952523271849714e+03
4.979071548316426743e+03
4.974015195818104075e+03
4.968831635451013426e+03
4.963569953662590706e+03
4.958125857135912156e+03
4.952387670313447416e+03
4.946479079327851650e+03
4.940495930310862605e+03
4.934418687086134014e+03
4.928154467530277543e+03
4.921814606704792823e+03
4.915579092698664681e+03
4.909351730035441506e+03
4.903265499996477047e+03
4.897236739483083511e+03
4.891008148071318828e+03
4.884700922889354842e+03
4.878199229207325516e+03
4.871546453635513899e+03
4.864714423732779323e+03
4.857831287222412357e+03
4.850899954990893093e+03
4.843883292575730593e+03
4.836697093364202374e+03
4.829260097774284077e+03
4.821651353796351941e+03
4.813872589712593253e+03
4.806230154531562221e+03
4.798443355732470081e+03
4.790665362604726397e+03
4.782783583750648177e+03
4.774762196562271129e+03
4.766811407828929077e+03
4.758972493600760572e+03
4.751114708078486728e+03
4.743162895927294812e+03
4.735049292205809252e+03
4.726809089425058119e+03
4.718483872550015803e+03
4.709963530983921373e+03
4.701445944606268313e+03
4.692905815124335277e+03
4.684180401269605682e+03
4.675379365112086816e+03
4.666452132054175308e+03
4.657322897659349110e+03
4.648022689955168971e+03
4.638753317905494441e+03
4.629549340287627274e+03
4.620230116300584996e+03
4.611083354382669313e+03
4.601931625806775628e+03
4.592747965660055343e+03
4.583517226290903636e+03
4.574153533820297525e+03
4.564631684330002827e+03
4.555061429911231244e+03
4.545454175133096214e+03
4.535853663655849232e+03
4.526197137771541747e+03
4.516408803326505222e+03
4.506700465553514732e+03
4.496975574506799603e+03
4.487119420500795968e+03
4.477312574804530414e+03
4.467420912325074823e+03
4.457388663009754964e+03
4.447389572016189049e+03
4.437357522199725281e+03
4.427215990848866568e+03
4.417033637848770013e+03
4.406955553659638099e+03
4.396958129085423025e+03
4.387239565049512748e+03
4.377660022212428885e+03
4.368228781869737759e+03
4.358748962159969778e+03
4.349222079317051794e+03
4.339733021487911174e+03
4.330355998337767232e+03
4.320986710512694117e+03
4.311674227881202569e+03
4.302381943698805117e+03
4.293192489445748834e+03
4.284066653529100222e+03
4.274883999251085697e+03
4.265750514488078807e+03
4.256565313541970681e+03
4.247343515406239021e+03
4.238141348840439605e+03
4.228897122552290966e+03
4.219609990898954493e+03
4.210399065167550361e+03
4.201152791268174042e+03
4.191854999406967181e+03
4.182611758179771641e+03
4.173376514409457741e+03
4.164108899460228713e+03
4.154897829142924820e+03
4.145787232206806038e+03
4.136718102728342274e+03
4.127629168162051428e+03
4.118539446782667255e+03
4.109639283913911640e+03
4.100763430727673040e+03
4.091874231363101899e+03
4.083012820614922020e+03
4.074227080590453625e+03
4.065543893475842651e+03
4.056939612285478688e+03
4.048344620604149895e+03
4.039838329708461060e+03
4.031366531562479395e+03
4.022947352335529104e+03
4.014504611926926373e+03
4.006076840902784625e+03
3.997706488393381733e+03
3.989405956637775489e+03
3.981179730296859361e+03
3.973031989307371077e+03
3.964966369174775537e+03
3.956958616846175573e+03
3.949098914199832961e+03
3.941388214773086474e+03
3.933699750089197551e+03
3.926061985810429178e+03
3.918466611876712705e+03
3.910980259398858834e+03
3.903525817394295245e+03
3.896070051641635473e+03
3.888652102652809845e+03
3.881239590507285357e+03
3.873917972916056897e+03
3.866908782017537760e+03
3.860146411616412479e+03
3.853470070847330135e+03
3.846936733426973205e+03
3.840539041687043664e+03
3.834127894180201110e+03
3.827856872841715813e+03
3.821757808789730461e+03
3.815818680472514643e+03
3.809937167690682600e+03
3.804139418997113353e+03
3.798438439729748097e+03
3.792794080545641009e+03
3.787177091477766226e+03
3.781645201475187605e+03
3.776253755658541195e+03
3.770938406759709324e+03
3.765701614020093984e+03
3.760558086463081054e+03
3.755435704609018103e+03
3.750456561475848048e+03
3.745497956967412847e+03
3.740594571011115477e+03
3.735748690072096451e+03
3.731005753160582117e+03
3.726362098195401813e+03
3.721783269071504947e+03
3.717248206663857673e+03
3.712751836384817125e+03
3.708300414349410858e+03
3.703997041699165493e+03
3.699847607697381591e+03
3.695759200526173572e+03
3.691696326653552660e+03
3.687785350230351924e+03
3.683928775912875608e+03
3.680098473720036964e+03
3.676309056197229438e+03
3.672669933573222806e+03
3.669073865859857506e+03
3.665551769441163742e+03
3.662095925689641263e+03
3.658748789887193198e+03
3.655473929497036352e+03
3.652269424400751632e+03
3.649108983892737797e+03
3.645993974997420992e+03
3.642934795900270728e+03
3.639921620388382507e+03
3.636954717961272763e+03
3.634051918129673140e+03
3.631285998587946324e+03
3.628894051688199397e+03
3.626575846704334708e+03
3.624374942966564049e+03
3.622284233014355777e+03
3.620242763397191993e+03
3.618256578837903362e+03
3.616313400569838450e+03
3.614405281761723018e+03
3.612528782348076675e+03
3.610686586797279233e+03
3.608904055399703793e+03
3.607162497898199945e+03
3.605465675276675029e+03
3.603805792809507693e+03
3.602236613916059468e+03
3.600715137976340884e+03
3.599226431081958708e+03
3.597797334949193100e+03
3.596439104320778824e+03
3.595177781172079449e+03
3.594019975982809228e+03
3.592910548191743146e+03
3.591846969506725145e+03
3.590817841681463506e+03
3.589832247937300963e+03
3.588910970488847852e+03
3.588094133118112950e+03
3.587363808468983734e+03
3.586669209811516339e+03
3.586033582126187866e+03
3.585547794030984733e+03
3.585119947392644917e+03
3.584732878805276414e+03
3.584391158811250989e+03
3.584102070142160301e+03
3.583866291991772414e+03
3.583691453256514706e+03
3.583573037368475980e+03
3.583495137519105356e+03
3.583454895995100742e+03
3.583452499278117557e+03
3.583488136804996429e+03
3.583562000354386782e+03
3.583674283250322333e+03
3.583825179381987709e+03
3.584014882042059071e+03
3.584243582589257130e+03
3.584511468944052467e+03
3.584818723929715816e+03
3.585165523474073780e+03
3.585552034690261735e+03
3.585978413857485066e+03
3.586444804325155928e+03
3.586951334365770890e+03
3.587498115003418661e+03
3.588085237845913980e+03
3.588712772949067585e+03
3.589409305780269733e+03
3.590246041994733787e+03
3.591229859558705357e+03
3.592268867300867441e+03
3.593362497393366084e+03
3.594502793423088406e+03
3.595688805904910623e+03
3.596914109328776703e+03
3.598178423124624260e+03
3.599491333679391573e+03
3.600845797271625997e+03
3.602238343809849539e+03
3.603668641423696045e+03
3.605145645748644711e+03
3.606678944992852848e+03
3.608276107903227967e+03
3.609954328715137763e+03
3.611761005709392521e+03
3.613620861994328152e+03
3.615532131584423951e+03
3.617508649582051021e+03
3.619524717992189835e+03
3.621582158390741824e+03
3.623678470601235858e+03
3.625812714844149014e+03
3.627993834482378134e+03
3.630246634231111329e+03
3.632653349149610222e+03
3.635168247779084595e+03
3.637759196306831655e+03
3.640393689895417083e+03
3.643079968036446189e+03
3.645827660114903210e+03
3.648620369089915584e+03
3.651460487195899077e+03
3.654355777210525503e+03
3.657292821929923775e+03
3.660282515657411750e+03
3.663389686059915221e+03
3.666698104160424919e+03
3.670148658313984015e+03
3.673626964665409105e+03
3.677157028849287599e+03
3.680839975622889142e+03
3.684594530615384429e+03
3.688421198208860460e+03
3.692437375904332839e+03
3.696530263724353972e+03
3.700701118602267798e+03
3.704907621535425733e+03
3.709141690108338935e+03
3.713514630110691542e+03
3.717950935835927339e+03
3.722531003123336632e+03
3.727281926630009366e+03
3.732067246181445171e+03
3.736924508393598444e+03
3.741861200701097005e+03
3.746852720382451935e+03
3.751860683793858243e+03
3.756886700856849529e+03
3.761945536071395054e+03
3.767044472940782271e+03
3.772291581712032439e+03
3.777599909766795463e+03
3.782990460167105084e+03
3.788462654427046800e+03
3.794045598511040225e+03
3.799707031534920134e+03
3.805403063719953025e+03
3.811130612793590899e+03
3.816867822544047613e+03
3.822731638051342543e+03
3.828735499863614677e+03
3.834844411229524667e+03
3.840977130229195154e+03
3.847149978353626466e+03
3.853421007135927539e+03
3.859714914321571086e+03
3.866043678147389073e+03
3.872445455486620631e+03
3.878925820258626572e+03
3.885465891300175826e+03
3.892091297189738725e+03
3.898903426361244328e+03
3.905704904163261290e+03
3.912639170397186717e+03
3.919658074121425670e+03
3.926719857603862692e+03
3.933791592938519898e+03
3.940870278520862485e+03
3.947983824938699399e+03
3.955237787429560740e+03
3.962617192553017958e+03
3.970044777522951790e+03
3.977478789203531505e+03
3.985015808172192010e+03
3.992556050929275443e+03
4.000278521012510737e+03
4.008036403933425390e+03
4.015768077486006860e+03
4.023504827190889955e+03
4.031401142320845793e+03
4.039327428889183921e+03
4.047282458591122122e+03
4.055278763766589691e+03
4.063279833557858183e+03
4.071408763271372663e+03
4.079548750290216958e+03
4.087767247631858936e+03
4.096086847419196602e+03
4.104475069947553493e+03
4.112896719210844822e+03
4.121394007296985365e+03
4.129948457542391225e+03
4.138476956924958358e+03
4.146963339185120276e+03
4.155587366121417290e+03
4.164214522362683056e+03
4.172846724865587930e+03
4.181418290137395161e+03
4.189926703387915950e+03
4.198436058617318849e+03
4.206913029373436075e+03
4.215318562177608328e+03
4.223763311298465851e+03
4.232342773825191216e+03
4.240939798123465152e+03
4.249584250457346570e+03
4.258234961945377108e+03
4.266835217772022588e+03
4.275466489278420340e+03
4.284321116351177807e+03
4.293292739097958474e+03
4.302263077807897389e+03
4.311209241776536146e+03
4.320258029832020839e+03
4.329349824855471525e+03
4.338328456885942614e+03
4.347214291819088430e+03
4.356062906918647059e+03
4.364868915074488541e+03
4.373663665364764711e+03
4.382589379657789323e+03
4.391442357877283030e+03
4.400282819803735947e+03
4.409099440294467058e+03
4.417994536438594878e+03
4.426888901247753893e+03
4.435684554490091614e+03
4.444379200011172543e+03
4.452943693205579621e+03
4.461533011906321917e+03
4.470141107900883071e+03
4.478736951402550403e+03
4.487383862245871569e+03
4.496096372933133352e+03
4.504795325267582484e+03
4.513557001281107659e+03
4.522273643836062547e+03
4.530875925373917198e+03
4.539358773416981421e+03
4.547916677497380078e+03
4.556510567775861091e+03
4.564967212771780396e+03
4.573392845914921054e+03
4.581797798862952732e+03
4.590139073189067858e+03
4.598296411754132350e+03
4.606257595780272823e+03
4.614069919286234835e+03
4.621864922711432882e+03
4.629570567042877883e+03
4.637157999200930135e+03
4.644619380050848122e+03
4.651891744603837651e+03
4.659078076222313030e+03
4.666171355558420146e+03
4.673237284068816734e+03
4.680239706143698641e+03
4.687198969490915260e+03
4.694027343474999725e+03
4.700925835284727327e+03
4.707794492924405859e+03
4.714563389392340468e+03
4.721390167174746239e+03
4.728351246534246457e+03
4.735283332335816340e+03
4.742397125630393020e+03
4.749838096122974093e+03
4.757435131985039334e+03
4.764792079314284820e+03
4.772151956749589772e+03
4.779472112678096892e+03
4.786652337071853253e+03
4.793653277853572945e+03
4.800584326304014212e+03
4.807338009682045595e+03
4.813999096417743203e+03
4.820628486255755888e+03
4.827116401766223134e+03
4.833632431570056724e+03
4.840081466431313856e+03
4.846402819651878417e+03
4.852703070454842418e+03
4.858776346047793595e+03
4.864792685198943218e+03
4.870890072429314387e+03
4.876988146250218051e+03
4.882885782883709908e+03
4.888541569601512492e+03
4.894030497825298880e+03
4.899606332575083798e+03
4.905205251868617779e+03
4.910666721901920937e+03
4.916039619047773158e+03
4.921342444565514597e+03
4.926514032619906175e+03
4.931527936326509007e+03
4.936499960365070365e+03
4.941285116150255817e+03
4.945914735975870826e+03
4.950318413156703173e+03
4.954507722158643446e+03
4.958708962561555381e+03
4.962809428599515741e+03
4.966953886121278629e+03
4.971113697226037402e+03
4.975071119939320852e+03
4.978912818409764441e+03
4.982562213426325798e+03
4.986149389587842961e+03
4.989530889193046278e+03
4.992780445865811998e+03
4.995858593201904114e+03
4.998884090871075387e+03
5.001864941136102971e+03
5.004755049760626207e+03
5.007478026360537115e+03
5.009983890471731684e+03
5.012531408938742970e+03
