1.203664503851099289e+04
1.208587379831247745e+04
1.213632708284340697e+04
1.218690516300939271e+04
1.223770371266293114e+04
1.228907301844041831e+04
1.234079744697908063e+04
1.239378820794414059e+04
1.244667589838300592e+04
1.249852334345760028e+04
1.254948072367027271e+04
1.259960991311097132e+04
1.265122120832060682e+04
1.270264652596105952e+04
1.275492876445269030e+04
1.280829415241814968e+04
1.286272543148429213e+04
1.291742792575239218e+04
1.297477701607548988e+04
1.303204571951403341e+04
1.308892254886020783e+04
1.314516713875513233e+04
1.320091134712838721e+04
1.325594404944108828e+04
1.331108560034623406e+04
1.336656834368006457e+04
1.342185136675351168e+04
1.347758330447017761e+04
1.353277920537930186e+04
1.358773225804563663e+04
1.364306041287803237e+04
1.369811134129689162e+04
1.375284088978488580e+04
1.380758189172338825e+04
1.386146190355467661e+04
1.391502820034613796e+04
1.396856661281765264e+04
1.402203739037503874e+04
1.407641149940157266e+04
1.413044783570336222e+04
1.418357467785953122e+04
1.423604607887273596e+04
1.428774673189676105e+04
1.433853616266754580e+04
1.438912649032812260e+04
1.443866274251488358e+04
1.448805238864120111e+04
1.453672593509357830e+04
1.458627392011751726e+04
1.463442664496296493e+04
1.468247851673103105e+04
1.472947491087509479e+04
1.477513466402870290e+04
1.481954104790142810e+04
1.486265912869647582e+04
1.490470656332865838e+04
1.494570329395017689e+04
1.498506946571318804e+04
1.502278569625052114e+04
1.505878573374138068e+04
1.509459660247517786e+04
1.513231721289647248e+04
1.516906586506625172e+04
1.520484785350546736e+04
1.523961489796900969e+04
1.527267299933954200e+04
1.530593571716665247e+04
1.533961272144667237e+04
1.537311295546572728e+04
1.540568696440808162e+04
1.543721019900455394e+04
1.546802948617605580e+04
1.549850744341929203e+04
1.552843003568154381e+04
1.555796460241416571e+04
1.558669702530918039e+04
1.561580464848514021e+04
1.564406057791619241e+04
1.567141278645957573e+04
1.569928843142754704e+04
1.572622987762688354e+04
1.575235304040319897e+04
1.577732439514337602e+04
1.580070401422880423e+04
1.582280108662964813e+04
1.584381533350222890e+04
1.586358215577733972e+04
1.588278135356138955e+04
1.590187124574028348e+04
1.591999932791378524e+04
1.593702600567816262e+04
1.595265625476601781e+04
1.596874100176823413e+04
1.598571859193911951e+04
1.600255071867414154e+04
1.602261721896281415e+04
1.604342170339506447e+04
1.606334082872124782e+04
1.608198305348444592e+04
1.610082473496714556e+04
1.611976353704034045e+04
1.613857755055044981e+04
1.615863473735340813e+04
1.618014716777520152e+04
1.620172503086682082e+04
1.622357133460777550e+04
1.624646783580894044e+04
1.627009777564891374e+04
1.629298421633290309e+04
1.631530235960577556e+04
1.634038483761719181e+04
1.636556258247792357e+04
1.639274990327955675e+04
1.642119888459181311e+04
1.644799219808060661e+04
1.647819379160734388e+04
1.650747750422699391e+04
1.653685858906264548e+04
1.656597897857167845e+04
1.659556084463153093e+04
1.662452629851009988e+04
1.665284119131144689e+04
1.668366761916063479e+04
1.671573772897806339e+04
1.674841584540678741e+04
1.677963471917809511e+04
1.680974690506570914e+04
1.684034979015636782e+04
1.687206729931999143e+04
1.690394892978502685e+04
1.693428856512220955e+04
1.696534167671262549e+04
1.699729474693320662e+04
1.702991805881200344e+04
1.706462454089921812e+04
1.710263060110875449e+04
1.714080867094517089e+04
1.717880267715763330e+04
1.721724152226525257e+04
1.725615640763392366e+04
1.729457118034656014e+04
1.733262986355384055e+04
1.737001631028288102e+04
1.740857209152693395e+04
1.744550315927110569e+04
1.748179411807074212e+04
1.751855259335083974e+04
1.755459794635590151e+04
1.759027533868949831e+04
1.762567022121659829e+04
1.765936587192957813e+04
1.769146737933057011e+04
1.772189351014641215e+04
1.775130678120577795e+04
1.778035157276116661e+04
1.780753506306513736e+04
1.783508409479932379e+04
1.786586463636528424e+04
1.789633324562614871e+04
1.792619708888396053e+04
1.795541926599787985e+04
1.798349027598022440e+04
1.801453054724503090e+04
1.804401003009392298e+04
1.807287906250714514e+04
1.809981830374632409e+04
1.812702068928953668e+04
1.815341313481920224e+04
1.818123537313342240e+04
1.820876266753821255e+04
1.823457370680298482e+04
1.825942406038452827e+04
1.828229216022521359e+04
1.830601625823582071e+04
1.832955991578003886e+04
1.835401978018481532e+04
1.837779048958406202e+04
1.840047234623412078e+04
1.842168324779080649e+04
1.844109208031190792e+04
1.845905952815637283e+04
1.847884634121913768e+04
1.849898539280152181e+04
1.851926176139371091e+04
1.853855883882052149e+04
1.855741648432014335e+04
1.857711588709087664e+04
1.859516868592584069e+04
1.861320207478076918e+04
1.863288577805094610e+04
1.865155468839800596e+04
1.866891857972237631e+04
1.868579269799165922e+04
1.870388763238336105e+04
1.872366577659389804e+04
1.874330309303134345e+04
1.876303027451556045e+04
1.878233247261253564e+04
1.880070427104772170e+04
1.881806344378699214e+04
1.883292555862169684e+04
1.884645985238575668e+04
1.885966526284792417e+04
1.887432846056334529e+04
1.888718480378044842e+04
1.889838519735006048e+04
1.890908927593255066e+04
1.892116959487058921e+04
1.893536811630675948e+04
1.894988143640934140e+04
1.896417495864650482e+04
1.898024590808764333e+04
1.899583287749215378e+04
1.901207434069302326e+04
1.902744938517043556e+04
1.904246853801434918e+04
1.905646249080155394e+04
1.907070321224748113e+04
1.908487767563808302e+04
1.910146539572545589e+04
1.911779194853032459e+04
1.913336434231985550e+04
1.914983172887057299e+04
1.916707109779453822e+04
1.918381540662942280e+04
1.919896070894473087e+04
1.921315484911803651e+04
1.922853917674279364e+04
1.924362480862076336e+04
1.925785320451974985e+04
1.927087710113659341e+04
1.928332212326988520e+04
1.929808127343053638e+04
1.931128343382076855e+04
1.932487200734968064e+04
1.933819961999727093e+04
1.935078723778431595e+04
1.936439616814349574e+04
1.937652781891483028e+04
1.938744381520820389e+04
1.939716430245213633e+04
1.940607978723373526e+04
1.941407597254381835e+04
1.942200918065831866e+04
1.943000465957002598e+04
1.943662991446553860e+04
1.944228987724470790e+04
1.944923104683484053e+04
1.945534581560661900e+04
1.946130522809290051e+04
1.946640829643519464e+04
1.947103227003553184e+04
1.947526604033150943e+04
1.947753746547374249e+04
1.947990550134494697e+04
1.948143114206882456e+04
1.948336519306666742e+04
1.948433223148048637e+04
1.948603651283746149e+04
1.948724642319788109e+04
1.948694198577190400e+04
1.948616866389424831e+04
1.948426191319910868e+04
1.948173553479715338e+04
1.948003349159470963e+04
1.948254959596323533e+04
1.948807714282241068e+04
1.949337505243775377e+04
1.949666599697443962e+04
1.949807503924352568e+04
1.949721870564667552e+04
1.949448962336155819e+04
1.948990835872457319e+04
1.948442896236447268e+04
1.947721174213676568e+04
1.947037425645113763e+04
1.946246910303997720e+04
1.945293164752592565e+04
1.944176180596264021e+04
1.942918473845891276e+04
1.941529923537405557e+04
1.940057812686091711e+04
1.938940990009676170e+04
1.937882401961812502e+04
1.936692131164947568e+04
1.935385655458226756e+04
1.934006364669528921e+04
1.932630910216900156e+04
1.931155690041535127e+04
1.929580794475512812e+04
1.928057460477266432e+04
1.926540097455051728e+04
1.924948093078886814e+04
1.923311794822189404e+04
1.921701362985671585e+04
1.920002669572977175e+04
1.918186664263602870e+04
1.916279851160081307e+04
1.914602223493384008e+04
1.912827965482107902e+04
1.910876936113010015e+04
1.908845487329798925e+04
1.906832914100507332e+04
1.904729975028570334e+04
1.902612819418539948e+04
1.900748374582374527e+04
1.898865542681337683e+04
1.897223571706250732e+04
1.895518377288516785e+04
1.893628313878156041e+04
1.891682741298171459e+04
1.889622178907469424e+04
1.887349134082397359e+04
1.885213520454579702e+04
1.883068500693331589e+04
1.880782077568777095e+04
1.878357536709830310e+04
1.875792965402684058e+04
1.873165055685623520e+04
1.870465771735093585e+04
1.867770971805878435e+04
1.864854514008047408e+04
1.861707049082218145e+04
1.858464496867312482e+04
1.855122750556693063e+04
1.851678542153381568e+04
1.848339022841140104e+04
1.844910290834073385e+04
1.841386209822021920e+04
1.837796298629826924e+04
1.834147041565502514e+04
1.830787523922264518e+04
1.827439935160630193e+04
1.824057698970101774e+04
1.820582894346649846e+04
1.817103508017464264e+04
1.813705001929321224e+04
1.810272402028945726e+04
1.806758347552012128e+04
1.803156527141544939e+04
1.799456862025897135e+04
1.795788736402259747e+04
1.792030469919980897e+04
1.788315261222559275e+04
1.784593440553738765e+04
1.780815068374961993e+04
1.777156183968414189e+04
1.773542482725464652e+04
1.769984628779969353e+04
1.766622401517514663e+04
1.763248368966107955e+04
1.759768409858194354e+04
1.756315739272110659e+04
1.752859390872903896e+04
1.749262262342779286e+04
1.745588938067355775e+04
1.741980470809186954e+04
1.738272882799039871e+04
1.734465039413248451e+04
1.730531933780784311e+04
1.726429848644339654e+04
1.722183267351282848e+04
1.717871840750670162e+04
1.713719838333802181e+04
1.709666021075704703e+04
1.705608785378773609e+04
1.701486710408682484e+04
1.697222847162705148e+04
1.692890202053956091e+04
1.688807523597573163e+04
1.684739563638105028e+04
1.680620284560565779e+04
1.676624321051792504e+04
1.672910598665572616e+04
1.669301748765700177e+04
1.665780218746883475e+04
1.662209561305552052e+04
1.658566105599885486e+04
1.655007255280364188e+04
1.651557276202934736e+04
1.648262686533213491e+04
1.644901587533004931e+04
1.641407402455172996e+04
1.638082339659719946e+04
1.635237827176785504e+04
1.632407317784647603e+04
1.629440994563787535e+04
1.626357685653184490e+04
1.623314214128410822e+04
1.620240541322362333e+04
1.617315710545723414e+04
1.614365269021986387e+04
1.611259620944480776e+04
1.608055899708762990e+04
1.604877251697449901e+04
1.601789107728440649e+04
1.598679633910680241e+04
1.595728475978071765e+04
1.592759226209794906e+04
1.589923646819786336e+04
1.586982458000587212e+04
1.584004997683023794e+04
1.581080055334984354e+04
1.578063094580738834e+04
1.575024517476239998e+04
1.571909038821868489e+04
1.568791964838459171e+04
1.565740746726586804e+04
1.562789059446410465e+04
1.560170851564599798e+04
1.557567642993957816e+04
1.555107131834895699e+04
1.552728713153802164e+04
1.550429772966816199e+04
1.547988769520664755e+04
1.545528749988451455e+04
1.543129322262142705e+04
1.540622809234519082e+04
1.537948114637764957e+04
1.535177018971220787e+04
1.532266930216229230e+04
1.529240285049220620e+04
1.526114366554696244e+04
1.522863477445506214e+04
1.519562388257265229e+04
1.516132053330438430e+04
1.512684875436103721e+04
1.509362552569312538e+04
1.505950929854004062e+04
1.502408895247456348e+04
1.498716622520726378e+04
1.495121587993718822e+04
1.491657911286054332e+04
1.488169774282854632e+04
1.484675855143118679e+04
1.481242684533090869e+04
1.477871415250382415e+04
1.474573512565008241e+04
1.471298514272022658e+04
1.468034305418498661e+04
1.464633594643773540e+04
1.461134508999474929e+04
1.457451066456080298e+04
1.453602596809501483e+04
1.449742612406585795e+04
1.445742850806973365e+04
1.441693022581180958e+04
1.437772286540148343e+04
1.433890651518353116e+04
1.430158324779074974e+04
1.426373085460849325e+04
1.422646545953731948e+04
1.418876236605329541e+04
1.415028519786224933e+04
1.411078844907853636e+04
1.407060766334406435e+04
1.402926959556993097e+04
1.398757867853318385e+04
1.394595916079477320e+04
1.390389669030523510e+04
1.386309376254430936e+04
1.382175273186828417e+04
1.378064531226976032e+04
1.373942197546111493e+04
1.369924727618482575e+04
1.365969204417735455e+04
1.361940159779893838e+04
1.357858142377825789e+04
1.353920725238635350e+04
1.349885843905498405e+04
1.345751579503723769e+04
1.341518697633327429e+04
1.337254683781298991e+04
1.333037946723793902e+04
1.328859227142921554e+04
1.324648865872778333e+04
1.320429504085342887e+04
1.316220960658221156e+04
1.311968819684230039e+04
1.307838797326405438e+04
1.303802668321268357e+04
1.299901149134875595e+04
1.296214264899088448e+04
1.292592903849362119e+04
1.289029532692396788e+04
1.285450500368885150e+04
1.281903297242978260e+04
1.278285666202201537e+04
1.274635032012038937e+04
1.271063535395196413e+04
1.267445210888174188e+04
1.263937309303971415e+04
1.260412353948039890e+04
1.256796248748925063e+04
1.253079619796341285e+04
1.249266699366143439e+04
1.245360067060879010e+04
1.241390871935051291e+04
1.237402968060099738e+04
1.233492652704229113e+04
1.229534443428866507e+04
1.225562083792158955e+04
1.221527789182790366e+04
1.217574582435595948e+04
1.213709633997999117e+04
1.209972765450205588e+04
1.206282387630480298e+04
1.202537718655108620e+04
1.198748170713940453e+04
1.194883385689452007e+04
1.190959583082596873e+04
1.186991519912468902e+04
1.183003202183155736e+04
1.178970330300598835e+04
1.175028568440930212e+04
1.171048904638473323e+04
1.167067976268062193e+04
1.163054094574606097e+04
1.159012533409934440e+04
1.154999250824137562e+04
1.150970232539537028e+04
1.146910226792936191e+04
1.142882511722987692e+04
1.138797684943265995e+04
1.134656601820959077e+04
1.130442096679270435e+04
1.126160840721238128e+04
1.121828962116526600e+04
1.117427094607649269e+04
1.113004247205344473e+04
1.108515225936171919e+04
1.103958260834080647e+04
1.099394571167674439e+04
1.094801613795519734e+04
1.090212296240122305e+04
1.085623145346751335e+04
1.081055862748043364e+04
1.076569863226262532e+04
1.072071342078119415e+04
1.067579574582686837e+04
1.063068265221881848e+04
1.058533652917722793e+04
1.053948358242202812e+04
1.049387958030192385e+04
1.044844318143216879e+04
1.040310884688234000e+04
1.035742109181561682e+04
1.031144979777670233e+04
1.026499619447705845e+04
1.021866403842961881e+04
1.017249161618058679e+04
1.012683555973373223e+04
1.008104988006172971e+04
1.003511180125668761e+04
9.989336310836511984e+03
9.943462474221798402e+03
9.897444251130196790e+03
9.851319155782139205e+03
9.804761583937182877e+03
9.758176946914514701e+03
9.711477288595286154e+03
9.664498813447244174e+03
9.617509039439391927e+03
9.571249088518216013e+03
9.525851541942796757e+03
9.480587798213515271e+03
9.435675582145020599e+03
9.392737547232574798e+03
9.349379911490272207e+03
9.306321681080304188e+03
9.263940021224721932e+03
9.221653255181649001e+03
9.179347365789613832e+03
9.138013708788688746e+03
9.097441658874478890e+03
9.057654158378338252e+03
9.017594553986922620e+03
8.977142289586889092e+03
8.936552216225640223e+03
8.895664845713994509e+03
8.854437137514538335e+03
8.812881013585007167e+03
8.770988274075803929e+03
8.728822873925997555e+03
8.686723076452866735e+03
8.644553191318569588e+03
8.603043590794344709e+03
8.562257942619569803e+03
8.522648376872115477e+03
8.483584321783670021e+03
8.444931166276568547e+03
8.406314850443350224e+03
8.368447846869670684e+03
8.330717769454595327e+03
8.293089701034115933e+03
8.256141235466157013e+03
8.219360684767143539e+03
8.182712227800272558e+03
8.146508368236850401e+03
8.110509099014418098e+03
8.074531273633525416e+03
8.038637622843674762e+03
8.002984215458449398e+03
7.967273868815151218e+03
7.931402227906632106e+03
7.895415568917464043e+03
7.859360742218284031e+03
7.823119982659336529e+03
7.786938445406049141e+03
7.751163075005817518e+03
7.715640050997810249e+03
7.680874149736419895e+03
7.648019531547945007e+03
7.614995557704442035e+03
7.582283466060398496e+03
7.550329218793425753e+03
7.518265753873727590e+03
7.486056463680699380e+03
7.453700606430802509e+03
7.421199522698301735e+03
7.389121543828649919e+03
7.358240620583819691e+03
7.328741913077605204e+03
7.299926291819623657e+03
7.271351016011010870e+03
7.243507019362850770e+03
7.216935668175305182e+03
7.190327614080381863e+03
7.163749463634314452e+03
7.137130233944191787e+03
7.110739034876319238e+03
7.084476075633747314e+03
7.058386670450311613e+03
7.032847390517868917e+03
7.007416048673991099e+03
6.982048529682315348e+03
6.956716772742726789e+03
6.931844100242889908e+03
6.907142483381412603e+03
6.883045638975506336e+03
6.860778627766319914e+03
6.838719569479773781e+03
6.816794656493772891e+03
6.795289606703056961e+03
6.774432209583465010e+03
6.753927962050107453e+03
6.733512900921716209e+03
6.713727690973495555e+03
6.695393106955830262e+03
6.677289490356330134e+03
6.659308992269878217e+03
6.641732183285924293e+03
6.624305789286428990e+03
6.607038709731466952e+03
6.589757609544154548e+03
6.572449860419799734e+03
6.555157628890590786e+03
6.538376754851022270e+03
6.522250149193187099e+03
6.506126198210864459e+03
6.490111442996696496e+03
6.474292089871782082e+03
6.458557967360467956e+03
6.442762668979990849e+03
6.427692998184205862e+03
6.413936539998638182e+03
6.400317451397428158e+03
6.386921775452057773e+03
6.373461564253811957e+03
6.360284450060319614e+03
6.347189464408049389e+03
6.334770612281910871e+03
6.322594628757946339e+03
6.310391081775809653e+03
6.298597108143410878e+03
6.286836821589003193e+03
6.274954333130089253e+03
6.262920321529231842e+03
6.250686974809476851e+03
6.238329487419414363e+03
6.225918169571945327e+03
6.213949342466534290e+03
6.202404255883137921e+03
6.190727237648894516e+03
6.178923792135030453e+03
6.167075241796485898e+03
6.155819493001736191e+03
6.144777878527202120e+03
6.133951643984998555e+03
6.123249126735947357e+03
6.112465710415229296e+03
6.101704171617020620e+03
6.091137654890975682e+03
6.080638333119513845e+03
6.070411443377714022e+03
6.060402166599202246e+03
6.050446361797320606e+03
6.040529732520686593e+03
6.030642930943466126e+03
6.020773128308714149e+03
6.010936292637858060e+03
6.001210644407616201e+03
5.991585600610828806e+03
5.982065571605107834e+03
5.972597584338923298e+03
5.963249806419259585e+03
5.954003586002690099e+03
5.944927756428394787e+03
5.936122030120636737e+03
5.927429500973332324e+03
5.918887223595263094e+03
5.910460419351902601e+03
5.902136463989273580e+03
5.893956772266171356e+03
5.885897996725225312e+03
5.877997446671228317e+03
5.870350877978699828e+03
5.863000153793276695e+03
5.855837237213927438e+03
5.848958911278527012e+03
5.842150751414665137e+03
5.835454337224990923e+03
5.829107278556120036e+03
5.822920619406539117e+03
5.816815240897087278e+03
5.810778337551028017e+03
5.804843268537702897e+03
5.799176369507660638e+03
5.793615616101149499e+03
5.788149823644708704e+03
5.783643790773700857e+03
5.779835396267060787e+03
5.776123673235651040e+03
5.772499201371021627e+03
5.769123748179534232e+03
5.765863051639744299e+03
5.762719826846781871e+03
5.759681364492749708e+03
5.756754673846156038e+03
5.754176066766171061e+03
5.751891159807000804e+03
5.749777397208246839e+03
5.747795572709597764e+03
5.745979173242966681e+03
5.744360402791970046e+03
5.743009171020235954e+03
5.741835651333149144e+03
5.740820305520495822e+03
5.739950423893494190e+03
5.739244970951140203e+03
5.738683810643594370e+03
5.738291063713212679e+03
5.738132176904331573e+03
5.738221914066874888e+03
5.738685739288750483e+03
5.739571203174178663e+03
5.740649419181314443e+03
5.741893892915362812e+03
5.743322635342007743e+03
5.745354115494207690e+03
5.747654880918626077e+03
5.750095380747502531e+03
5.752779280653854585e+03
5.756275191025959430e+03
5.760013958082152385e+03
5.763950756349113362e+03
5.768144938444140280e+03
5.772735541293040114e+03
5.777494594977562883e+03
5.782451408791099311e+03
5.787592939799522355e+03
5.792801096148277793e+03
5.798065160299415766e+03
5.804189634006735105e+03
5.811113153013207921e+03
5.818099344191461569e+03
5.825153046909701516e+03
5.832252691951744055e+03
5.839371238612287925e+03
5.846511376489652321e+03
5.853696181952312145e+03
5.860912902786299128e+03
5.868183184529039863e+03
5.875519167123790794e+03
5.882863412979596433e+03
5.890235212383409817e+03
5.897718853568496343e+03
5.905600117424812197e+03
5.913594467628307029e+03
5.921704751198491067e+03
5.929920389193815026e+03
5.938321111887373263e+03
5.947227771415751704e+03
5.956712028117204682e+03
5.966469465098403816e+03
5.976366258223879413e+03
5.986530424393413341e+03
5.997053665007268137e+03
6.007689596678850648e+03
6.018413046196154028e+03
6.029385213472283795e+03
6.040501700348391751e+03
6.052004072991283465e+03
6.063718349020035021e+03
6.075612515996806906e+03
6.087704691172824823e+03
6.099888908899230046e+03
6.112243656610177823e+03
6.124765871125522608e+03
6.137546019750374398e+03
6.150375227046504733e+03
6.163293578120498751e+03
6.176683886941909805e+03
6.190127481157964212e+03
6.203588173357089545e+03
6.217054792969681330e+03
6.230560652789570668e+03
6.244087144468051520e+03
6.257727841789183913e+03
6.271416193333258889e+03
6.285136098200182460e+03
6.298863303060295948e+03
6.312763264887654259e+03
6.329196809958644735e+03
6.346853888816278413e+03
6.364986387279441260e+03
6.383322390972743960e+03
6.402099906169241876e+03
6.420930619792458856e+03
6.439766671108745868e+03
6.458613485842531190e+03
6.477437208807245042e+03
6.496278710474249237e+03
6.515093194228912580e+03
6.533867488787162983e+03
6.552626116970286603e+03
6.571737642274814789e+03
6.590830114319775021e+03
6.610174934164912884e+03
6.629520340631000181e+03
6.648821200408495315e+03
6.668058248867027942e+03
6.687218891628102028e+03
6.706494085099969197e+03
6.726170622060536516e+03
6.745866678145121114e+03
6.765499414562431411e+03
6.785104360610783260e+03
6.805444598272598341e+03
6.825950973105220328e+03
6.847014525477103234e+03
6.868815556130640289e+03
6.890578419584484436e+03
6.912513322350936505e+03
6.934769687367912411e+03
6.959421755667685829e+03
6.984162827865975487e+03
7.009201841307868563e+03
7.034280753530782022e+03
7.060393821276097697e+03
7.086996989630073585e+03
7.113655002823406903e+03
7.140304222622351517e+03
7.167023252155835507e+03
7.194503223123855605e+03
7.222050139157033300e+03
7.249704411272394282e+03
7.277391988702695016e+03
7.304894340438311701e+03
7.332242378696108972e+03
7.359383942478674726e+03
7.386315337834565980e+03
7.413543653927245032e+03
7.441197615628629137e+03
7.469891638147489175e+03
7.499213883612967948e+03
7.528490408449206370e+03
7.557497378643850425e+03
7.586494519659107027e+03
7.615270891997961371e+03
7.643817295999364433e+03
7.674603819041247334e+03
7.705686655898266508e+03
7.736911335546065857e+03
7.769205236657830937e+03
7.801166653599368146e+03
7.832806247246446219e+03
7.864133777183490565e+03
7.895201435801143816e+03
7.926647399930762731e+03
7.957744459579400427e+03
7.988501460114030124e+03
8.019223807253210907e+03
8.049683263223931135e+03
8.079837311768527798e+03
8.110482093394890398e+03
8.141208842938013731e+03
8.171853938641302193e+03
8.202401179926642726e+03
8.233235271232684681e+03
8.264587614624941125e+03
8.296141189672918699e+03
8.327704746845494810e+03
8.359852706947191109e+03
8.392369380429408920e+03
8.424907093845809868e+03
8.457781113934681343e+03
8.490840156751910399e+03
8.523721008544845972e+03
8.556422574840413290e+03
8.589619535355031985e+03
8.622994645781782310e+03
8.656202252102382772e+03
8.689216018973838800e+03
8.721918704775525839e+03
8.754547575959999449e+03
8.787167640341293009e+03
8.819311568777631692e+03
8.851142654508043051e+03
8.883444986387214158e+03
8.915462975825708781e+03
8.947709336485728272e+03
8.979544541623543410e+03
9.010757295510828044e+03
9.041851483774655208e+03
9.073115758374675352e+03
9.104316837329221016e+03
9.134905725980659554e+03
9.164762737682545776e+03
9.193875531820156539e+03
9.224909427119477186e+03
9.257913554042650503e+03
9.290978573785920162e+03
9.324138079330179607e+03
9.357530281469127658e+03
9.392016258701676634e+03
9.427243644395472074e+03
9.462153879296387458e+03
9.497289704445431198e+03
9.532956776495435406e+03
9.569500420029966335e+03
9.605400364646429807e+03
9.641519845524355333e+03
9.677495871848281240e+03
9.714333033974959108e+03
9.750582391957983418e+03
9.787328046850107057e+03
9.824034284984885744e+03
9.860699467051748798e+03
9.897189699682630817e+03
9.934677102718860624e+03
9.972075197960857622e+03
1.000977714566420036e+04
1.004730800948139222e+04
1.008447225280292878e+04
1.012143147292081812e+04
1.015808364651779084e+04
1.019502484697012187e+04
1.023256700940221162e+04
1.027130328788882071e+04
1.030990706169363330e+04
1.034892330648888674e+04
1.038765145745903465e+04
1.042632372249048422e+04
1.046548860184253317e+04
1.050473798372284364e+04
1.054380641350208498e+04
1.058257277013675957e+04
1.062112688102443644e+04
1.066002490741710062e+04
1.069918894909486517e+04
1.073838466445067752e+04
1.077749014444082968e+04
1.081709022391934013e+04
1.085700222486957500e+04
1.089983731180866744e+04
1.094338859202063759e+04
1.098709851342379625e+04
1.103063919140390499e+04
1.107528134460220099e+04
1.112013260327985518e+04
1.116642493099657440e+04
1.121384231289708077e+04
1.126114295719886650e+04
1.130841973590453927e+04
1.135537253641033021e+04
1.140187923898104782e+04
1.144947010154762211e+04
1.149813143228738409e+04
1.154743319227289976e+04
1.159657360529330253e+04
1.164537273233077030e+04
1.169390283851114509e+04
1.174199491380314430e+04
1.179019728739274979e+04
1.183966411116590825e+04
1.188979654383744673e+04
1.193932827482079665e+04
1.198817363919215859e+04
1.203664503851099289e+04
