6.623577058156068631e+01
6.635826051092678313e+01
6.654159819264494047e+01
6.672361876129095037e+01
6.690434196117060139e+01
6.708378877397109363e+01
6.726198208435091885e+01
6.743894731380343899e+01
6.761471301318007932e+01
6.778931140464605676e+01
6.796277886435036919e+01
6.813515633770697377e+01
6.830648967990859433e+01
6.847682991510853867e+01
6.864623340860573819e+01
6.881476194734165119e+01
6.898248272505067291e+01
6.914946822949062266e+01
6.931579603030203884e+01
6.948154846719475586e+01
6.964681223932547027e+01
6.981167789789894584e+01
6.997623924519055549e+01
7.014059264433571173e+01
7.030483624535533238e+01
7.046906913397455696e+01
7.063339041083837344e+01
7.079789820972249004e+01
7.096268866427136857e+01
7.112785483366309336e+01
7.129348559839024801e+01
7.145966453805226593e+01
7.162646880366558833e+01
7.179396799750679747e+01
7.196222307390102912e+01
7.213128527463886996e+01
7.230119511284708267e+01
7.247198141913145264e+01
7.264366046365202578e+01
7.281623516746367386e+01
7.298969441595269814e+01
7.316401248651243350e+01
7.333914860171546479e+01
7.351504661815839370e+01
7.369163485986358353e+01
7.386882610362647483e+01
7.404651772199436266e+01
7.422459198766287614e+01
7.440291654098423635e+01
7.458134502001819044e+01
7.475971785013884130e+01
7.493786318766503030e+01
7.511559800934196574e+01
7.529272933680337587e+01
7.546905558243038570e+01
7.564436800034357589e+01
7.581845222367121551e+01
7.599108986678675137e+01
7.616206016895915809e+01
7.633446156513807068e+01
7.651525461647005955e+01
7.669372150494331208e+01
7.686964927646630485e+01
7.704283049788477911e+01
7.721306456923544204e+01
7.738464469765469289e+01
7.756173177758051906e+01
7.773532261823271483e+01
7.790525436400294268e+01
7.807137468394360269e+01
7.823354177956744593e+01
7.839162411275704301e+01
7.854549984689786868e+01
7.869505599950514352e+01
7.884018731008454495e+01
7.898079483265777867e+01
7.911678426818912158e+01
7.924806405794912223e+01
7.937454326453186582e+01
7.949612927267338591e+01
7.961272534708147930e+01
7.972422808905828617e+01
7.983052483766120133e+01
8.000615958060865296e+01
8.025745052828591497e+01
8.050290613139043217e+01
8.074221509891617643e+01
8.097505344188928689e+01
8.120108587780488563e+01
8.141996732604263798e+01
8.163134448601938686e+01
8.183485749089945216e+01
8.203014163076427678e+01
8.221682914015558197e+01
8.239455104576789779e+01
8.256293907070144655e+01
8.272162759202595339e+01
8.287025564839598246e+01
8.300846899405345880e+01
8.313592219473908074e+01
8.325228075979640607e+01
8.335722330311992323e+01
8.345044372360212037e+01
8.353165339343517815e+01
8.360058334010261660e+01
8.365698640524341556e+01
8.370063936090282652e+01
8.373134496110775160e+01
8.374893390436118068e+01
8.375326668064442970e+01
8.374423527499143916e+01
8.372176469874821692e+01
8.368581431937016646e+01
8.363637896010628481e+01
8.357348974223970117e+01
8.349721464473154242e+01
8.340765875915134586e+01
8.330496422165425940e+01
8.318930980842935696e+01
8.306091018641288315e+01
8.292001481703093191e+01
8.276690651717213143e+01
8.260189968834858121e+01
8.242533823190207443e+01
8.223759317498969779e+01
8.203906003873467512e+01
8.183015598618368358e+01
8.164970305867724676e+01
8.161515851822359480e+01
8.157134445554756041e+01
8.151853207608107255e+01
8.145701000176087803e+01
8.138708614757891269e+01
8.130908941531724565e+01
8.122337116712682814e+01
8.113030644747072984e+01
8.103029492818082247e+01
8.092376155769133561e+01
8.081115690165829335e+01
8.069295716788481343e+01
8.056966391351279810e+01
8.044180343659924404e+01
8.030992585731468125e+01
8.017460389596254799e+01
8.003643135578491297e+01
7.989602131811724917e+01
7.975400405597667941e+01
7.961102466980887016e+01
7.946774044611733245e+01
7.932481793639217926e+01
7.918292975051858207e+01
7.904275105611267804e+01
7.890495577345302536e+01
7.877021245531314264e+01
7.863917984248429605e+01
7.851250208950827414e+01
7.839080366140947831e+01
7.827468391123996128e+01
7.816471136009069198e+01
7.806141771578431587e+01
7.796529168348263283e+01
7.787677264044809533e+01
7.779624426755238176e+01
7.772402825096924062e+01
7.766037818783472346e+01
7.760547384834910645e+01
7.755941596259928872e+01
7.752222171202143386e+01
7.749382111164707965e+01
7.747405446893361614e+01
7.746267109707943632e+01
7.745932944455611846e+01
7.746359877772647451e+01
7.747496251986902394e+01
7.758732789824109943e+01
7.792772607217004577e+01
7.827259944754760568e+01
7.862070224053050538e+01
7.897077623358087806e+01
7.932157613009653119e+01
7.967189473247853471e+01
8.002058733203020324e+01
8.036659469591766936e+01
8.070896405131087192e+01
8.104686750049410193e+01
8.137961735326319967e+01
8.170667793366378362e+01
8.202767350566111304e+01
8.234239206448773984e+01
8.265078485429611987e+01
8.295296159478665743e+01
8.324918152561970430e+01
8.353984050318923948e+01
8.382545450511106822e+01
8.410664000894450965e+01
8.438409180886435479e+01
8.478280750946881028e+01
8.559163252360218621e+01
8.639766652715590567e+01
8.720060970730904160e+01
8.800020077889297454e+01
8.879622888558098737e+01
8.958854405015426892e+01
9.037706578038103089e+01
9.118095610974945942e+01
9.206123336695462456e+01
9.293787018528668398e+01
9.381104289165764953e+01
9.468100750750275552e+01
9.554809492459770581e+01
9.641270375086268984e+01
9.727529108582625383e+01
9.813636154625515928e+01
9.899645490883433752e+01
9.985613276766686397e+01
1.007159646194810279e+02
1.015968377725708365e+02
1.024834402020480724e+02
1.033718132552452573e+02
1.042624216775873265e+02
1.051556739394895885e+02
1.060519127457896218e+02
1.069514071821020309e+02
1.078543466172986314e+02
1.087608364245113535e+02
1.096708955289141159e+02
1.105844557406319097e+02
1.115013627867092652e+02
1.124213789180349750e+02
1.133441869360418792e+02
1.142693954601247555e+02
1.151965452400111758e+02
1.161251163075148156e+02
1.170545357587121345e+02
1.179841859600010281e+02
1.189134129789829473e+02
1.198415350528723877e+02
1.207678509223525936e+02
1.216916478766559635e+02
1.226122093753778728e+02
1.235288221333915715e+02
1.244407825765968596e+02
1.253474025974976769e+02
1.262480145603065722e+02
1.271419755249886094e+02
1.280286706780790666e+02
1.289075159749851025e+02
1.297779600136418594e+02
1.306394851727276034e+02
1.314916080590899128e+02
1.323338793185845645e+02
1.331658828722016494e+02
1.339872346452058309e+02
1.347975808611104469e+02
1.355965959747396994e+02
1.363839803194995000e+02
1.371594575433752539e+02
1.379227719062320432e+02
1.386736855077949997e+02
1.394119755113677002e+02
1.401374314230152436e+02
1.408498524796983986e+02
1.415490451928415041e+02
1.422348210861463542e+02
1.429069946582740158e+02
1.435653815924366938e+02
1.442097972261066161e+02
1.448400552851222187e+02
1.454559668775938519e+02
1.460573397343536897e+02
1.466439776744216772e+02
1.472156802662366601e+02
1.477722426484000380e+02
1.483134554675571053e+02
1.488391048859640762e+02
1.493489726073800909e+02
1.498428358673260163e+02
1.503204673325589056e+02
1.507816348548940937e+02
1.512261010263188155e+02
1.516536224856884871e+02
1.520639489321490885e+02
1.524568218067313978e+02
1.528319726112018202e+02
1.531891208420995270e+02
1.535279715277632704e+02
1.538482123668437112e+02
1.541495104780965733e+02
1.544315087828797459e+02
1.546938220535121502e+02
1.549360326721945000e+02
1.551576861563139857e+02
1.553582865163882900e+02
1.555372915224498911e+02
1.558471087509800270e+02
1.561979782354386828e+02
1.565248743493810935e+02
1.568267866120020528e+02
1.571026541513769246e+02
1.573513683975380673e+02
1.575717758795408088e+02
1.577626811187530222e+02
1.579228496223891227e+02
1.580510109941274379e+02
1.581458621921844383e+02
1.582060709790825399e+02
1.582302796211612304e+02
1.582171089091735325e+02
1.581651625836503854e+02
1.580730322596272970e+02
1.579393029543067257e+02
1.577625593278072529e+02
1.575413927508145662e+02
1.572744093132166938e+02
1.569602388841814786e+02
1.565975453261421819e+02
1.561850379523511378e+02
1.557214842995711024e+02
1.552057242637477827e+02
1.546366856167475703e+02
1.540134008862024189e+02
1.533350255379732801e+02
1.526008573516696742e+02
1.518103568241290020e+02
1.509631683740778669e+02
1.500591420539162755e+02
1.490983554025451383e+02
1.480811349976615077e+02
1.470080771886139246e+02
1.458800674139656337e+02
1.446982974340426438e+02
1.434642797413004587e+02
1.421798583542803556e+02
1.408472151587749011e+02
1.394688709377430484e+02
1.380476802350727326e+02
1.365868192333772697e+02
1.350954227093201325e+02
1.335795648170292509e+02
1.320352554567722052e+02
1.304666739594449894e+02
1.288781348292794462e+02
1.272740238188648902e+02
1.256587259967695474e+02
1.240365469407291386e+02
1.224116286377134770e+02
1.207878621355930591e+02
1.191687994481207511e+02
1.175575676394099816e+02
1.159567883754572790e+02
1.143685064949519727e+02
1.127941312845554194e+02
1.112343941107798742e+02
1.096893258310092989e+02
1.081582569565153022e+02
1.066398428574240711e+02
1.051321153843530993e+02
1.036325611516086127e+02
1.021382254193908352e+02
1.006458390842386166e+02
9.915196481402510642e+01
9.765315693852173240e+01
9.614612843247078899e+01
9.462791731309246757e+01
9.312857216430489871e+01
9.165912177443738074e+01
9.017297756392227370e+01
8.866980054230954522e+01
8.715011457427752362e+01
8.561530656508415404e+01
8.406758174261423733e+01
8.250987474023082768e+01
8.094571978997646511e+01
7.947734570444342239e+01
7.875495216912624130e+01
7.924896270307827706e+01
7.974313620546524817e+01
8.023446383921670133e+01
8.072026514469368408e+01
8.119834372407592582e+01
8.166711258106279558e+01
8.212568311634282736e+01
8.257391412220383131e+01
8.301241960589726432e+01
8.344253671720001364e+01
8.386625728999236173e+01
8.428612838629285875e+01
8.470512864706242340e+01
8.512652814371831766e+01
8.555373976930349045e+01
8.599017003277350568e+01
8.643907648425820867e+01
8.690343799133482605e+01
8.742093397387461096e+01
8.815108534926356754e+01
8.890263016844056665e+01
8.967627060580353771e+01
9.047211272219274747e+01
9.128967489408606184e+01
9.212791475923827988e+01
9.298527138208862652e+01
9.385971903404374928e+01
9.474882891954337083e+01
9.564983532778742870e+01
9.655970301240573406e+01
9.747519305246635213e+01
9.839292498206751247e+01
9.990818939497488316e+01
1.015345287398649106e+02
1.031494799508811298e+02
1.047480190265858795e+02
1.063253838175772046e+02
1.078771533471498998e+02
1.093993133018006603e+02
1.108883070791384284e+02
1.123410722259612982e+02
1.137550625092503935e+02
1.151282562301061034e+02
1.164591517091776041e+02
1.177467511373030931e+02
1.189905341938959822e+02
1.201904229867084837e+02
1.213467399602849923e+02
1.224601604586821963e+02
1.235316616144031912e+02
1.245624691749245159e+02
1.255540037767663648e+02
1.265078280417718020e+02
1.274255957086499222e+02
1.283090038326571118e+02
1.291597488952291144e+02
1.299794874707100405e+02
1.307698019056714429e+02
1.315321712835013841e+02
1.322679477777382147e+02
1.329783383457924231e+02
1.336643915829060063e+02
1.343269894460167393e+02
1.349668434693066956e+02
1.355844950273257723e+02
1.361803191567745159e+02
1.367545314227062647e+02
1.373071973070977378e+02
1.378382436051223578e+02
1.383474713346088834e+02
1.388345696945580130e+02
1.392991306468097150e+02
1.397406637386668535e+02
1.401586108314180024e+02
1.405523604483599627e+02
1.409258392582322585e+02
1.412817368716108888e+02
1.416114165114784669e+02
1.419141824949713282e+02
1.421893451065890872e+02
1.424362292207588894e+02
1.426541817614781564e+02
1.428425780197663073e+02
1.430008268701718350e+02
1.431283749440357838e+02
1.432247098299158097e+02
1.432893623808298855e+02
1.433219082141723675e+02
1.433219684936540261e+02
1.432892100838040790e+02
1.432233451668229236e+02
1.431241304092214364e+02
1.429913657620811023e+02
1.428248929741865254e+02
1.426245938920079368e+02
1.423903886147674314e+02
1.421222335668170729e+02
1.418201195434560020e+02
1.414840697802613931e+02
1.411141380901188711e+02
1.407104071064856896e+02
1.402729866660920948e+02
1.398020123592891650e+02
1.392976442716465613e+02
1.387600659361600606e+02
1.381894835115614057e+02
1.375861251986976299e+02
1.369502409037334303e+02
1.362821021539850506e+02
1.355820022694678073e+02
1.348503630454149231e+02
1.341655137854611439e+02
1.334496804744264011e+02
1.327032122142043420e+02
1.319264863884545207e+02
1.311199111921357030e+02
1.302839283299205420e+02
1.294190158536563047e+02
1.285256911063183054e+02
1.276045137369918052e+02
1.266560887483012294e+02
1.256810695343304758e+02
1.246801608634631151e+02
1.236541217566902162e+02
1.226037682078452491e+02
1.215639901484904755e+02
1.205797176895775493e+02
1.195769917950798771e+02
1.185536799511052948e+02
1.175108544436707518e+02
1.164496590907843654e+02
1.153713104027620204e+02
1.142770979142703993e+02
1.131683835867581678e+02
1.120466001834622176e+02
1.109132485249672015e+02
1.097698935416705837e+02
1.086181590507330128e+02
1.074597211994502004e+02
1.062963005346835246e+02
1.051296526792107073e+02
1.039615576206840188e+02
1.027938076473185305e+02
1.016281939963259191e+02
1.004664923162024905e+02
9.931044708180496627e+01
9.816175514108303446e+01
9.702204861352485921e+01
9.589287740176212083e+01
9.477569161808567344e+01
9.367182426536439266e+01
9.258247454536130761e+01
9.150869219487418604e+01
9.045136326959030271e+01
8.941119780506684833e+01
8.838871978196905843e+01
8.738425980686622552e+01
8.639795088908067555e+01
8.542972764723209878e+01
8.447932921571252507e+01
8.354630604148235307e+01
8.263003066615775083e+01
8.172971247908763814e+01
8.084441630656057498e+01
7.997308457393316417e+01
7.911456264563159380e+01
7.826762681770847507e+01
7.743101431454641670e+01
7.660345453135921900e+01
7.578370067335970361e+01
7.497056087660602941e+01
7.416292785973637081e+01
7.335980615423160600e+01
7.256033599634709219e+01
7.176381303768710040e+01
7.096970314295917603e+01
7.017765169020370308e+01
6.938748696621868817e+01
6.859921745160454520e+01
6.781302300783032422e+01
6.702924020369815139e+01
6.624834224048915132e+01
6.547091414359924499e+01
6.469762407364274281e+01
6.444698355489082076e+01
6.438244227398834596e+01
6.432131272589457183e+01
6.426273146902937583e+01
6.420592798553542480e+01
6.415025021495149815e+01
6.424568338268421996e+01
6.437055887549544764e+01
6.449517092112509431e+01
6.461933330032621825e+01
6.474304537742106902e+01
6.486649021446757502e+01
6.499002697242649162e+01
6.511417802676463396e+01
6.523961138964790507e+01
6.536711916394422417e+01
6.549759285198415171e+01
6.563199640268521762e+01
6.577133790439003747e+01
6.591664081946055376e+01
6.606891561364494692e+01
6.622913256295416318e+01
6.639819642853633752e+01
6.657692358153481393e+01
6.677898907491022840e+01
6.699228690236327566e+01
6.721698524886909354e+01
6.745338160110718206e+01
6.770161935011792309e+01
6.796168511895901077e+01
6.823340934442190076e+01
6.851646985192071782e+01
6.881039810988548311e+01
6.911458781267995732e+01
6.942830541844408287e+01
6.975070225914056721e+01
7.008082784290719758e+01
7.041764398184378138e+01
7.076003939975150558e+01
7.110684450221052089e+01
7.145684602395846241e+01
7.180880130413189022e+01
7.216145197704960879e+01
7.251353690355827553e+01
7.286380420440900707e+01
7.321102229182274357e+01
7.355398982763639992e+01
7.389154456573014329e+01
7.422257106249060143e+01
7.454600726172220959e+01
7.486084997963180854e+01
7.516615933137531158e+01
7.546106215330027567e+01
7.574475448470198558e+01
7.601650317985695438e+01
7.627564672563077863e+01
7.652159534235586591e+01
7.675383044625364448e+01
7.697190355072952173e+01
7.717543468166756782e+01
7.736411037866996310e+01
7.753768135024111530e+01
7.769595984643208908e+01
7.783881680761651012e+01
7.796617884301410584e+01
7.807802508746112835e+01
7.817438397984351184e+01
7.825533000165118835e+01
7.833030043742546411e+01
7.839416441407482239e+01
7.844308410637754037e+01
7.847728667881600018e+01
7.849702946101024281e+01
7.850259700720667411e+01
7.849429826756855277e+01
7.847246387983025784e+01
7.843744358754247514e+01
7.838960378907408710e+01
7.832932521975367024e+01
7.825700076798725036e+01
7.817303342487672069e+01
7.807783436575348901e+01
7.797182116112018946e+01
7.785541611373820103e+01
7.772904471799313342e+01
7.759313423719478919e+01
7.744811239410810799e+01
7.729440616975330158e+01
7.713244070533730223e+01
7.696263830208332024e+01
7.678541751368365453e+01
7.660119232612204598e+01
7.641037141966673119e+01
7.621335750793515729e+01
7.601054674905230968e+01
7.580232822407420201e+01
7.558908347801067862e+01
7.537118611896111986e+01
7.514900147106277473e+01
7.492288627714346205e+01
7.469318844716691785e+01
7.446024684875530397e+01
7.422439113626857932e+01
7.398594161511255152e+01
7.374520913813687173e+01
7.350249503116687322e+01
7.325809104489195533e+01
7.301227933050356000e+01
7.276533243664206907e+01
7.251751332536819916e+01
7.226907540502628535e+01
7.202026257801080078e+01
7.177130930158072886e+01
7.152244066000135092e+01
7.127387244640848962e+01
7.103663703096744086e+01
7.080284313346572844e+01
7.056994384062207359e+01
7.033811963997855798e+01
7.010754223513403360e+01
6.987837465846541818e+01
6.965077138525073508e+01
6.942487844834826660e+01
6.920083355265664693e+01
6.897876618864914633e+01
6.875879774433435898e+01
6.854104161505760828e+01
6.832560331060983572e+01
6.811258055916449905e+01
6.790206340760965986e+01
6.769413431789183733e+01
6.748886825902802400e+01
6.728633279448722249e+01
6.708658816467966801e+01
6.688968736433164963e+01
6.669567621455833262e+01
6.650459342948299479e+01
6.632652328789619389e+01
6.615512991627174699e+01
6.598674063051272753e+01
6.582136721710712379e+01
6.565901460419837576e+01
6.549968089426121765e+01
6.534335739117068442e+01
6.519002862176735391e+01
6.504867523359875747e+01
6.491425359167726583e+01
6.478274099436431754e+01
6.465409571369265507e+01
6.452826927611297947e+01
6.440520645518145670e+01
6.428484526043273206e+01
6.416711692283088553e+01
6.405194587723354971e+01
6.393924974234902692e+01
6.382893929871372052e+01
6.372472643389397717e+01
6.363080137635794387e+01
6.353895372159385602e+01
6.344906714113400170e+01
6.336101835059681520e+01
6.327467708980420724e+01
6.318990610613149528e+01
6.310656114208511980e+01
6.302449092817179377e+01
6.294353718219834803e+01
6.286353461621462912e+01
6.278431095239190540e+01
6.270568694920716979e+01
6.262747643938650555e+01
6.254948638114267112e+01
6.247151692432545644e+01
6.239336149318829428e+01
6.231480688755529940e+01
6.223563340425799595e+01
6.215561498078707814e+01
6.207451936318437191e+01
6.199210830026895991e+01
6.190813776635962284e+01
6.182235821471211068e+01
6.173451486394209553e+01
6.164434801973907696e+01
6.155159343420528018e+01
6.145598270516067174e+01
6.135724371774801966e+01
6.125510113064186157e+01
6.114927690911303415e+01
6.103949090711928704e+01
6.092546150048259790e+01
6.080690627306938723e+01
6.068354275770668949e+01
6.055508923334363658e+01
6.042126557969786660e+01
6.028179419030598041e+01
6.013640094452271256e+01
5.998481623858275924e+01
5.982677607534201059e+01
5.966202321175749290e+01
5.949030836253257348e+01
5.931139145765412479e+01
5.912504295077069116e+01
5.893104517450811386e+01
5.872919373789033415e+01
5.851929896002762632e+01
5.830118733315671875e+01
5.807470300696727605e+01
5.783970928493860697e+01
5.759609012213910972e+01
5.734375161262934739e+01
5.708262345325895382e+01
5.681266036928746388e+01
5.653384348589671049e+01
5.624618162832934587e+01
5.594971253210805884e+01
5.564450394359112551e+01
5.533065459004482989e+01
5.500829499748780194e+01
5.467758813384326544e+01
5.433872985445415082e+01
5.399194912683294234e+01
5.363750801167645221e+01
5.327570137772857350e+01
5.290685632908045477e+01
5.253133132499877433e+01
5.214951497442572048e+01
5.176182448994065766e+01
5.136870378925259217e+01
5.097062123622705343e+01
5.056806701807121840e+01
5.016155016059364868e+01
4.975159518942132308e+01
4.933873845164980310e+01
4.892352411957408265e+01
4.850649990581100468e+01
4.809095855564260091e+01
4.768535328120688632e+01
4.727955719590914185e+01
4.687408588659204867e+01
4.646943432495184112e+01
4.606607192402094597e+01
4.566443773671039708e+01
4.526493588546900071e+01
4.486793131586675543e+01
4.447374596888759157e+01
4.408265546662165946e+01
4.369488640362754950e+01
4.331061433123890225e+01
4.292996251436397159e+01
4.255300152973239847e+01
4.217974976107316110e+01
4.181017483040131566e+01
4.144419598563138152e+01
4.108168744339582190e+01
4.072248266262614180e+01
4.036637949967914096e+01
4.001314617018374520e+01
3.966252791709455749e+01
3.931425425947711716e+01
3.896804667321953985e+01
3.862362653406963631e+01
3.828072313607401611e+01
3.793908158551327148e+01
3.759847036259632347e+01
3.725868834116972295e+01
3.691957106103227915e+01
3.658099605843486302e+01
3.624288707806767462e+01
3.590521701412806976e+01
3.556800945846568140e+01
3.523133876962694444e+01
3.489532861687999343e+01
3.456014899682065078e+01
3.422601176552939251e+01
3.389316477495894731e+01
3.356188474665184884e+01
3.323246905740790424e+01
3.290522664855878077e+01
3.258046830162879814e+01
3.261242097518874061e+01
3.267979297509071301e+01
3.274925106073733616e+01
3.282041326904205647e+01
3.289290916780874596e+01
3.296638968053469654e+01
3.304053612671437890e+01
3.311506826848768270e+01
3.318975118733127516e+01
3.326440085164573901e+01
3.333888827611411898e+01
3.341314221510710070e+01
3.348715037371047032e+01
3.356095915974785981e+01
3.363467203719746124e+01
3.370844657456501636e+01
3.378249031020593662e+01
3.385705557965439993e+01
3.393243346733676447e+01
3.400894705648611449e+01
3.408694415674064970e+01
3.416678968910824921e+01
3.424885790320855250e+01
3.433352459259145917e+01
3.442115946120709680e+01
3.451211877856252386e+01
3.460673844354543860e+01
3.471710134596293074e+01
3.483277301942947446e+01
3.495293061938530599e+01
3.507777121624290118e+01
3.520744583516518844e+01
3.534205644102615906e+01
3.548165366023555833e+01
3.562623522583191260e+01
3.580798159310363360e+01
3.617214834294385639e+01
3.656277128203842608e+01
3.695972693158490330e+01
3.736022963947375075e+01
3.776379270998599935e+01
3.816990430789426370e+01
3.857803465444900581e+01
3.898764307564636766e+01
3.939818478491815057e+01
3.980911729607637284e+01
4.021990637726265305e+01
4.063003147234621792e+01
4.103899053226614058e+01
4.144630421481436144e+01
4.185151942696185046e+01
4.225421219870866452e+01
4.265398989132278018e+01
4.305049275550015864e+01
4.344339486624652835e+01
4.383240447103285220e+01
4.422604579360019272e+01
4.461995626844966267e+01
4.500930109646497357e+01
4.539391950968004608e+01
4.577367961127940532e+01
4.614847631428092001e+01
4.651822908836625459e+01
4.688287957353814761e+01
4.724238911628543036e+01
4.759673628011604052e+01
4.794591437784601595e+01
4.828992906805812169e+01
4.862879605283139739e+01
4.896718836582445533e+01
4.930966387328197698e+01
4.964707945949478329e+01
4.997947196246161639e+01
5.030687918399964076e+01
5.062933866747015799e+01
5.094688668610884719e+01
5.125955743883401539e+01
5.156738244689589834e+01
5.187039014168864526e+01
5.216860563148833307e+01
5.246205063279250425e+01
5.275074355031065210e+01
5.303469968846286520e+01
5.331393157646729719e+01
5.358844938869426500e+01
5.385826144191029385e+01
5.412337475128419584e+01
5.438379562755129371e+01
5.463953029848304510e+01
5.489058553875881330e+01
5.513696929344967401e+01
5.537869128155707443e+01
5.561576356738751770e+01
5.584820108894320612e+01
5.607602213395507107e+01
5.629924875564535114e+01
5.651790712176999421e+01
5.673202779193196932e+01
5.694164591956494093e+01
5.714680137634374546e+01
5.734753879808007326e+01
5.754390755239193567e+01
5.773596162959052691e+01
5.792375945930307068e+01
5.810736365633478329e+01
5.828684070017099828e+01
5.846226055332107308e+01
5.863369622441513229e+01
5.880122328257259312e+01
5.896491933007774833e+01
5.912486344080998180e+01
5.928113557219692353e+01
5.943381595867888478e+01
5.962665572116495127e+01
5.982283334581470058e+01
6.001562849501658548e+01
6.020510284455911432e+01
6.039131647094863808e+01
6.057432768352940400e+01
6.075419287471639507e+01
6.093096639066298792e+01
6.110470042440996252e+01
6.127544493326954012e+01
6.144324758188850666e+01
6.160815371211037927e+01
6.177020634041960534e+01
6.192944618339977580e+01
6.208591171128222896e+01
6.223963922929338111e+01
6.239066298614299200e+01
6.253901530862363956e+01
6.268472676092766704e+01
6.282782632692837410e+01
6.296834161332642310e+01
6.310629907123333027e+01
6.324172423345826388e+01
6.337464196448415521e+01
6.350507671987656977e+01
6.363305281165985150e+01
6.375859467603375208e+01
6.388172713969081684e+01
6.400247568093112704e+01
6.412086668176958426e+01
6.423692766728235881e+01
6.435068752855659113e+01
6.446217672578187319e+01
6.457142746826023938e+01
6.467847386840659851e+01
6.478978854395218434e+01
6.490537522815363047e+01
6.501887348009641698e+01
6.513032666618771316e+01
6.523978036074252884e+01
6.534728230536731530e+01
6.545288233404291134e+01
6.555663226480450589e+01
6.565858575944864128e+01
6.575879815320972455e+01
6.585732625682308594e+01
6.595422813382664629e+01
6.604956285632830770e+01
6.614339024278248758e+01
6.623577058156068631e+01
