1.144830063364438786e+02
1.144389644016460466e+02
1.143882708513948785e+02
1.143332347069932240e+02
1.142662785124664850e+02
1.141874733179852228e+02
1.141853008264586293e+02
1.142152622903581403e+02
1.142335107999894035e+02
1.142400790461980620e+02
1.142350107616584864e+02
1.142183620192211606e+02
1.141902023635743291e+02
1.141506157535188493e+02
1.140997012956461845e+02
1.140375737540356198e+02
1.139643638246579940e+02
1.138802181674183345e+02
1.137852991931010820e+02
1.136797846068120350e+02
1.135638667137672400e+02
1.134377514973708827e+02
1.133016574833862364e+02
1.131558144075607686e+02
1.130437174394445918e+02
1.129852859377169949e+02
1.129177462740369720e+02
1.128412882372363981e+02
1.127561080289271160e+02
1.126624078426533373e+02
1.125603953451387866e+02
1.124502830662564890e+02
1.123322877054027487e+02
1.122066293628591467e+02
1.120735307054724927e+02
1.119332160765519006e+02
1.117859105602744449e+02
1.116318390110917989e+02
1.114712250586443218e+02
1.113042900985127659e+02
1.111312522787773247e+02
1.109645892714169690e+02
1.108757521163412179e+02
1.108048550592703094e+02
1.107285520613377372e+02
1.106469640495048310e+02
1.105602076090244879e+02
1.104683957068809832e+02
1.103716383658227045e+02
1.102700432682342608e+02
1.101637162700830430e+02
1.100527618066031437e+02
1.099372831732286642e+02
1.098173826675354832e+02
1.096931615805578559e+02
1.095647200287806697e+02
1.094321566213061629e+02
1.092955679601155907e+02
1.091550479749155187e+02
1.090106870977179625e+02
1.088625712859753918e+02
1.087107809067097293e+02
1.085553894975568738e+02
1.084005966363306328e+02
1.083443920151707403e+02
1.082846782866879209e+02
1.082214181810515612e+02
1.081545637350561435e+02
1.080840564140433884e+02
1.080098272163619413e+02
1.079317967679129850e+02
1.078498754155851742e+02
1.077639633293829320e+02
1.076739506237702244e+02
1.076010404387286599e+02
1.076086526005345121e+02
1.076116905929618923e+02
1.076390516571277800e+02
1.077384763444269140e+02
1.078325719572831076e+02
1.079210435317657328e+02
1.080036009201145220e+02
1.080799623803035985e+02
1.081498580276914936e+02
1.082130331063777078e+02
1.082692510400337227e+02
1.083182962247202710e+02
1.083599765294985389e+02
1.083941254744575531e+02
1.084206040600523409e+02
1.084393022263219564e+02
1.084501399255617144e+02
1.084530677972868773e+02
1.084480674397664330e+02
1.084351512779377487e+02
1.084143620330556246e+02
1.083857718048874972e+02
1.083494807825587714e+02
1.083056156051869152e+02
1.082543273981448806e+02
1.081957895150758446e+02
1.081301950195829846e+02
1.080577539437654906e+02
1.079786903634220323e+02
1.079918871641944662e+02
1.080064315726608584e+02
1.080273850785789875e+02
1.081929669598190173e+02
1.084022571692756856e+02
1.086058119671379387e+02
1.088036845038781024e+02
1.089959355736797590e+02
1.091826352022536781e+02
1.093638640978927583e+02
1.095397149326469020e+02
1.097102934230534999e+02
1.098757191830125208e+02
1.100361263250836146e+02
1.102167381074199142e+02
1.104737630863821494e+02
1.107261728674751140e+02
1.109740911221394839e+02
1.112176584614043406e+02
1.114570328748048240e+02
1.116923898005874207e+02
1.119239218191964511e+02
1.121518379685193594e+02
1.123763626858882390e+02
1.125977343882663178e+02
1.128162037082869915e+02
1.130320314097410801e+02
1.132454860116314990e+02
1.134568411549292932e+02
1.136663727505891472e+02
1.138743559511369483e+02
1.140810619911653561e+02
1.143354807620612235e+02
1.146465941842001541e+02
1.149570847526897097e+02
1.152671073623590274e+02
1.155768010121847169e+02
1.158862874530258438e+02
1.161956699498044259e+02
1.165050321753638514e+02
1.168780495550316516e+02
1.172937089019824555e+02
1.177169015305689612e+02
1.181455049540828526e+02
1.185739418630615489e+02
1.190021073600901360e+02
1.194298811719189217e+02
1.198571292653589069e+02
1.202837054943242947e+02
1.207094532489619922e+02
1.211342070778776616e+02
1.215577942550489894e+02
1.219800362640961566e+02
1.224007501741483281e+02
1.228197498835712622e+02
1.232368472102796062e+02
1.236518528102089363e+02
1.240645769087177115e+02
1.244748298331866891e+02
1.248824223388144929e+02
1.252871657235231311e+02
1.256888717319134230e+02
1.260873522522818320e+02
1.264824188147551922e+02
1.268784488183246708e+02
1.272791485706306531e+02
1.276758600991970525e+02
1.280683857556173280e+02
1.284565225877244075e+02
1.288847441700011984e+02
1.293696491019166217e+02
1.298494104400449203e+02
1.303237222404677027e+02
1.307922705320235934e+02
1.312547336586880817e+02
1.317342385975144907e+02
1.322897317234100854e+02
1.328380457447104845e+02
1.334726553399126772e+02
1.341115021353102748e+02
1.347417822427565852e+02
1.353630130125699509e+02
1.359747212227513273e+02
1.365764466556273646e+02
1.371677454905399429e+02
1.377481934719616277e+02
1.383173888156944429e+02
1.388749548196110766e+02
1.394205421496705810e+02
1.399538307765982665e+02
1.404745315435985447e+02
1.409823873506692564e+02
1.414771739464458449e+02
1.419587003239176113e+02
1.424268087217593006e+02
1.428813742383191823e+02
1.433223040704265827e+02
1.437495363940527682e+02
1.441630389084107264e+02
1.445628070692553990e+02
1.449488620408842223e+02
1.453212483995991136e+02
1.456800316241370297e+02
1.460252954107668302e+02
1.464324439492114891e+02
1.468571392331504057e+02
1.472685261427593275e+02
1.476666650149310271e+02
1.480516242407670404e+02
1.484234789261141430e+02
1.487823095604748858e+02
1.491282007068480766e+02
1.495161549073966114e+02
1.499426065378494286e+02
1.503562768767761781e+02
1.507571865522768348e+02
1.511453586014062580e+02
1.515208190783316411e+02
1.518835976605968483e+02
1.522337282366572140e+02
1.525712494587313870e+02
1.528962052462130430e+02
1.532086452263432932e+02
1.535086251005349141e+02
1.537962069265985861e+02
1.540714593091108213e+02
1.543344574922313654e+02
1.545852833513723397e+02
1.548240252822068612e+02
1.550507779875255494e+02
1.552656421643817737e+02
1.554687240957653387e+02
1.556601351526863084e+02
1.558399912140162087e+02
1.560084120126994378e+02
1.561655204180017336e+02
1.563114416643084326e+02
1.564463025376071812e+02
1.565702305311999396e+02
1.566833529823943536e+02
1.567857962019298270e+02
1.568776846077211644e+02
1.569591398741559374e+02
1.570302801076937556e+02
1.570912190588893509e+02
1.571420653802271090e+02
1.571829219383261034e+02
1.572138851881702806e+02
1.572350446160594117e+02
1.572464822569750709e+02
1.572482722910318387e+02
1.572404807226462822e+02
1.572231651450231595e+02
1.571963745915373067e+02
1.571601494745862908e+02
1.571145216115233438e+02
1.570595143363459272e+02
1.569951426949243114e+02
1.569214137207145257e+02
1.568383267871105318e+02
1.567458740318557489e+02
1.566440408482610280e+02
1.565328064373655081e+02
1.564121444146303475e+02
1.562820234642810533e+02
1.561424080340085538e+02
1.559932590624132729e+02
1.558345347313245952e+02
1.556661912349622412e+02
1.554881835578196956e+02
1.553004662531565145e+02
1.551029942140714013e+02
1.548957234293152965e+02
1.546786117162639016e+02
1.544516194238350693e+02
1.542147100985700376e+02
1.539678511076271832e+02
1.537110142130335362e+02
1.534441760922079538e+02
1.531673188005019597e+02
1.528804301722815353e+02
1.525835041578955327e+02
1.522765410947243936e+02
1.519595479113629608e+02
1.516325382648560378e+02
1.512955326117532877e+02
1.509485582145698288e+02
1.505916490860219312e+02
1.502248458741299544e+02
1.498481956919397078e+02
1.494617518961996723e+02
1.490655738198260849e+02
1.486597264633956854e+02
1.483173454090581060e+02
1.479985378272218384e+02
1.476701671626871644e+02
1.473322500345686308e+02
1.469848112288204334e+02
1.466278848214271591e+02
1.462615152076409686e+02
1.458857580200563575e+02
1.455006809199344104e+02
1.451063642480863507e+02
1.447029015237781380e+02
1.442903997824747080e+02
1.438689797457571160e+02
1.434387758193744560e+02
1.429999359180729641e+02
1.425526211185338354e+02
1.420970051443892714e+02
1.416332736898253870e+02
1.411616235906706152e+02
1.407350409631749812e+02
1.403543609311652745e+02
1.399663032895687991e+02
1.395710305154094328e+02
1.391687143969920157e+02
1.387595361537329666e+02
1.383436864236622625e+02
1.379213651144196433e+02
1.374927811152245738e+02
1.370581518689919847e+02
1.366177028054536038e+02
1.361716666378145533e+02
1.357202825270959465e+02
1.352637951198643407e+02
1.348938720223880807e+02
1.345340751482890198e+02
1.341697993522254819e+02
1.338012326561760119e+02
1.334285668837410697e+02
1.330519976737864738e+02
1.326717243442534482e+02
1.322879495977759632e+02
1.319008790631044405e+02
1.315107206688735459e+02
1.311176838489272996e+02
1.307219785811861641e+02
1.303238142648602889e+02
1.299233984436369553e+02
1.295209353852460481e+02
1.291166245304916060e+02
1.287106588273821330e+02
1.283140761628097550e+02
1.280115445159189562e+02
1.277078015584625348e+02
1.274029267789926791e+02
1.270969873302741178e+02
1.267900377171568778e+02
1.264821194509707709e+02
1.261732606735403976e+02
1.258634757554454069e+02
1.255527648746348888e+02
1.252411135829217699e+02
1.249284923691814697e+02
1.246148562292256941e+02
1.243001442532772671e+02
1.239842792427056395e+02
1.236763359122211483e+02
1.233708982611783540e+02
1.230639763909648678e+02
1.228564054712137192e+02
1.226522023405551494e+02
1.224458924758145457e+02
1.222372133455234007e+02
1.220258904155273427e+02
1.218116390726752059e+02
1.215941665744231841e+02
1.213731740041681917e+02
1.211483582120336280e+02
1.209194137210190689e+02
1.206860345789051081e+02
1.204479161370681339e+02
1.202047567384118025e+02
1.199562592979462892e+02
1.197021327611311534e+02
1.194420934269283947e+02
1.191758661245517033e+02
1.189031852351336340e+02
1.186237955519133465e+02
1.183374529750469435e+02
1.180439250397170525e+02
1.177429912788140314e+02
1.174344434240473305e+02
1.171180854518601535e+02
1.167937334829226188e+02
1.164612155462234426e+02
1.161203712208168781e+02
1.157710511700744718e+02
1.154131165848021823e+02
1.150464385527781701e+02
1.146708973731244043e+02
1.142980750176762541e+02
1.139933611834417633e+02
1.138009382920565002e+02
1.136141280228152937e+02
1.134176524983418659e+02
1.132113034696010629e+02
1.129948878952439628e+02
1.127682304654260861e+02
1.125311760033543464e+02
1.122835917105354895e+02
1.120253692237125733e+02
1.117642049302690879e+02
1.114975194015959232e+02
1.112200355503021143e+02
1.109317593459750810e+02
1.106327277380435277e+02
1.103230090848771425e+02
1.100027032652350272e+02
1.096719414705928131e+02
1.093308856814122692e+02
1.089797278348397214e+02
1.086186886955533453e+02
1.082480164454527909e+02
1.078679850115300667e+02
1.074788921545210343e+02
1.070810573437622821e+02
1.066748194460273993e+02
1.062605342579633572e+02
1.058385719130686056e+02
1.054638369516166563e+02
1.051338506324793514e+02
1.047972493002874330e+02
1.044543651505456836e+02
1.041055351548161525e+02
1.037510999437218686e+02
1.033914026861456534e+02
1.030267879658232602e+02
1.026576006558633480e+02
1.022841847912019659e+02
1.019068824386331045e+02
1.015260325638585215e+02
1.011419698949770805e+02
1.007550237819884842e+02
1.003655170522111177e+02
9.997376486200437284e+01
9.958007354582346693e+01
9.918473946440941802e+01
9.878804785479840689e+01
9.839027168580703631e+01
9.799167052368224518e+01
9.759248941366766417e+01
9.719295778430409882e+01
9.679328838231806742e+01
9.639367624692832237e+01
9.599429773328368753e+01
9.559530959550995988e+01
9.519684814045618282e+01
9.479902846366854874e+01
9.440194377936130365e+01
9.400566485617198964e+01
9.361023957027597930e+01
9.321569258697159910e+01
9.282202518113336964e+01
9.242921520595700713e+01
9.203721721819415791e+01
9.164596276660397223e+01
9.125536084864677377e+01
9.096617595066200579e+01
9.069569996975457116e+01
9.042534707630440494e+01
9.015487803987485904e+01
8.988404061699016268e+01
8.961257254875694400e+01
8.934020460373167793e+01
8.906666363044381285e+01
8.879167558366836488e+01
8.851496848869510359e+01
8.823627530846617617e+01
8.795533667954379098e+01
8.767190348440097125e+01
8.738573922949238693e+01
8.709662220091878737e+01
8.680434737222536512e+01
8.650872804193092236e+01
8.620959718172967712e+01
8.590680847990282132e+01
8.560023706827075785e+01
8.528977992496787408e+01
8.497535594937787096e+01
8.468046997527696362e+01
8.446414924851185901e+01
8.424365901272075519e+01
8.401893127634096459e+01
8.381995831221357207e+01
8.369282726689120011e+01
8.356129024058718358e+01
8.342529334170922084e+01
8.328480521207700349e+01
8.313981721394799251e+01
8.299034325301600745e+01
8.283641923642184679e+01
8.267810217084608837e+01
8.251546891181511967e+01
8.235109187657866414e+01
8.219315944154610065e+01
8.203124402836560591e+01
8.196251264394039993e+01
8.189919670294598575e+01
8.183220242831809799e+01
8.177835426544686470e+01
8.191553824715737164e+01
8.206336929567656568e+01
8.220763082572059943e+01
8.234829378172165093e+01
8.248533789065042754e+01
8.261875305781855161e+01
8.274854058475348495e+01
8.287471419058368838e+01
8.299730082118358609e+01
8.311634123334197000e+01
8.323189034439018030e+01
8.334401734100271142e+01
8.345280554421555053e+01
8.355835203104432196e+01
8.366076701637688018e+01
8.376017300201547755e+01
8.385670370281225416e+01
8.395050276273286727e+01
8.405354500333727685e+01
8.415537589658868001e+01
8.425495144327452124e+01
8.435243930830183956e+01
8.444800813789603922e+01
8.454182541677273832e+01
8.463405526505422927e+01
8.472485620129890549e+01
8.481437889828620769e+01
8.490276395814427701e+01
8.499013973304356284e+01
8.507662021700865296e+01
8.516230303344444508e+01
8.524726754174528764e+01
8.533157308487902526e+01
8.541525739813141627e+01
8.554518557218200669e+01
8.573746435935221655e+01
8.593838585728823887e+01
8.613842642807126992e+01
8.633743531444645214e+01
8.653524049485808689e+01
8.673165009498174527e+01
8.692645393155352451e+01
8.711942516649052948e+01
8.731032204901933369e+01
8.749888972362400352e+01
8.768486208206884669e+01
8.786796363851146907e+01
8.804791140776303848e+01
8.822441676803657629e+01
8.839718729100695782e+01
8.856592852364644841e+01
8.873034570805305066e+01
8.889014542731372615e+01
8.904503716729939811e+01
8.919473478613593898e+01
8.933895788490011114e+01
8.947743307482097919e+01
8.961691800027118404e+01
8.975614263846507868e+01
8.988885348583920631e+01
9.001481647175278056e+01
9.013380926123902270e+01
9.024562188418202879e+01
9.035005726585123398e+01
9.044693166305366105e+01
9.053607501058623086e+01
9.061733118294473854e+01
9.069055817639655004e+01
9.076475994192630026e+01
9.083459135503764514e+01
9.089605432232373516e+01
9.095915214263017390e+01
9.101667105992636664e+01
9.106561164199516156e+01
9.110593170030372789e+01
9.113760234429916807e+01
9.116060765725175941e+01
9.117494433445813229e+01
9.118062128648421094e+01
9.117765920990879636e+01
9.116609012785737320e+01
9.114595690248596327e+01
9.111731272150153416e+01
9.108022056077670925e+01
9.103475262514049859e+01
9.098098976949476935e+01
9.091902090251709012e+01
9.084894237535581851e+01
9.077085735790124943e+01
9.068487520541351898e+01
9.059111081850051050e+01
9.048968399965669107e+01
9.038071880978708350e+01
9.026434292834215967e+01
9.014068702086758833e+01
9.000988411792285149e+01
8.987206900943296262e+01
8.973296599175313304e+01
8.959456658789076755e+01
8.944956524157726108e+01
8.930658465890975606e+01
8.917485262227135934e+01
8.903692846011995243e+01
8.889294673276759795e+01
8.874303995385781718e+01
8.858733829823061967e+01
8.842596935960064286e+01
8.825905795949057620e+01
8.808672600827914323e+01
8.790909241860558154e+01
8.772627307073047120e+01
8.753838082879677529e+01
8.735511759139700416e+01
8.717043832889297050e+01
8.698100886036796453e+01
8.678693184561150531e+01
8.658830769136876881e+01
8.638523481559079187e+01
8.617780993826814040e+01
8.596612839351013236e+01
8.575028445728216298e+01
8.553037168505063903e+01
8.530648325351985761e+01
8.507871230067074464e+01
8.484715225843223152e+01
8.461189717252928233e+01
8.437304200434662960e+01
8.413068291002409183e+01
8.388491749244316509e+01
8.363584502226885320e+01
8.339606051801870024e+01
8.315371141423828760e+01
8.290836623217812473e+01
8.266013315541260909e+01
8.240912258239445976e+01
8.215544711385945220e+01
8.189922149887586045e+01
8.164185161153197612e+01
8.139390945808497690e+01
8.115213914342822932e+01
8.100613387271776844e+01
8.085810540793579548e+01
8.070810958585987294e+01
8.055620645272453828e+01
8.040246154512314547e+01
8.024694707139336458e+01
8.008974297343031878e+01
7.993093785067387103e+01
7.977062973015492275e+01
7.960892666891754743e+01
7.944594717782368321e+01
7.928182045863502481e+01
7.911668644930894345e+01
7.895069567557850121e+01
7.878400891005301787e+01
7.861679664321623306e+01
7.844923837375381481e+01
7.828152172855254776e+01
7.811384142542847542e+01
7.794639809410750786e+01
7.777939697315775902e+01
7.761304650242105652e+01
7.753788150972825122e+01
7.747961070268857497e+01
7.742248946866003223e+01
7.736665691315016602e+01
7.731225221926023039e+01
7.727141248975888743e+01
7.723331326121581242e+01
7.719706088410514155e+01
7.716279490554978793e+01
7.713065436906643413e+01
7.710077755756122997e+01
7.708269511645903549e+01
7.707078785093588635e+01
7.706655731737109249e+01
7.707315825847234692e+01
7.708269463615908990e+01
7.709529382627147243e+01
7.711107947888901037e+01
7.713017096951756457e+01
7.715268283353954359e+01
7.717872418989043126e+01
7.720839816019422130e+01
7.724180128976709625e+01
7.727902297697744416e+01
7.732014491743288431e+01
7.736524056934817395e+01
7.741437464623592746e+01
7.746760264275953034e+01
7.752497039920103816e+01
7.758651370953259629e+01
7.765225797755006454e+01
7.772221792493930081e+01
7.779639735451326032e+01
7.787478897119171961e+01
7.795737426260588165e+01
7.804412344051438311e+01
7.813499544351813597e+01
7.822993800088063665e+01
7.832888775659853309e+01
7.843449428215747332e+01
7.855425647613537876e+01
7.867777230807260480e+01
7.880493721547676955e+01
7.893563700350448187e+01
7.906974828074606876e+01
7.920713893442245990e+01
7.934766864057611713e+01
7.949141134218774596e+01
7.965079945651852711e+01
7.981286267947942292e+01
7.997743423427074561e+01
8.014434204564008724e+01
8.031340936192572144e+01
8.048445537967256769e+01
8.065729586661458939e+01
8.083174377905196195e+01
8.100760986991178925e+01
8.118470328406836245e+01
8.136283213780208712e+01
8.154180407959520949e+01
8.172142682978800110e+01
8.190150869695108327e+01
8.208185906915871044e+01
8.226228887867608819e+01
8.244261103889220976e+01
8.262264085263852564e+01
8.280219639133102305e+01
8.298109884465219466e+01
8.315917284075445082e+01
8.333624673721047316e+01
8.351215288316208785e+01
8.368672785332367425e+01
8.385981265468033996e+01
8.403125290688359428e+01
8.420089899749001461e+01
8.436860621330814070e+01
8.453423484922107889e+01
8.469765029593266092e+01
8.485872310814694686e+01
8.501732905473697599e+01
8.517334915248315497e+01
8.532666968497586879e+01
8.547718220827057678e+01
8.562478354486843557e+01
8.576937576756279213e+01
8.591086617465190045e+01
8.604916725796391574e+01
8.618419666507902832e+01
8.631587715706200470e+01
8.644413656294037196e+01
8.656890773207810241e+01
8.669012848550386252e+01
8.680774156715673939e+01
8.692169459591295322e+01
8.703194001915267108e+01
8.713843506852086307e+01
8.724114171842751375e+01
8.734002664772286550e+01
8.743506120487391797e+01
8.752622137685732184e+01
8.761348776187394094e+01
8.769684554588270942e+01
8.777628448284247042e+01
8.785179887844650182e+01
8.792338757703254259e+01
8.799105395125145890e+01
8.805480589398305824e+01
8.811465581189814600e+01
8.817062061997985722e+01
8.822272173623936453e+01
8.827098507578865849e+01
8.831544104336795442e+01
8.835612452336938816e+01
8.839307486635077282e+01
8.842633587099582826e+01
8.845595576044983943e+01
8.848198715194442343e+01
8.850448701862147516e+01
8.852351664247618146e+01
8.853914155736198666e+01
8.855143148103871908e+01
8.856046023529732736e+01
8.856630565326382509e+01
8.856904947306834686e+01
8.856877721716752205e+01
8.856557805672289874e+01
8.855954466057391983e+01
8.855077302849153398e+01
8.854181129447755438e+01
8.854089505329596932e+01
8.853754755001725130e+01
8.853187687762448377e+01
8.852399339198666439e+01
8.851400945443938895e+01
8.850203916177180474e+01
8.848819806494368834e+01
8.847260287808444446e+01
8.845537117955439044e+01
8.843662110706559076e+01
8.841647104906620314e+01
8.839503933478121667e+01
8.837244392547064820e+01
8.834880210960781710e+01
8.832423020479110676e+01
8.829884326927691518e+01
8.827275482605548973e+01
8.824607660238019946e+01
8.821891828759837040e+01
8.820437854238815589e+01
8.818961201353623380e+01
8.817468164621254800e+01
8.815968776709722476e+01
8.814472781743198482e+01
8.812989627016696659e+01
8.811528457891917299e+01
8.810098115905535110e+01
8.808707140064748842e+01
8.807363771244195050e+01
8.806075959534429387e+01
8.804851374325964741e+01
8.803697416845365353e+01
8.803091350160097761e+01
8.803403010966552245e+01
8.803806150926590135e+01
8.804307334645298511e+01
8.804912943530145242e+01
8.805629193510023356e+01
8.806462151526461923e+01
8.807417750103446963e+01
8.808501799290780809e+01
8.809719995278094018e+01
8.811077924993774957e+01
8.812581066035596677e+01
8.814234781329103896e+01
8.816044307974891581e+01
8.818014739828041115e+01
8.820151003450311578e+01
8.822457827188380008e+01
8.824939703257379620e+01
8.828385563009236137e+01
8.832533019346672631e+01
8.836867225773934820e+01
8.841391289947753762e+01
8.846107794807245739e+01
8.851018724410498351e+01
8.856125386139078159e+01
8.861428330360935490e+01
8.866927268771270576e+01
8.872620992743458146e+01
8.878507293114367371e+01
8.884582882897663580e+01
8.890843324461877728e+01
8.897282962725087430e+01
8.906057168348291952e+01
8.923452582241392861e+01
8.940993828056315351e+01
8.959250443060977886e+01
8.978331736818398667e+01
8.997502266767408230e+01
9.016741550860793097e+01
9.036028557625618873e+01
9.055341878862537897e+01
9.074659903579707532e+01
9.093960991320011544e+01
9.113223643043174604e+01
9.132426667746760529e+01
9.151549343051665630e+01
9.170571568038452881e+01
9.189474006699066422e+01
9.208238220464509993e+01
9.226846788380579767e+01
9.245283413631246106e+01
9.263533015249973346e+01
9.281581804013517001e+01
9.299417341677860804e+01
9.317028582891549604e+01
9.334405899305384935e+01
9.351541085588610258e+01
9.368427347257519955e+01
9.385059270421895405e+01
9.401432773755651340e+01
9.417545043198158794e+01
9.433394450090496264e+01
9.448980453643299882e+01
9.464303488818784160e+01
9.479364840885205012e+01
9.494166508066986410e+01
9.512931046308814587e+01
9.538118880327840543e+01
9.564536821408616163e+01
9.591526803936159240e+01
9.618249450392396227e+01
9.644701972098060594e+01
9.670881851611321167e+01
9.696786814052364889e+01
9.722414790810425700e+01
9.747763875767132902e+01
9.772832274348901649e+01
9.798647549152703107e+01
9.833769342943541858e+01
9.868597331547009333e+01
9.903122612609097075e+01
9.937336406342376449e+01
9.971230137646622893e+01
1.000479550980782193e+02
1.003802456883290830e+02
1.007090975769069701e+02
1.010344395994915629e+02
1.013562053252077106e+02
1.016743332744598263e+02
1.019887670285533403e+02
1.022994552344930810e+02
1.026063515101717485e+02
1.029094142567852117e+02
1.032086063867112955e+02
1.035038949762337666e+02
1.037954246410849919e+02
1.040958533091141760e+02
1.043923010309774355e+02
1.046847476851110770e+02
1.049731748244053762e+02
1.052575651046166314e+02
1.055379017122777014e+02
1.058141678008960014e+02
1.060863459431119082e+02
1.063544176052286616e+02
1.066183626491620231e+02
1.068781588654321411e+02
1.071337815393705171e+02
1.073852030512894942e+02
1.076323925099931387e+02
1.078753154177406657e+02
1.081139333636432696e+02
1.083482037415079589e+02
1.085780794873747084e+02
1.088035088314399133e+02
1.090244350587416022e+02
1.092407962729077298e+02
1.094525251574449243e+02
1.096595487294620028e+02
1.098617880813797285e+02
1.100591581070493561e+02
1.102515672097748052e+02
1.104389169909674848e+02
1.106211019195360166e+02
1.107980089835809565e+02
1.109695173274847804e+02
1.111354978790237311e+02
1.112958129726237644e+02
1.114503159763059443e+02
1.115988509311590491e+02
1.117412522133082575e+02
1.118773442292721967e+02
1.120069411562847250e+02
1.121761771405347616e+02
1.124114002811989081e+02
1.126394099730568428e+02
1.128599106042699987e+02
1.130726001130372538e+02
1.132771718227439663e+02
1.134733163115945587e+02
1.136607233002546593e+02
1.138390835409715578e+02
1.140080906917192038e+02
1.141674431591400776e+02
1.143168458944078480e+02
1.144560121266288348e+02
1.145846650190109557e+02
1.147025392337688601e+02
1.148093823925862296e+02
1.149049564204204188e+02
1.149890387615045029e+02
1.150614234575698589e+02
1.151219220795737925e+02
1.151703645055637679e+02
1.152065995387341673e+02
1.152304953612258487e+02
1.152513465365100274e+02
1.152632791169778841e+02
1.152625966273270564e+02
1.152492467035522026e+02
1.152333972337141290e+02
1.152076632820126747e+02
1.151692186905652875e+02
1.151180846002548037e+02
1.150542982832880625e+02
1.149779120634387795e+02
1.148889921284903295e+02
1.147876172486542146e+02
1.146738774157197440e+02
1.145478724184942365e+02
1.144830063364438928e+02
