9.733125386593714356e+05
9.733892141435258090e+05
9.734558004554117797e+05
9.735128334911317797e+05
9.735607458042979706e+05
9.735993793390446808e+05
9.736291083546130685e+05
9.736504027828832623e+05
9.736632666537472978e+05
9.736676446560523473e+05
9.736638763054909650e+05
9.736519713283973979e+05
9.736316405750646954e+05
9.736028682180339238e+05
9.735662268674203660e+05
9.735217417519171722e+05
9.734695065454454161e+05
9.734098978074776242e+05
9.733432045658822171e+05
9.732696136029605987e+05
9.731895814753356390e+05
9.731028875215047738e+05
9.730098632903333055e+05
9.729101788695229916e+05
9.728041622135267826e+05
9.726917784015089273e+05
9.725734579185978509e+05
9.724488288894224679e+05
9.723185537092258455e+05
9.721826599476119736e+05
9.720415066419841023e+05
9.718952965746799018e+05
9.717439597078268416e+05
9.715882329528725240e+05
9.714280917534860782e+05
9.712636054199053906e+05
9.710953878520713188e+05
9.709234105508474167e+05
9.707479381489313673e+05
9.705693039032455999e+05
9.703870812124734512e+05
9.702012104589317460e+05
9.700122616022943985e+05
9.698206567203900777e+05
9.696262523375566816e+05
9.694293915479222778e+05
9.692299120677858591e+05
9.690289841471083928e+05
9.688263449216552544e+05
9.686221632223507622e+05
9.684164050600155024e+05
9.682092598185152747e+05
9.680014464865610935e+05
9.677928528354411246e+05
9.675833553220146568e+05
9.673745296447847504e+05
9.671654986650373321e+05
9.669568694930560887e+05
9.667481746510989033e+05
9.665392811170833884e+05
9.663300820697994204e+05
9.661212502716832096e+05
9.659134359843606362e+05
9.657064431391702965e+05
9.655001185433879727e+05
9.652944208520000102e+05
9.650896150553317275e+05
9.648854629902266897e+05
9.646821959194692317e+05
9.644795960113082547e+05
9.642784001963940682e+05
9.640788218736884883e+05
9.638797992989431368e+05
9.636822453108193586e+05
9.634867466013772646e+05
9.632926814017805737e+05
9.631010471723931842e+05
9.629122342818441102e+05
9.627255845124012558e+05
9.625415350881298073e+05
9.623601720937112113e+05
9.621799857901467476e+05
9.620018110612977762e+05
9.618254853698668303e+05
9.616511367393133696e+05
9.614793340332573280e+05
9.613098879339563427e+05
9.611427352176192217e+05
9.609784777597129578e+05
9.608166545796003193e+05
9.606567044168680441e+05
9.604983702895056922e+05
9.603424803008058807e+05
9.601892780926586129e+05
9.600390404081236338e+05
9.598912423170368420e+05
9.597455833970494568e+05
9.596008421710322145e+05
9.594569875148137799e+05
9.593148293287418783e+05
9.591750800787787884e+05
9.590369590213818010e+05
9.589022716645818437e+05
9.587707674256641185e+05
9.586414313604142517e+05
9.585146875070708338e+05
9.583905520202640910e+05
9.582677587981423130e+05
9.581478720746852923e+05
9.580297234648636077e+05
9.579133318973118439e+05
9.577983832587845391e+05
9.576851137855857378e+05
9.575741855164360022e+05
9.574669961150345625e+05
9.573625221781205619e+05
9.572596464261171641e+05
9.571579907178364228e+05
9.570581836746302433e+05
9.569603546732641989e+05
9.568647861334969057e+05
9.567715619118578034e+05
9.566800864326091250e+05
9.565911290679780068e+05
9.565044419101774693e+05
9.564191687141412403e+05
9.563352403904745588e+05
9.562519980708106887e+05
9.561702506665282417e+05
9.560893390046870336e+05
9.560102597074639052e+05
9.559334749297793023e+05
9.558580056119834771e+05
9.557845536576783052e+05
9.557126448038712842e+05
9.556415704843621934e+05
9.555722033379401546e+05
9.555044626361132832e+05
9.554375232193665579e+05
9.553728600390659412e+05
9.553091892137888353e+05
9.552455734060073737e+05
9.551823571025684942e+05
9.551211910675598774e+05
9.550607232783653308e+05
9.550017457212517038e+05
9.549451467929119244e+05
9.548895638875348959e+05
9.548346192324185977e+05
9.547812178647521650e+05
9.547297953631337732e+05
9.546801994002892170e+05
9.546320555800121510e+05
9.545845136217755498e+05
9.545392705599922920e+05
9.544958250222464558e+05
9.544549928460379597e+05
9.544147058462448185e+05
9.543739533190184738e+05
9.543333067295899382e+05
9.542936200075196102e+05
9.542554503618129529e+05
9.542194077015984803e+05
9.541839035120734479e+05
9.541500123129944550e+05
9.541175457557146437e+05
9.540862508579059504e+05
9.540564169336302439e+05
9.540275531230759807e+05
9.540002053691077745e+05
9.539746198618174531e+05
9.539501166562816361e+05
9.539259294517410453e+05
9.539004427819008706e+05
9.538749163637331221e+05
9.538489447893507313e+05
9.538233545253247721e+05
9.537975663610888878e+05
9.537713988790446892e+05
9.537440830049494980e+05
9.537145225699095754e+05
9.536841872348061297e+05
9.536539945277204970e+05
9.536236900441342732e+05
9.535912548754634336e+05
9.535585814076834358e+05
9.535245960547911236e+05
9.534889671013389016e+05
9.534525900964653119e+05
9.534149509815954370e+05
9.533753541345776757e+05
9.533343712774532614e+05
9.532910058873955859e+05
9.532450897879435215e+05
9.531970220603377093e+05
9.531460759116201662e+05
9.530918507482769201e+05
9.530335380694412161e+05
9.529717260462332051e+05
9.529064911393510411e+05
9.528374657130939886e+05
9.527652809426097665e+05
9.526897664875279879e+05
9.526096702886726707e+05
9.525246727682274068e+05
9.524348699693041854e+05
9.523396302724834532e+05
9.522388454797366867e+05
9.521339909211273771e+05
9.520254859690918820e+05
9.519115671994363656e+05
9.517916007792631863e+05
9.516641709379758686e+05
9.515295541578697739e+05
9.513880010537878843e+05
9.512390762420067331e+05
9.510834166504101595e+05
9.509226179148774827e+05
9.507559747707740171e+05
9.505825954691622173e+05
9.504017152203795267e+05
9.502119800950542558e+05
9.500139063456993317e+05
9.498088167633851990e+05
9.495962772904884769e+05
9.493758117208821932e+05
9.491473615089869127e+05
9.489109672384497244e+05
9.486668301479174988e+05
9.484142698168767383e+05
9.481518569903294556e+05
9.478806754853638122e+05
9.475995625720177777e+05
9.473081232015191345e+05
9.470089601417913800e+05
9.467004712418103591e+05
9.463813498915206874e+05
9.460503545098232571e+05
9.457084452589894645e+05
9.453556903450126993e+05
9.449905321057986002e+05
9.446145015488601057e+05
9.442282494267591974e+05
9.438318568451411556e+05
9.434236422657237854e+05
9.430025546755660325e+05
9.425707757691085571e+05
9.421270316982888617e+05
9.416724857362220064e+05
9.412062003840163816e+05
9.407291970361757558e+05
9.402417246432370739e+05
9.397413173001609975e+05
9.392282066512032179e+05
9.387015224869264057e+05
9.381631754163115984e+05
9.376116748368107947e+05
9.370483112519603455e+05
9.364736474610412261e+05
9.358860771235877182e+05
9.352865478384085000e+05
9.346753303064166103e+05
9.340522171485926956e+05
9.334177362719635712e+05
9.327721873477200279e+05
9.321162216874026926e+05
9.314488019135349896e+05
9.307708313375081634e+05
9.300831567273418186e+05
9.293851751957093365e+05
9.286769942840134026e+05
9.279586628621900454e+05
9.272312032858771272e+05
9.264952783934276085e+05
9.257504837071852526e+05
9.249962164686562028e+05
9.242326552613689564e+05
9.234610154304128373e+05
9.226800937649353873e+05
9.218899815011390019e+05
9.210896703372863121e+05
9.202804400119363563e+05
9.194618312911848770e+05
9.186348194974618964e+05
9.177987011638232507e+05
9.169528526019152487e+05
9.160989301794640487e+05
9.152382738001216203e+05
9.143704532492258586e+05
9.134958500785605283e+05
9.126137753168519121e+05
9.117236511414055713e+05
9.108254100065428065e+05
9.099200351507371524e+05
9.090076293465433409e+05
9.080891841674927855e+05
9.071650214975115377e+05
9.062352232810613932e+05
9.052982487369476585e+05
9.043549685199846281e+05
9.034049452874227427e+05
9.024485808555633994e+05
9.014868322470332496e+05
9.005196133437635144e+05
8.995460623441365315e+05
8.985667239673880395e+05
8.975829521225928329e+05
8.965931599743970437e+05
8.955972803365156287e+05
8.945956784787634388e+05
8.935888070844243048e+05
8.925761627563296352e+05
8.915584857528047869e+05
8.905344453132584458e+05
8.895039219950652914e+05
8.884673435107200639e+05
8.874253816062574042e+05
8.863783203615618404e+05
8.853277032897210447e+05
8.842731544650249416e+05
8.832151200274389703e+05
8.821539731716673123e+05
8.810892025234350003e+05
8.800214141372983577e+05
8.789493908888330916e+05
8.778730896090696333e+05
8.767933075180837186e+05
8.757094861559392884e+05
8.746212941428631311e+05
8.735298138477773173e+05
8.724349198637916707e+05
8.713354004641539650e+05
8.702321158863299061e+05
8.691253038915193174e+05
8.680174431216297671e+05
8.669073745777949225e+05
8.657936599452544469e+05
8.646764803237214219e+05
8.635554243911720114e+05
8.624294568891479867e+05
8.613003763257298851e+05
8.601674943678341806e+05
8.590305938974828459e+05
8.578893864117180929e+05
8.567440741792555200e+05
8.555925807870886056e+05
8.544363680027725641e+05
8.532746959377678577e+05
8.521089121914181160e+05
8.509399604834468337e+05
8.497671546078757383e+05
8.485894794543422759e+05
8.474068630352357868e+05
8.462198983851054218e+05
8.450280347721171565e+05
8.438315468476508977e+05
8.426306912340919953e+05
8.414251004475544905e+05
8.402150068965206156e+05
8.390001987652761163e+05
8.377806427480715793e+05
8.365576690668384545e+05
8.353319544319426641e+05
8.341022163652321324e+05
8.328672715121952351e+05
8.316270591406427557e+05
8.303806305309140589e+05
8.291289429509150796e+05
8.278716798361832043e+05
8.266070873719664523e+05
8.253360352113575209e+05
8.240601049031661823e+05
8.227782216263706796e+05
8.214902442001175368e+05
8.201937216346182395e+05
8.188920840784970205e+05
8.175853827482999768e+05
8.162719213106787065e+05
8.149523321246776031e+05
8.136290455941102700e+05
8.123020670429115416e+05
8.109690416232522111e+05
8.096292762029771693e+05
8.082840895709745819e+05
8.069315688991629286e+05
8.055730386265648995e+05
8.042081458431750070e+05
8.028364996059124824e+05
8.014588519236949505e+05
8.000739802613146603e+05
7.986815870937719010e+05
7.972841418297416531e+05
7.958806853306330740e+05
7.944703543955750065e+05
7.930522461948863929e+05
7.916286058304890757e+05
7.901987162931107450e+05
7.887620624137902632e+05
7.873176315351877129e+05
7.858667935240011429e+05
7.844079199903812259e+05
7.829408835452641360e+05
7.814668747710069874e+05
7.799881572806924814e+05
7.785016756680792896e+05
7.770073626095025102e+05
7.755045309139286401e+05
7.739945451108134585e+05
7.724771969431671314e+05
7.709533217934787972e+05
7.694207692598475842e+05
7.678797754382812418e+05
7.663308564167375444e+05
7.647734228333369829e+05
7.632080426577264443e+05
7.616340546420065220e+05
7.600555889911837876e+05
7.584713894307587761e+05
7.568812211730141426e+05
7.552833938445935491e+05
7.536796519114200491e+05
7.520683791630816413e+05
7.504489399173333077e+05
7.488218004547413439e+05
7.471865667800722877e+05
7.455426819307386177e+05
7.438907872996964725e+05
7.422297145035660360e+05
7.405605088014457142e+05
7.388840319426456699e+05
7.371999872506012907e+05
7.355081467305669794e+05
7.338104926932377275e+05
7.321048971241207328e+05
7.303892024586395128e+05
7.286660276122054784e+05
7.269348987586741569e+05
7.251973677109272685e+05
7.234531799184603151e+05
7.217013372642743634e+05
7.199410527497784933e+05
7.181717823289654916e+05
7.163953157471994637e+05
7.146118870137042832e+05
7.128206971861995989e+05
7.110215233270933386e+05
7.092151813077011611e+05
7.074008408811085392e+05
7.055785908062482486e+05
7.037487011191070778e+05
7.019131052609364269e+05
7.000705291041102028e+05
6.982213964661572827e+05
6.963657104739464121e+05
6.945023338226133492e+05
6.926318142459816299e+05
6.907543390846361872e+05
6.888710248247843701e+05
6.869810686867323238e+05
6.850820588739614468e+05
6.831757330165134044e+05
6.812611320018670522e+05
6.793388191951799672e+05
6.774098355341400020e+05
6.754736912391083315e+05
6.735310374068540987e+05
6.715807956468201010e+05
6.696234175160713494e+05
6.676590586133028846e+05
6.656866514135490870e+05
6.637073624694235623e+05
6.617219606294316472e+05
6.597287854912540643e+05
6.577301621185374679e+05
6.557248794793522684e+05
6.537122308148767333e+05
6.516931992977506015e+05
6.496676517064950895e+05
6.476362262146244757e+05
6.455967820380370831e+05
6.435494337640966987e+05
6.414957214174200781e+05
6.394358811050604563e+05
6.373705376534807729e+05
6.352973752707458334e+05
6.332166763855685713e+05
6.311297152934755431e+05
6.290365466773012886e+05
6.269377229587942129e+05
6.248342812939649448e+05
6.227244592282692902e+05
6.206081831701190677e+05
6.184852369704821613e+05
6.163553989021963207e+05
6.142176019045653520e+05
6.120714436700486112e+05
6.099179048237622483e+05
6.077579015696371207e+05
6.055917434634858510e+05
6.034199425306620542e+05
6.012422434402722865e+05
5.990576763653759845e+05
5.968666208828722592e+05
5.946692197387907654e+05
5.924652961217270931e+05
5.902548067156968173e+05
5.880402049016733654e+05
5.858197801685241284e+05
5.835933676423132420e+05
5.813613932403908111e+05
5.791233608217787696e+05
5.768802622667041142e+05
5.746318342853985960e+05
5.723774810875097755e+05
5.701168072258022148e+05
5.678518080171908950e+05
5.655823587246243842e+05
5.633081582094308687e+05
5.610267867935147369e+05
5.587397231082004728e+05
5.564480492102875141e+05
5.541536528999903239e+05
5.518550977952418616e+05
5.495506932501334231e+05
5.472404760385713307e+05
5.449255930578768020e+05
5.426065416190054966e+05
5.402834378960162867e+05
5.379554892373508774e+05
5.356225979618619895e+05
5.332861284552941797e+05
5.309446160368025303e+05
5.285965817068711622e+05
5.262440403312187409e+05
5.238876828024664428e+05
5.215264581479851622e+05
5.191600093746580533e+05
5.167885017629042850e+05
5.144129493057889049e+05
5.120325726257563219e+05
5.096479750446014223e+05
5.072604721908788197e+05
5.048696826614282909e+05
5.024748449872124474e+05
5.000756424963331083e+05
4.976703171360897250e+05
4.952623793083899072e+05
4.928504032643492683e+05
4.904339358793580905e+05
4.880137445001266897e+05
4.855895857698938344e+05
4.831623674533710582e+05
4.807324563905710238e+05
4.782988560938349110e+05
4.758632235825962853e+05
4.734220793627460371e+05
4.709777222359878360e+05
4.685300299157192349e+05
4.660777457238883362e+05
4.636212466763396515e+05
4.611605716422675177e+05
4.586968711119114305e+05
4.562291102806054987e+05
4.537561804182247724e+05
4.512791700438283151e+05
4.487979849822529359e+05
4.463131762187439017e+05
4.438249604746017721e+05
4.413339570873428602e+05
4.388400975310123176e+05
4.363446656129312469e+05
4.338474647589660017e+05
4.313479598358750809e+05
4.288451448786432156e+05
4.263406033707306487e+05
4.238331569664666313e+05
4.213234870180029538e+05
4.188115698757831706e+05
4.162981972193889669e+05
4.137825577001146739e+05
4.112638100751504535e+05
4.087414828884163871e+05
4.062163452258413890e+05
4.036886289139662986e+05
4.011582948721099528e+05
3.986266168333985261e+05
3.960924057907268289e+05
3.935556795497786952e+05
3.910169136606408283e+05
3.884768465079871821e+05
3.859338882550458657e+05
3.833870499330908060e+05
3.808375621009158785e+05
3.782873828097249498e+05
3.757352039729883545e+05
3.731808230079051573e+05
3.706254021109375753e+05
3.680689211464421824e+05
3.655108499059297610e+05
3.629519423929628101e+05
3.603915420437914436e+05
3.578282973500574590e+05
3.552623887094872189e+05
3.526942820470817969e+05
3.501243775785090402e+05
3.475530871232451173e+05
3.449794855591487722e+05
3.424048225910571055e+05
3.398293531943543348e+05
3.372521981096591917e+05
3.346723484504556982e+05
3.320908095340311993e+05
3.295072716368200490e+05
3.269233574120531557e+05
3.243387870170559618e+05
3.217537063035287429e+05
3.191684572088645655e+05
3.165833761083767749e+05
3.139983518078250927e+05
3.114129840467950562e+05
3.088267548662151676e+05
3.062394286669550929e+05
3.036502773666415014e+05
3.010603849042479414e+05
2.984712280321326107e+05
2.958807815030210186e+05
2.932893167883849819e+05
2.906970263737898786e+05
2.881047169684578548e+05
2.855110203189470922e+05
2.829159084438784630e+05
2.803203060945941252e+05
2.777245522112215403e+05
2.751277011901675141e+05
2.725319082576988149e+05
2.699357755584374536e+05
2.673398681633084198e+05
2.647431456817272119e+05
2.621468417653760407e+05
2.595508178021014319e+05
2.569534440335083054e+05
2.543555448505402310e+05
2.517566962740259769e+05
2.491578720756885305e+05
2.465585950235992495e+05
2.439582546708562586e+05
2.413576535557937750e+05
2.387571826516197179e+05
2.361570625926566136e+05
2.335576548461354978e+05
2.309601387614826090e+05
2.283649356475002423e+05
2.257700568466146942e+05
2.231754349703858607e+05
2.205791725962538912e+05
2.179821462914354051e+05
2.153854266183085565e+05
2.127890369986543083e+05
2.101931395765829075e+05
2.075974041941045434e+05
2.050018747890937084e+05
2.024062554859457887e+05
1.998102946284086793e+05
1.972141733913809294e+05
1.946168830756251991e+05
1.920198946662961098e+05
1.894239351079296321e+05
1.868293838827338477e+05
1.842363736351701955e+05
1.816438429759244027e+05
1.790520559096113429e+05
1.764623600914795243e+05
1.738748987017898180e+05
1.712880578109916241e+05
1.687029725015644799e+05
1.661177433354607201e+05
1.635333796306494332e+05
1.609507424284592271e+05
1.583691275449720852e+05
1.557877841377854056e+05
1.532071981993193040e+05
1.506260925931837992e+05
1.480450468039768748e+05
1.454644361143541173e+05
1.428852158286298800e+05
1.403047660330109939e+05
1.377250784132947156e+05
1.351472960927879612e+05
1.325716831493834616e+05
1.299995391179885482e+05
1.274285983939310536e+05
1.248590361680592323e+05
1.222907638638597564e+05
1.197235051521925052e+05
1.171571841121527104e+05
1.145914166439365217e+05
1.120270177708485862e+05
1.094647985300095606e+05
1.069043479182005685e+05
1.043451643624305871e+05
1.017886023397128592e+05
9.923399578397512960e+04
9.668052449115182390e+04
9.412929613963703741e+04
9.158030457217064395e+04
8.903329390615974262e+04
8.648825412307049555e+04
8.394537018053486827e+04
8.140434427278868679e+04
7.886595491696915997e+04
7.633081659576947277e+04
7.379869481442321558e+04
7.126887428839753557e+04
6.874169981178132002e+04
6.621561359729579999e+04
6.369094281454573502e+04
6.116932691845859517e+04
5.864977468343938381e+04
5.613235077777259721e+04
5.361707219949881983e+04
5.110422408040235314e+04
4.859476043013360322e+04
4.608871661067180685e+04
4.358780821057423600e+04
4.109113274188326614e+04
3.859830540539549838e+04
3.610902957340264402e+04
3.362398448610251944e+04
3.114177715114508101e+04
2.866266045415547705e+04
2.618772699624687448e+04
2.371615470976329016e+04
2.124709005887163949e+04
1.878049995787028456e+04
1.631854091679064550e+04
1.386198997734556724e+04
1.141021997671051395e+04
8.961570061754564449e+03
6.515906269787958990e+03
4.073949196453914283e+03
1.636533561222998742e+03
-7.972874289056774160e+02
-3.226608627860605793e+03
-5.652088367885105981e+03
-8.073891947811964201e+03
-1.049191794251780811e+04
-1.290571644114259288e+04
-1.531508694679341534e+04
-1.771954112669993992e+04
-2.011951210441358489e+04
-2.251522309397501158e+04
-2.490768607856006565e+04
-2.729552215492939285e+04
-2.967908839283326597e+04
-3.205871765818431231e+04
-3.443587398100639257e+04
-3.680910404052191734e+04
-3.917828157066238055e+04
-4.154216223599235673e+04
-4.390039104029674490e+04
-4.625436715318856295e+04
-4.860418785446353286e+04
-5.094924349829956191e+04
-5.328882677722105291e+04
-5.562280110835660889e+04
-5.795190950360028364e+04
-6.027648385865783348e+04
-6.259589040586271585e+04
-6.490992479701641423e+04
-6.721800463136722101e+04
-6.952088660606888880e+04
-7.181830175694570062e+04
-7.410993699225985620e+04
-7.639450138188165147e+04
-7.867263583423569798e+04
-8.094316605355888896e+04
-8.320759466572484234e+04
-8.546565663773064443e+04
-8.771793041336459282e+04
-8.996450178139134368e+04
-9.220523705222961144e+04
-9.444038548572490981e+04
-9.667002743270364590e+04
-9.889244323560388875e+04
-1.011084370140372775e+05
-1.033166559698381025e+05
-1.055182381809767976e+05
-1.077134979459611641e+05
-1.099016640985799022e+05
-1.120824647253029107e+05
-1.142567485632568714e+05
-1.164235650923212088e+05
-1.185833958748833975e+05
-1.207355950658402144e+05
-1.228795466161069926e+05
-1.250159322663891653e+05
-1.271448671976040205e+05
-1.292669304793975025e+05
-1.313808480973005353e+05
-1.334873569033351087e+05
-1.355865647257351375e+05
-1.376778320032627089e+05
-1.397626902329562290e+05
-1.418404692923093971e+05
-1.439099383097275859e+05
-1.459710176065338019e+05
-1.480238004606147297e+05
-1.500678377637650701e+05
-1.521042203635398182e+05
-1.541314551033690805e+05
-1.561499301754932676e+05
-1.581599782636408927e+05
-1.601605437135348038e+05
-1.621523489352710603e+05
-1.641365456122712640e+05
-1.661118772173708421e+05
-1.680787127413287817e+05
-1.700372993343394191e+05
-1.719863680579643988e+05
-1.739264085862213979e+05
-1.758572387377561536e+05
-1.777778147994638421e+05
-1.796888104577323247e+05
-1.815900297060162702e+05
-1.834805132608118001e+05
-1.853620335849079711e+05
-1.872339854930804577e+05
-1.890956982066529454e+05
-1.909467355176618148e+05
-1.927875092189458665e+05
-1.946181348305101274e+05
-1.964383749900810944e+05
-1.982487330937916995e+05
-2.000482757951520034e+05
-2.018373658177821781e+05
-2.036161317109879456e+05
-2.053849573621579038e+05
-2.071422495915600157e+05
-2.088884799117239891e+05
-2.106227699361811101e+05
-2.123461443754850770e+05
-2.140577228072713770e+05
-2.157590835244108748e+05
-2.174498595911501616e+05
-2.191300214735805639e+05
-2.207989512900064583e+05
-2.224571305036247650e+05
-2.241049026541347266e+05
-2.257426527449783753e+05
-2.273693297151406005e+05
-2.289842579498092236e+05
-2.305871462769412901e+05
-2.321781215165026661e+05
-2.337577742003039457e+05
-2.353258678175981913e+05
-2.368817078166650317e+05
-2.384255347245616722e+05
-2.399573027575572196e+05
-2.414767667889723380e+05
-2.429828820065993350e+05
-2.444764821453996992e+05
-2.459569241397422156e+05
-2.474246056879611278e+05
-2.488782374601179326e+05
-2.503195183728474367e+05
-2.517478207774278417e+05
-2.531635405577120546e+05
-2.545663866671811556e+05
-2.559570453965280030e+05
-2.573347342654354870e+05
-2.586993547864619177e+05
-2.600514445712530869e+05
-2.613900148216179223e+05
-2.627149608455916168e+05
-2.640260458242070745e+05
-2.653231081130900420e+05
-2.666054027131297626e+05
-2.678725282692767796e+05
-2.691259016163163469e+05
-2.703654356772595202e+05
-2.715905962518182350e+05
-2.728014640451908926e+05
-2.739982799660119344e+05
-2.751809452984799864e+05
-2.763494681383154821e+05
-2.775041660501850420e+05
-2.786443940215308685e+05
-2.797692244872171432e+05
-2.808786095893113525e+05
-2.819737244466283591e+05
-2.830537157554331934e+05
-2.841198484340276918e+05
-2.851713425020845025e+05
-2.862080099507127306e+05
-2.872295012373489444e+05
-2.882361055441302597e+05
-2.892276123136940296e+05
-2.902036381314283353e+05
-2.911636871924349107e+05
-2.921073006633873447e+05
-2.930360173708190559e+05
-2.939493577195167891e+05
-2.948475761452527950e+05
-2.957303020042204298e+05
-2.965972574258809909e+05
-2.974498608342494117e+05
-2.982873414834722062e+05
-2.991089275573858758e+05
-2.999146698067408870e+05
-3.007045360539702233e+05
-3.014786749878861010e+05
-3.022375622645422700e+05
-3.029806330569782876e+05
-3.037085804805908701e+05
-3.044207509306803113e+05
-3.051171281175627373e+05
-3.057966689578883816e+05
-3.064601588996964856e+05
-3.071081487772625405e+05
-3.077398132293527597e+05
-3.083554773125268985e+05
-3.089553654210710083e+05
-3.095391571453799261e+05
-3.101069763997190748e+05
-3.106593628928698599e+05
-3.111957594725459930e+05
-3.117157533570340602e+05
-3.122194595202003838e+05
-3.127075050597537193e+05
-3.131807707329832483e+05
-3.136398544457217213e+05
-3.140847446033309097e+05
-3.145148071860382915e+05
-3.149301473644841462e+05
-3.153312349439479294e+05
-3.157184403362310841e+05
-3.160914500835151412e+05
-3.164499585128940525e+05
-3.167938437966470374e+05
-3.171241874024997815e+05
-3.174405802635533037e+05
-3.177429564589345828e+05
-3.180315539695054176e+05
-3.183064479607592802e+05
-3.185675134010898182e+05
-3.188144812846570858e+05
-3.190488039699696237e+05
-3.192706939252165030e+05
-3.194798804746079841e+05
-3.196769229725117912e+05
-3.198618393458560458e+05
-3.200351579612132045e+05
-3.201970553126651794e+05
-3.203477302997524384e+05
-3.204866559663441731e+05
-3.206143474189798580e+05
-3.207309562003103201e+05
-3.208368933897998650e+05
-3.209328009590669535e+05
-3.210183678585735615e+05
-3.210938498193841660e+05
-3.211596682084745844e+05
-3.212157344227337744e+05
-3.212620477708863909e+05
-3.212992849498939468e+05
-3.213277244651237852e+05
-3.213473950215380755e+05
-3.213583438923387439e+05
-3.213606546223663609e+05
-3.213551630274570198e+05
-3.213420884447526769e+05
-3.213207881337497965e+05
-3.212922187082425226e+05
-3.212562663191053434e+05
-3.212135623544296832e+05
-3.211638425149884424e+05
-3.211073285777523997e+05
-3.210438431694749743e+05
-3.209735103903990239e+05
-3.208967074409574270e+05
-3.208140226533999667e+05
-3.207254487951046322e+05
-3.206311760009655263e+05
-3.205313959467579843e+05
-3.204257365498599247e+05
-3.203147642166150035e+05
-3.201988424765793607e+05
-3.200778807262015762e+05
-3.199519528975593857e+05
-3.198212317162331310e+05
-3.196861499595057685e+05
-3.195468394598782179e+05
-3.194036052732647513e+05
-3.192563408617265522e+05
-3.191054097824526252e+05
-3.189513376459680730e+05
-3.187936906758119003e+05
-3.186320432995547308e+05
-3.184674930970387068e+05
-3.183001019324259250e+05
