5.298476439158135690e+03
5.302537357676774263e+03
5.306165464716134011e+03
5.309599778718501511e+03
5.312712579934848691e+03
5.315578236200109131e+03
5.318220693238745298e+03
5.320538482894350636e+03
5.322651756827408462e+03
5.324874752870894554e+03
5.326945141374515515e+03
5.328724854908175985e+03
5.330272173867710990e+03
5.331454078683866101e+03
5.332431904948082774e+03
5.333264237556522858e+03
5.333640936333431455e+03
5.333680214705384060e+03
5.333376272996473745e+03
5.332820334215171897e+03
5.332029580536223875e+03
5.331174473761311674e+03
5.330057548161925297e+03
5.328732579588933731e+03
5.327220048861006944e+03
5.325500817464739157e+03
5.323891362601190849e+03
5.322230740762888672e+03
5.320460291720829446e+03
5.318295539335009380e+03
5.315696178293159392e+03
5.312878996854976322e+03
5.309896979578796163e+03
5.306859336829635140e+03
5.303694416119452399e+03
5.300174797525951362e+03
5.296623307322311121e+03
5.293056671223595913e+03
5.289340212468151549e+03
5.285411026858639161e+03
5.281212669639156957e+03
5.276925038419985867e+03
5.272398915449606648e+03
5.267802710205518451e+03
5.263151551683610705e+03
5.258718868232265777e+03
5.254208565984312372e+03
5.249795643557048606e+03
5.245540928851429271e+03
5.241155571152883567e+03
5.236903660479178143e+03
5.232490810631672502e+03
5.227906247909184458e+03
5.223184617247403366e+03
5.218350089281632791e+03
5.213309772848997454e+03
5.208056441801235451e+03
5.203214171134910430e+03
5.198470033986531234e+03
5.193515128289849599e+03
5.188613484251249247e+03
5.183531012930259749e+03
5.178394360251430953e+03
5.173256163302719870e+03
5.168114728212482078e+03
5.163171162830307367e+03
5.158469535501371865e+03
5.153966657868861148e+03
5.149583955923528265e+03
5.145159231833720696e+03
5.140753997459532911e+03
5.136374468314588739e+03
5.131867312850990857e+03
5.127413765147528466e+03
5.123477166530123213e+03
5.119869032720322139e+03
5.116469289962331459e+03
5.113158763665519473e+03
5.109904022614667156e+03
5.106690339796155058e+03
5.103644917302362046e+03
5.101174984837543889e+03
5.098736840597184710e+03
5.096660071584248726e+03
5.094755623867944450e+03
5.093043103055085339e+03
5.091760441877058838e+03
5.090973520684702635e+03
5.090237719487819049e+03
5.089592154513446076e+03
5.089145819096532250e+03
5.088836061239272567e+03
5.088853368185275031e+03
5.089309731694798757e+03
5.090262541468047857e+03
5.091461297138900591e+03
5.092885601784554638e+03
5.094637557749949337e+03
5.096874921211347100e+03
5.099297322037141384e+03
5.102348544383749868e+03
5.105841630481648281e+03
5.110061684686152148e+03
5.115239473568752146e+03
5.120798085078250551e+03
5.126849840310696891e+03
5.133639232278940653e+03
5.140667930583137604e+03
5.147885417205456179e+03
5.155541920345596736e+03
5.163430419455141418e+03
5.171771901344012804e+03
5.180670036600977255e+03
5.190084344891060027e+03
5.200010371288015449e+03
5.210537545045493971e+03
5.221722702969612328e+03
5.233441875198946946e+03
5.245958093402072336e+03
5.259076450057544207e+03
5.272512762288039085e+03
5.286418138908267792e+03
5.300724712776316665e+03
5.315632391038039714e+03
5.331285326044046087e+03
5.347504053478322021e+03
5.364306995419396117e+03
5.381807886024283107e+03
5.399742380934985704e+03
5.418233802631477374e+03
5.437229974315999243e+03
5.456701898548609279e+03
5.476332668659239971e+03
5.496451187802529603e+03
5.516998097791490181e+03
5.537958378969448859e+03
5.559379702069573796e+03
5.581303066013329044e+03
5.603926414485133137e+03
5.626982773528849066e+03
5.650396107609160936e+03
5.674340696910316183e+03
5.699015367667565442e+03
5.724376990524480789e+03
5.750161672881020422e+03
5.776597656189451300e+03
5.803499919191744084e+03
5.830701565240387936e+03
5.858407908547340412e+03
5.886897835338641926e+03
5.915891307499641698e+03
5.945151376804004940e+03
5.974925822687308028e+03
6.004879307425759180e+03
6.035176819864864228e+03
6.065682255775620433e+03
6.096759758089032402e+03
6.128353397045229940e+03
6.160296278290110422e+03
6.192692496977901101e+03
6.225555521323789435e+03
6.258658811160327787e+03
6.292037407535582133e+03
6.325445706293819967e+03
6.358846958389848623e+03
6.392637244716146597e+03
6.426985298322868402e+03
6.461908623759270995e+03
6.497154540791413638e+03
6.532526028334804323e+03
6.568249431582817124e+03
6.604184543678510636e+03
6.640358048912859886e+03
6.676812326915999620e+03
6.713468912296310009e+03
6.750278362946544803e+03
6.787295525912508310e+03
6.824246547348298918e+03
6.861288868769972396e+03
6.898318182055711986e+03
6.935494011406120080e+03
6.972523336637075772e+03
7.009514177970906530e+03
7.046470020437978746e+03
7.083588610091255759e+03
7.120754573589885695e+03
7.158135734266724285e+03
7.195417195593512588e+03
7.232383327525645655e+03
7.269194520867713436e+03
7.305857188616472740e+03
7.342302804338638452e+03
7.378667150482795478e+03
7.414775368399166837e+03
7.450519202801850952e+03
7.485803210644234241e+03
7.520705324337661295e+03
7.555252139954211088e+03
7.589492433363817327e+03
7.623550465382159018e+03
7.657286050864340723e+03
7.690536606679728720e+03
7.723246532168946032e+03
7.755525170735399115e+03
7.787406630870798836e+03
7.818869587356038210e+03
7.850170784191240273e+03
7.881283351763800965e+03
7.912334274891781206e+03
7.942882121322949388e+03
7.973011966528529229e+03
8.002655932259294786e+03
8.031700480908635654e+03
8.060117068192477745e+03
8.087924933140952817e+03
8.115128224653462894e+03
8.141761588924176976e+03
8.167886984479571765e+03
8.193422392842123372e+03
8.218227381992175651e+03
8.242291905495632818e+03
8.265771846272673429e+03
8.288645048405554917e+03
8.310749198557070486e+03
8.332167107580300581e+03
8.352812735367017012e+03
8.372808134683482422e+03
8.392068023989397261e+03
8.410517053633462638e+03
8.428184827807017427e+03
8.445096598608330169e+03
8.461302808312324487e+03
8.476756782060358091e+03
8.491366409407286483e+03
8.505126029742184983e+03
8.518030371242133697e+03
8.530074549868435497e+03
8.541254067121277330e+03
8.551699948308247258e+03
8.561498056736661965e+03
8.570497851547985192e+03
8.578618171660429653e+03
8.585856119570587907e+03
8.592209173093175195e+03
8.597740000944722851e+03
8.602423366633505793e+03
8.606295777815601468e+03
8.609303546400557025e+03
8.611419044292306353e+03
8.612641856412396010e+03
8.612971945841249180e+03
8.612409654671673707e+03
8.610955704528805654e+03
8.608611196724872570e+03
8.605377612013333419e+03
8.601256809903825342e+03
8.596251027496582537e+03
8.590362877793384541e+03
8.583595347440803380e+03
8.575951793861309852e+03
8.567456473297355842e+03
8.558189251975174557e+03
8.548060566637472220e+03
8.537072761957675539e+03
8.525233794419094920e+03
8.512649535527711123e+03
8.499222346488779294e+03
8.484958247058299094e+03
8.469863580905677736e+03
8.453945007491511205e+03
8.437223734983650502e+03
8.419852412090287544e+03
8.401789333216052910e+03
8.382965876862637742e+03
8.363358367654680478e+03
8.343076626662030321e+03
8.322036711327131343e+03
8.300235016983242531e+03
8.277829368924030859e+03
8.254762888795219624e+03
8.231153745182738930e+03
8.206948268607973660e+03
8.182295115858956706e+03
8.156960154748810055e+03
8.130926773868693090e+03
8.104336122947634067e+03
8.077322852336221331e+03
8.049736163907802620e+03
8.021561318561597545e+03
7.992824938012416169e+03
7.963838362019004308e+03
7.934536807161979596e+03
7.904778069888579921e+03
7.874522157139565024e+03
7.843704410484646360e+03
7.812435041093615837e+03
7.780817771867976262e+03
7.748839145247735360e+03
7.716395220754893671e+03
7.683520871660795819e+03
7.650184056843723738e+03
7.616377064480120680e+03
7.582371305977236261e+03
7.548077605362092072e+03
7.513532670726917786e+03
7.478639021003975358e+03
7.443431960846441143e+03
7.408118245030897015e+03
7.372725373120167205e+03
7.337011815142561318e+03
7.301106357296055648e+03
7.265106483870307784e+03
7.228802825508887508e+03
7.192110812034587980e+03
7.155486906286316298e+03
7.118767619059188291e+03
7.081683073928293197e+03
7.044503762790638575e+03
7.007385658289360435e+03
6.970421447157935290e+03
6.933582504437712487e+03
6.896754714547210824e+03
6.859953008363292611e+03
6.823026510145075918e+03
6.786228184923751542e+03
6.749738902178189164e+03
6.713520866651997494e+03
6.677474542445000225e+03
6.641490364887888973e+03
6.605604946521778402e+03
6.569829997740683211e+03
6.534245966368614972e+03
6.498916564408695194e+03
6.463752672781785805e+03
6.428994720492593842e+03
6.394291507341489705e+03
6.360016813909653138e+03
6.326218077810932300e+03
6.292792820357102755e+03
6.259671176087527783e+03
6.227179397179823354e+03
6.194919263821353525e+03
6.162982865405027042e+03
6.131088066408045052e+03
6.099516610388473055e+03
6.068287667847736884e+03
6.037759996511480495e+03
6.007741630423105562e+03
5.978016582898129855e+03
5.948595363435560103e+03
5.919480844423015697e+03
5.890715056697218643e+03
5.862080825437013118e+03
5.833714700449397242e+03
5.805776326270461141e+03
5.778049629191837084e+03
5.750380789565941086e+03
5.723069103218535020e+03
5.696214125394610164e+03
5.669807766588883169e+03
5.643944922650988701e+03
5.618628759857545447e+03
5.593905588082885515e+03
5.569428733666927656e+03
5.545040613062245029e+03
5.520919454162728471e+03
5.497565005161375666e+03
5.474474816561582884e+03
5.451761583797533604e+03
5.429469055205945551e+03
5.407787918440950307e+03
5.386284386402825476e+03
5.365207807965856773e+03
5.345109544008580087e+03
5.325952794714318770e+03
5.307427186638044077e+03
5.289418431834363219e+03
5.271733174201497604e+03
5.254639237567158489e+03
5.238325270307971550e+03
5.222890958071937348e+03
5.207947907596791993e+03
5.193454800161628555e+03
5.179668579626773862e+03
5.166508208509733777e+03
5.153865737144607920e+03
5.141526954803665831e+03
5.129665362545331845e+03
5.118425730856012706e+03
5.107904620352906932e+03
5.097572185101025752e+03
5.087778566622575454e+03
5.078074767555765902e+03
5.068597776780221466e+03
5.059429712564113288e+03
5.050489850672840475e+03
5.041852320983372920e+03
5.033603441462740193e+03
5.025987643254931754e+03
5.018736277507057821e+03
5.011644260530374595e+03
5.004811209577715999e+03
4.998303595995633259e+03
4.991989463952886581e+03
4.985831498144119905e+03
4.979989614492765213e+03
4.974636017133476344e+03
4.969594344774616729e+03
4.964643141366472264e+03
4.959940676561782311e+03
4.955706584948085947e+03
4.951812463884531098e+03
4.948146936962494692e+03
4.944962925783035644e+03
4.942309226173836578e+03
4.940095621402974757e+03
4.938202996922354032e+03
4.936832870658965476e+03
4.935844859911489948e+03
4.935359405243367291e+03
4.935079446763309534e+03
4.935087734525478481e+03
4.935382424639269630e+03
4.935993865655604168e+03
4.937266100179656860e+03
4.938823743674432080e+03
4.940735057384556058e+03
4.942724941700002091e+03
4.944755859691022124e+03
4.947144427112772064e+03
4.949688698182273583e+03
4.952271899827688685e+03
4.954926482235594449e+03
4.957474970316045983e+03
4.960146287563761689e+03
4.962904908175214587e+03
4.965699098835353652e+03
4.968440061299565969e+03
4.971117543740609108e+03
4.973838850396403359e+03
4.976647313756528092e+03
4.979630794540455099e+03
4.982988229685230181e+03
4.986224092001666577e+03
4.989554142206146025e+03
4.993095534834219507e+03
4.996457539399096277e+03
4.999816073125958610e+03
5.003365021391836308e+03
5.006769024826971872e+03
5.010130480978525156e+03
5.013370089692469264e+03
5.016444322116357398e+03
5.019443989073921330e+03
5.022516934137322096e+03
5.025428438452886439e+03
5.028389174443824231e+03
5.031277844325528349e+03
5.034063267477917179e+03
5.036831718333100071e+03
5.039645859783620836e+03
5.042605094091629326e+03
5.045573196486333472e+03
5.048496166482347689e+03
5.051395408879994648e+03
5.054253166640871314e+03
5.057072088700935637e+03
5.060118801844125301e+03
5.063191713706499286e+03
5.066247942107087511e+03
5.068912127599291125e+03
5.071324054896336747e+03
5.073596411629574504e+03
5.075968427816910662e+03
5.078367723528025635e+03
5.080690472072252305e+03
5.082826079277261670e+03
5.084937058850637186e+03
5.087027604881628577e+03
5.089024861474393219e+03
5.091131369936553710e+03
5.093291868613036058e+03
5.095243808800862098e+03
5.097012181817621240e+03
5.098483017588306211e+03
5.099723607626890043e+03
5.100857882129348582e+03
5.101960260599536923e+03
5.102862318592733573e+03
5.103563749685052244e+03
5.104235415464090693e+03
5.104827580249271705e+03
5.105288522988312252e+03
5.105564094159562956e+03
5.105612058997337954e+03
5.105289353991352073e+03
5.104703868566765777e+03
5.103806340304355217e+03
5.102679012105480069e+03
5.101438427171852709e+03
5.100070765056817436e+03
5.098356010540537682e+03
5.096358740598545410e+03
5.094155266568427578e+03
5.091841312963615565e+03
5.089482075309919310e+03
5.087180051371338777e+03
5.084694424837878614e+03
5.082073217950415710e+03
5.079222025026221672e+03
5.076252305573339981e+03
5.073157518338235604e+03
5.069827272619326322e+03
5.066355742724823358e+03
5.062815684526605764e+03
5.059004063089932970e+03
5.054978740763108362e+03
5.050958433272279763e+03
5.046816509551302261e+03
5.042422379093666677e+03
5.037877617911618472e+03
5.033148809047549548e+03
5.028425691700861535e+03
5.023560262274830166e+03
5.018520886613808216e+03
5.013489060900890763e+03
5.008425171429975308e+03
5.003159645747672585e+03
4.997648883401966486e+03
4.991921312380291056e+03
4.985982298373995945e+03
4.979798495482176804e+03
4.973513348051574212e+03
4.967155407703590754e+03
4.960653286191574807e+03
4.954004938742307786e+03
4.947216082792803718e+03
4.940400894162269651e+03
4.933413964240853602e+03
4.926232447111726287e+03
4.918874149752860831e+03
4.911433980299291761e+03
4.903916161081921018e+03
4.896300422224865542e+03
4.888637037432635225e+03
4.880883383428132220e+03
4.873272654840209725e+03
4.865589543226211390e+03
4.857864410149664764e+03
4.850151906624800176e+03
4.842408265987030973e+03
4.834485831234424040e+03
4.826543590275839961e+03
4.818449220683781277e+03
4.810293102936594551e+03
4.802025561663949702e+03
4.793553295037643693e+03
4.784947384081585369e+03
4.776171429130428805e+03
4.767231801285861366e+03
4.758237171857539579e+03
4.749214669182947546e+03
4.740159349846138866e+03
4.730959619737562207e+03
4.721649126587064529e+03
4.712192723397543887e+03
4.702623793864145227e+03
4.693014305567267002e+03
4.683196720435880707e+03
4.673331623300670799e+03
4.663513907729986386e+03
4.653612780121795367e+03
4.643568667550305690e+03
4.633400720220869516e+03
4.623175379879784487e+03
4.613141400899855398e+03
4.602940521004526090e+03
4.592563646288145719e+03
4.582115618190271562e+03
4.571607786880359527e+03
4.561104660398237684e+03
4.550559606089202134e+03
4.539997002735215574e+03
4.529424308963116346e+03
4.519049365743281669e+03
4.508702473162250499e+03
4.498265145785335335e+03
4.487967781460536571e+03
4.477686026256731566e+03
4.467282803337891892e+03
4.456813033922029717e+03
4.446304316405172358e+03
4.435895564124260090e+03
4.425498305735748545e+03
4.415155012323108167e+03
4.404832080055193728e+03
4.394758260377316219e+03
4.384670442874537912e+03
4.374509251845000108e+03
4.364277185916796952e+03
4.354093328653050776e+03
4.343889095858883593e+03
4.333679873426290214e+03
4.323457966966995627e+03
4.313174207430260140e+03
4.302959881120134014e+03
4.292732487314417085e+03
4.282519967132758211e+03
4.272523978024327334e+03
4.262653179284998259e+03
4.252750129477790324e+03
4.242917549646101179e+03
4.233098121779637040e+03
4.223291758974551158e+03
4.213567065087361698e+03
4.203843675784504740e+03
4.194127107834079652e+03
4.184428289915105779e+03
4.174764515321757244e+03
4.165100352463343370e+03
4.155505502380166035e+03
4.145945487016804691e+03
4.136498012120740896e+03
4.127089002977604650e+03
4.117731882794898411e+03
4.108498135362896392e+03
4.099464363685401622e+03
4.090609476407269540e+03
4.081859090880882832e+03
4.073174127003439025e+03
4.064617812019562734e+03
4.056083362353128905e+03
4.047558568816547449e+03
4.039125355972848865e+03
4.030854129763716173e+03
4.022637913992000904e+03
4.014474780740481492e+03
4.006351239747164072e+03
3.998298482443397916e+03
3.990264133130117443e+03
3.982279986268622451e+03
3.974409967954596141e+03
3.966675005731209239e+03
3.958999604918587920e+03
3.951384100644106184e+03
3.943825779276676258e+03
3.936322913849523957e+03
3.929053470567670956e+03
3.921938114437850800e+03
3.914944125783740674e+03
3.907986795004416308e+03
3.901089023295726292e+03
3.894233293630620210e+03
3.887486210686612139e+03
3.880804931575601131e+03
3.874184253094543237e+03
3.867635506571148653e+03
3.861188408605587028e+03
3.854860662229103582e+03
3.848614449615524336e+03
3.842419567998338607e+03
3.836275216964178981e+03
3.830158281511306541e+03
3.824064278201434718e+03
3.818001905179116875e+03
3.812035063359127889e+03
3.806146697583887999e+03
3.800388732504649852e+03
3.794742224573645672e+03
3.789220028323148654e+03
3.783810018265503913e+03
3.778479824722884587e+03
3.773289929338728598e+03
3.768271133451293281e+03
3.763309228743260064e+03
3.758407882623763726e+03
3.753560101222228695e+03
3.748739344900627657e+03
3.743982990135975342e+03
3.739349418183040143e+03
3.734798190070089731e+03
3.730351876416370033e+03
3.725981520169572832e+03
3.721675834130604017e+03
3.717434655028096131e+03
3.713272325161972731e+03
3.709177185009646564e+03
3.705117515026787714e+03
3.701085673934044280e+03
3.697109876423242895e+03
3.693275185862180933e+03
3.689497352171589228e+03
3.685770597483926394e+03
3.682078989251868734e+03
3.678411864609730401e+03
3.674770763925593201e+03
3.671165853343794879e+03
3.667619648389985741e+03
3.664218067865641387e+03
3.660874377828399702e+03
3.657572368876301880e+03
3.654296825599440126e+03
3.651053649015240808e+03
3.647894450428130313e+03
3.644848546197366431e+03
3.641907368387056977e+03
3.639111055416809450e+03
3.636420264913384926e+03
3.633789142946198808e+03
3.631213432957351415e+03
3.628693602378034484e+03
3.626223635862028004e+03
3.623788385280357488e+03
3.621399435414746677e+03
3.619048142779708087e+03
3.616756561304044681e+03
3.614509469569666180e+03
3.612425088934196538e+03
3.610394658502862058e+03
3.608403039283061844e+03
3.606457312956332316e+03
3.604578213431177574e+03
3.602745265493669649e+03
3.600957940382237211e+03
3.599220271229076843e+03
3.597529524321342251e+03
3.595901768649377573e+03
3.594317135986763788e+03
3.592775747725199381e+03
3.591289096200016502e+03
3.589853181569696062e+03
3.588481040884094909e+03
3.587156001401355752e+03
3.585876276577324461e+03
3.584642235267554497e+03
3.583454228509414861e+03
3.582312588449934992e+03
3.581223766939430334e+03
3.580260916656576683e+03
3.579415427384392387e+03
3.578620361896827490e+03
3.577872836985139202e+03
3.577172989875314215e+03
3.576522375080233360e+03
3.575931249660100093e+03
3.575391324470428117e+03
3.574909250116091243e+03
3.574475268776795929e+03
3.574089415665061551e+03
3.573751711653690109e+03
3.573462163960187809e+03
3.573220766745005676e+03
3.573027501612074502e+03
3.572882338001511926e+03
3.572785233465919191e+03
3.572736133823355885e+03
3.572734973181816713e+03
3.572781673831860644e+03
3.572876146005884038e+03
3.573018287504365617e+03
3.573250683737311647e+03
3.573607025630098633e+03
3.574010557820346094e+03
3.574461054261721529e+03
3.574965145246556403e+03
3.575521875072357034e+03
3.576124820295776317e+03
3.576773708886070381e+03
3.577468257565826207e+03
3.578208171621157817e+03
3.579003194768207322e+03
3.579861284507057917e+03
3.580774502087673682e+03
3.581731786102660408e+03
3.582739624601034393e+03
3.583857313066331699e+03
3.585063782349783196e+03
3.586317929202144114e+03
3.587634802030609535e+03
3.589008560409481106e+03
3.590436853818101554e+03
3.591938119448499037e+03
3.593495552195204255e+03
3.595092168351368855e+03
3.596729827058913088e+03
3.598530439852192103e+03
3.600399220334880738e+03
3.602392133943842055e+03
3.604456419201543213e+03
3.606581744654266913e+03
3.608792568899921207e+03
3.611059939099202438e+03
3.613450915901544249e+03
3.615914300133590586e+03
3.618422393739295330e+03
3.620982892597181490e+03
3.623601379361990894e+03
3.626264811166613981e+03
3.628970526267237801e+03
3.631712536437258677e+03
3.634490265263978472e+03
3.637314684295013194e+03
3.640199337129673950e+03
3.643135896999344368e+03
3.646170877722372552e+03
3.649371705972829204e+03
3.652657479894062362e+03
3.656082927469702554e+03
3.659593702891403154e+03
3.663142942613480045e+03
3.666751452050082662e+03
3.670403977099852455e+03
3.674144832938953186e+03
3.677962795028142409e+03
3.681889070667645683e+03
3.685914615598881937e+03
3.689965648534550382e+03
3.694109125199553546e+03
3.698393878569831486e+03
3.702838421310921603e+03
3.707362067489061701e+03
3.711931088738064318e+03
3.716549442892764091e+03
3.721197465291782009e+03
3.725933047158390764e+03
3.730868849772517478e+03
3.735987123397137111e+03
3.741229078669182854e+03
3.746511507164011618e+03
3.751847971110728395e+03
3.757390830671028198e+03
3.763143837355164578e+03
3.768965601295050874e+03
3.774833663107387110e+03
3.780782915956113357e+03
3.786857845595910476e+03
3.793028540098236135e+03
3.799379674139817325e+03
3.805891342342615644e+03
3.812561737131785776e+03
3.819381165970161874e+03
3.826364971727469310e+03
3.833381972699634389e+03
3.840437528009763355e+03
3.847622016761860777e+03
3.854873927711743818e+03
3.862206286780157825e+03
3.869584431559627774e+03
3.876982467310596803e+03
3.884434182667725054e+03
3.892010501457436021e+03
3.899582878580190481e+03
3.907179943338500834e+03
3.914793443841429507e+03
3.922439322802726565e+03
3.930191962192936899e+03
3.938036811260722970e+03
3.946048568628270459e+03
3.954152822461519463e+03
3.962326673259284689e+03
3.970607679674757492e+03
3.978936609858176325e+03
3.987276105873817414e+03
3.995711977655112605e+03
4.004213788896509868e+03
4.012756451268749970e+03
4.021386077180113261e+03
4.030098108190494258e+03
4.038968176426449645e+03
4.047923437878800542e+03
4.056923050014440378e+03
4.065884794164612686e+03
4.074900265241341003e+03
4.084073294140029248e+03
4.093338051017794896e+03
4.102780909707366845e+03
4.112316063006568584e+03
4.122040479915951437e+03
4.132020963102741007e+03
4.142146048642352980e+03
4.152342670669930158e+03
4.162604013029966154e+03
4.172934046983078588e+03
4.183296272863406557e+03
4.193737011028633788e+03
4.204188262174697229e+03
4.214789347537717731e+03
4.225391026405606681e+03
4.236175982511114853e+03
4.247063954538587495e+03
4.258063952866037653e+03
4.269152294840523609e+03
4.280301704105190765e+03
4.291489088780777820e+03
4.302827758163812177e+03
4.314230835112247405e+03
4.325588920412505104e+03
4.336905240222331486e+03
4.348214510706015062e+03
4.359533551484591044e+03
4.370787803094435731e+03
4.382062512159063772e+03
4.393268671276617169e+03
4.404376265946248168e+03
4.415469960909547808e+03
4.426535202098049012e+03
4.437625438071774624e+03
4.448704749322050702e+03
4.459808641185398301e+03
4.470875559517439797e+03
4.481958275479518306e+03
4.493067694613163439e+03
4.504399703137249162e+03
4.515857858018719526e+03
4.527338699741695564e+03
4.538934048051087302e+03
4.550570447350391987e+03
4.562116666505587091e+03
4.573666591101632548e+03
4.585230055016630104e+03
4.596691438999056118e+03
4.608229482596581875e+03
4.619691132190457211e+03
4.631140516894130997e+03
4.642592836381683810e+03
4.653975457979960993e+03
4.665410170875128642e+03
4.676755609418415588e+03
4.688012752751461448e+03
4.699287439033731971e+03
4.710504476592113861e+03
4.721665269180707583e+03
4.732745790713869610e+03
4.743779996753573869e+03
4.754959450632391054e+03
4.766144212522847738e+03
4.777352308006316889e+03
4.788585914043953380e+03
4.799986781569496088e+03
4.811296111933022985e+03
4.822621733713051981e+03
4.833951203669101233e+03
4.845340409800367524e+03
4.856563413851469704e+03
4.867673354085723986e+03
4.878704297740763650e+03
4.889492012408679329e+03
4.900106828033782222e+03
4.910587587023243032e+03
4.920982552985766233e+03
4.931219413924726723e+03
4.941425911083672872e+03
4.951416891129880241e+03
4.961321776993285312e+03
4.971144569863412471e+03
4.980779284844255017e+03
4.990326963992685705e+03
4.999799376921075236e+03
5.009283522066487421e+03
5.018709024723852053e+03
5.028135137644692804e+03
5.037839213909808677e+03
5.047356284280353066e+03
5.056785714498861125e+03
5.066226856018667604e+03
5.075543192359011300e+03
5.084690420514387370e+03
5.093748215879932104e+03
5.102674695745940880e+03
5.111355944020229799e+03
5.119799779234217567e+03
5.127951037453269237e+03
5.136051230545837825e+03
5.144230770930444123e+03
5.152263425297982394e+03
5.160070891251130888e+03
5.167646340303252146e+03
5.175032949446416751e+03
5.182330526441843176e+03
5.189481072758469963e+03
5.196546021067194488e+03
5.203430694591113934e+03
5.209983860514996195e+03
5.216192980070559315e+03
5.222156731346152810e+03
5.228056056102039292e+03
5.233737679867466795e+03
5.239449574058697181e+03
5.245068960870206865e+03
5.250636394078865123e+03
5.256110873395436101e+03
5.261353502311700140e+03
5.266305263365507017e+03
5.270999852124420613e+03
5.275628567305164324e+03
5.280364110178103147e+03
5.285065406808060288e+03
5.289696695989468935e+03
5.294081338509828129e+03
5.298476439158135690e+03
