7.079207866353772260e+03
7.082984033592354535e+03
7.086624746533127109e+03
7.090062016487010624e+03
7.093157068810837700e+03
7.095998246541441404e+03
7.098700706382461249e+03
7.101242447318152699e+03
7.103573886123263037e+03
7.105786318663205748e+03
7.108166425285325204e+03
7.110440391710673794e+03
7.112672843601252680e+03
7.114757621692525390e+03
7.116450532531755925e+03
7.117904115390216248e+03
7.119127231710827800e+03
7.120263797431798594e+03
7.121207464840640569e+03
7.121871816008776477e+03
7.122283365355388014e+03
7.122561036230891659e+03
7.122615853693788267e+03
7.122441167844302981e+03
7.121943986605761893e+03
7.121377899932452237e+03
7.120563476359609922e+03
7.119577439727444471e+03
7.118355822833539605e+03
7.116971091365266147e+03
7.115364000772019608e+03
7.113429825221649480e+03
7.111207276007678956e+03
7.108900446367106269e+03
7.106462324209769577e+03
7.103964685400409508e+03
7.101398283172101401e+03
7.098801302101681358e+03
7.096049479974512906e+03
7.093000137900833579e+03
7.089550153517368017e+03
7.085885327982277886e+03
7.082102835102177778e+03
7.078304285150386022e+03
7.074317640120912074e+03
7.070303897291669273e+03
7.066616615324554914e+03
7.062835125528285062e+03
7.058866478971662218e+03
7.054906164532956609e+03
7.050879813326291696e+03
7.046885417667141155e+03
7.042797035130499353e+03
7.039088847266671110e+03
7.035352636023143532e+03
7.031510048443877167e+03
7.027879942771391143e+03
7.024798649022641257e+03
7.021617745848072445e+03
7.018458205729866677e+03
7.015668043409355960e+03
7.012880005769779928e+03
7.010041097106006418e+03
7.006960419650918084e+03
7.003611467534978146e+03
7.000256589708707907e+03
6.996949167402851344e+03
6.993862080874227104e+03
6.990951535574977243e+03
6.988194901467282762e+03
6.985489420417217843e+03
6.982768546317080109e+03
6.980236334529361557e+03
6.977754716414981885e+03
6.975165465736225997e+03
6.972664982828684515e+03
6.970368951491384905e+03
6.968128259334987888e+03
6.966179891836747629e+03
6.964651305343048080e+03
6.963689020328476545e+03
6.963273739707121422e+03
6.963235673161844716e+03
6.963688192078046086e+03
6.964420909632463918e+03
6.965500224544009143e+03
6.966801898047464420e+03
6.968403320803706265e+03
6.970299342581759447e+03
6.972216327083024225e+03
6.974145939375382113e+03
6.976163161150687301e+03
6.978563873144561512e+03
6.981742584055675252e+03
6.985551053754243185e+03
6.989523762726515997e+03
6.993498571497090779e+03
6.997606276703867479e+03
7.002205739332236590e+03
7.007391098107671496e+03
7.012883261206408861e+03
7.019021265725277772e+03
7.025445200008492975e+03
7.032566715241014208e+03
7.040284740343253361e+03
7.048477348843568507e+03
7.057141697846846000e+03
7.066019843590325763e+03
7.075577661724604695e+03
7.085854523591191537e+03
7.096403839580269960e+03
7.107625397289777538e+03
7.119509702472872959e+03
7.131695835104215803e+03
7.144371779197712385e+03
7.157659502527599216e+03
7.171755202123548770e+03
7.186474577591903653e+03
7.201903681600553682e+03
7.217701511987260346e+03
7.234078594751068522e+03
7.251037761279969345e+03
7.269082271616534854e+03
7.287855527659734435e+03
7.307218060292814698e+03
7.327154476076220817e+03
7.347422743604349307e+03
7.367946105729536612e+03
7.389054370341822505e+03
7.410673928515738226e+03
7.433306717314821071e+03
7.456823913585229093e+03
7.480969224170010420e+03
7.505434218993689683e+03
7.530479026306034029e+03
7.556063580693223230e+03
7.582575383342021269e+03
7.609709698947521247e+03
7.637406565570263410e+03
7.665731440314537394e+03
7.694712784315986028e+03
7.724355690058745495e+03
7.754672262853369830e+03
7.785504171206921455e+03
7.816968550636463988e+03
7.849468235782395823e+03
7.882492420789699281e+03
7.915943258313470324e+03
7.949807387871134779e+03
7.984031391450189403e+03
8.018534491257096306e+03
8.054141457800798889e+03
8.090196378769793228e+03
8.126568576333143028e+03
8.163319749752822645e+03
8.200610004322272289e+03
8.238312940761868958e+03
8.276182743529258005e+03
8.314398943288550072e+03
8.353235464490364393e+03
8.392698687957057700e+03
8.433049476700420200e+03
8.473758511706913851e+03
8.514658461892850028e+03
8.555655225559788960e+03
8.596791432829675614e+03
8.638124563035176834e+03
8.680262088092000340e+03
8.722987555620260537e+03
8.766087836549369968e+03
8.809589867063677957e+03
8.853391437777514511e+03
8.897675092366718673e+03
8.942317179863715864e+03
8.987097086727098940e+03
9.032185200098087080e+03
9.077791626928894402e+03
9.123480838959905668e+03
9.169253687186108436e+03
9.215020177932614388e+03
9.260752789057525661e+03
9.306261386306217901e+03
9.351834606337708465e+03
9.397209836616424582e+03
9.442570639357851178e+03
9.487616633045865456e+03
9.532410513883080057e+03
9.577164463575240006e+03
9.621893735320823907e+03
9.666337878352478583e+03
9.710622549969681131e+03
9.754671447381659164e+03
9.798826241759650657e+03
9.842802544332460457e+03
9.886580745810562803e+03
9.930136110099514553e+03
9.973526415897486004e+03
1.001667506039233194e+04
1.005926497672311962e+04
1.010129917626839961e+04
1.014310243006061501e+04
1.018459159132197601e+04
1.022569292331781799e+04
1.026626600642712219e+04
1.030626775525854100e+04
1.034585594363533164e+04
1.038490981455976362e+04
1.042346571620629766e+04
1.046143207033989347e+04
1.049883128916401256e+04
1.053586504871445868e+04
1.057256996210028774e+04
1.060881468090249837e+04
1.064476209867867146e+04
1.067995985322167144e+04
1.071436726317865032e+04
1.074810514813847294e+04
1.078108055750310450e+04
1.081351828545168792e+04
1.084555889980801658e+04
1.087689154138288541e+04
1.090738485107670931e+04
1.093715521490771062e+04
1.096615980419279003e+04
1.099418493752999893e+04
1.102121893712705605e+04
1.104744764439530445e+04
1.107279012457621138e+04
1.109711415508064056e+04
1.112044828960053019e+04
1.114281674083355210e+04
1.116423351373854894e+04
1.118489760974494857e+04
1.120466866883944385e+04
1.122347332678981729e+04
1.124122492990651335e+04
1.125803810772221550e+04
1.127382415870251680e+04
1.128862455436539676e+04
1.130233382445854841e+04
1.131494386592460251e+04
1.132644999638491390e+04
1.133684788680157362e+04
1.134613355835723451e+04
1.135430337908467482e+04
1.136135406037920802e+04
1.136728265352096605e+04
1.137208654632627804e+04
1.137576346003798972e+04
1.137831144655380922e+04
1.137975543982045929e+04
1.138014723166126350e+04
1.137940612627407245e+04
1.137753141120455257e+04
1.137452270219957427e+04
1.137037994540867840e+04
1.136510342015969763e+04
1.135878823871405621e+04
1.135135250824356262e+04
1.134278574880920678e+04
1.133311007519952364e+04
1.132239256185822342e+04
1.131054976748813533e+04
1.129758430267188487e+04
1.128357956815479702e+04
1.126851963142081149e+04
1.125256007847281398e+04
1.123556206165172625e+04
1.121748710350896181e+04
1.119846609042648379e+04
1.117845024998351619e+04
1.115741204178275257e+04
1.113540365025191204e+04
1.111240189705125886e+04
1.108838192365353461e+04
1.106343117229247400e+04
1.103746839921408900e+04
1.101056257569987065e+04
1.098282215098060988e+04
1.095417652724040818e+04
1.092461420930162785e+04
1.089414904379399741e+04
1.086293332538515824e+04
1.083091439021972292e+04
1.079808953866528100e+04
1.076460745375880288e+04
1.073023822616069810e+04
1.069497050174712422e+04
1.065899755732058111e+04
1.062232647808680849e+04
1.058522105737184575e+04
1.054749864570174941e+04
1.050915056549136352e+04
1.047026543926452359e+04
1.043065295084002719e+04
1.039028443880260784e+04
1.034946173358986562e+04
1.030802512062403912e+04
1.026605218493121174e+04
1.022359963866681028e+04
1.018057199618302184e+04
1.013726054879800722e+04
1.009344033801357727e+04
1.004904983726177124e+04
1.000425659737116257e+04
9.959110479632799979e+03
9.913677464481252173e+03
9.868080423555515154e+03
9.822105146864239941e+03
9.775755606433493085e+03
9.729057267231255537e+03
9.682211307295963707e+03
9.635165601700096886e+03
9.588049821156400867e+03
9.540636193788344826e+03
9.493390752366811284e+03
9.445889910735329977e+03
9.398348540958244485e+03
9.350847098751175508e+03
9.303494076973856863e+03
9.255909768300869473e+03
9.208140764319898153e+03
9.160225543928352636e+03
9.112237135532583125e+03
9.064440649406362354e+03
9.016851697155192596e+03
8.969360845111337767e+03
8.922208725558224614e+03
8.875286100519280808e+03
8.828553665259965783e+03
8.781936820549341064e+03
8.735378299727393824e+03
8.688864325928645485e+03
8.642951238844038016e+03
8.597657152618558030e+03
8.552656671623910370e+03
8.507844471973507098e+03
8.463154026868971414e+03
8.418934798192738526e+03
8.375298425393504658e+03
8.332212018514397641e+03
8.289658083352012909e+03
8.247334406236164796e+03
8.205543001257923606e+03
8.163963317124856985e+03
8.122813421060479413e+03
8.082046194623702831e+03
8.041782882742270886e+03
8.002047496498722467e+03
7.962633071520966041e+03
7.923764218541884475e+03
7.885675971828801266e+03
7.848276744830563075e+03
7.811504244158211804e+03
7.775429841732620844e+03
7.739903585126379767e+03
7.705003160760554238e+03
7.670789739737644595e+03
7.637543055822343376e+03
7.605039734999201755e+03
7.573107345831444036e+03
7.541679496410994034e+03
7.511199128311002823e+03
7.481756347507947794e+03
7.453431735429604487e+03
7.425587568953751543e+03
7.398640864542116105e+03
7.372477337374393755e+03
7.347161690164626634e+03
7.322675468097435441e+03
7.298806017208655248e+03
7.275642975065060455e+03
7.253008024635445508e+03
7.230638929028167695e+03
7.208703721482472247e+03
7.187511226383857320e+03
7.166975117418754962e+03
7.147152965847398264e+03
7.127869848538674887e+03
7.109141108823754621e+03
7.090863918378672679e+03
7.073159911739998279e+03
7.056218489047490039e+03
7.040021675007346857e+03
7.024757331562401305e+03
7.010185019391610695e+03
6.996181280873934156e+03
6.982695590570003333e+03
6.969838843084258770e+03
6.957455853283250690e+03
6.945551002376809265e+03
6.934163945542515648e+03
6.923319535716543214e+03
6.913156448389230718e+03
6.904031542438191536e+03
6.895428994532594515e+03
6.887604346814074233e+03
6.880543322562969479e+03
6.873987088053001571e+03
6.867879182587621472e+03
6.862503614460390963e+03
6.857813791552286602e+03
6.853356985347989394e+03
6.849025858249042358e+03
6.845353289872276946e+03
6.842058974461797334e+03
6.839186603893793290e+03
6.837073120245733662e+03
6.835483200685001066e+03
6.834587988209472314e+03
6.833941926549565324e+03
6.833776110367251931e+03
6.834311960357452335e+03
6.835317125936251614e+03
6.836853952142576418e+03
6.838652868044992829e+03
6.840578494371471606e+03
6.842768788587924064e+03
6.845356145635110806e+03
6.848110890126816230e+03
6.851057779869792284e+03
6.854509425273344277e+03
6.858453572823027571e+03
6.862900704496592880e+03
6.867266094241757855e+03
6.871749973201836838e+03
6.876543082006702207e+03
6.881647823228102425e+03
6.886707274383496042e+03
6.891893659929891328e+03
6.897035687772264282e+03
6.902136480682300316e+03
6.907447556642715426e+03
6.912827120812014982e+03
6.918642359798113830e+03
6.924484475806721093e+03
6.930740069115834558e+03
6.937205384930704895e+03
6.943579460156459390e+03
6.949913531372920261e+03
6.956122284181403302e+03
6.962294742483383743e+03
6.968313696265968247e+03
6.974195401562360530e+03
6.980119058530812254e+03
6.986053059972375195e+03
6.991798637770720234e+03
6.997478692453313670e+03
7.003039196863346660e+03
7.008474391921931783e+03
7.013931392008527837e+03
7.019310011832923010e+03
7.024592357637656278e+03
7.029811697034163444e+03
7.034786994851496274e+03
7.039482811716943615e+03
7.043952874651321508e+03
7.048432807051605778e+03
7.052923047118487375e+03
7.057101081919299759e+03
7.061006256469923756e+03
7.064947725096945760e+03
7.068664868795098300e+03
7.072313558849480614e+03
7.075683041610071086e+03
7.078947208832842080e+03
7.082203084058523018e+03
7.085325717276587056e+03
7.088009001601095406e+03
7.090289207942636494e+03
7.092538485367222165e+03
7.094621596355729707e+03
7.096446348797908286e+03
7.097948149308374923e+03
7.099084894335668650e+03
7.099942666469552933e+03
7.100394035702193833e+03
7.100411646140523771e+03
7.100310830967973743e+03
7.100015825541868253e+03
7.099666032135301066e+03
7.099261051069606765e+03
7.098632652832386157e+03
7.097658547128432474e+03
7.096344633414122654e+03
7.095032195536110521e+03
7.093411367165368574e+03
7.091297339975846626e+03
7.088877227269733339e+03
7.086406045770941091e+03
7.083922928858070009e+03
7.081068490609686705e+03
7.077814060791473821e+03
7.074091488883288548e+03
7.070111557869160606e+03
7.065929138829419571e+03
7.061473436148409746e+03
7.056475976746861306e+03
7.051300209145723784e+03
7.045900030051037902e+03
7.040140843906507143e+03
7.033986619919254736e+03
7.027516385134415941e+03
7.020801291673208652e+03
7.013806289629656931e+03
7.006420198223978332e+03
6.998758738779684791e+03
6.990782888267754970e+03
6.982429387082721405e+03
6.973840345665506902e+03
6.964963444145508220e+03
6.955853933028665779e+03
6.946692711897640947e+03
6.937291066314393902e+03
6.927536612794343455e+03
6.917650078499418669e+03
6.907685545895841642e+03
6.897574682696205855e+03
6.887098753428854252e+03
6.876252489878419510e+03
6.865006079154812141e+03
6.853414590582056917e+03
6.841525258226734877e+03
6.829423298016202352e+03
6.817071439266706875e+03
6.804346792551865292e+03
6.791493163233504674e+03
6.778450900806672507e+03
6.765186875168666120e+03
6.752019628943599855e+03
6.738577567989810632e+03
6.724982028713260661e+03
6.711197905433327833e+03
6.697179227692697168e+03
6.682947395764867906e+03
6.668790306048911589e+03
6.654801523471590372e+03
6.640745664990690784e+03
6.626495754061535081e+03
6.611936368108337774e+03
6.597095991766133920e+03
6.582089898223119235e+03
6.567023476949873839e+03
6.551662979115595590e+03
6.536036988176073464e+03
6.520456043842817962e+03
6.504738237875931191e+03
6.488965094239394602e+03
6.473154885902614296e+03
6.457369159373083676e+03
6.441449249139584936e+03
6.425444129586450799e+03
6.409187838112031386e+03
6.392829548380834240e+03
6.376353536376800548e+03
6.359897005543669366e+03
6.343577605583128388e+03
6.327028955386265807e+03
6.310323421476874501e+03
6.293527623282005152e+03
6.276653265095203096e+03
6.259692692918386456e+03
6.242819056549610650e+03
6.226054664961073286e+03
6.209198216162578319e+03
6.192293188999172344e+03
6.175425774887862644e+03
6.158518967318033901e+03
6.141456297449965859e+03
6.124275311889417935e+03
6.107096404856261870e+03
6.089975014262484365e+03
6.072891257069544736e+03
6.055722708867831898e+03
6.038452386679467963e+03
6.021085017442310345e+03
6.003677664893140900e+03
5.986285758374411671e+03
5.969072898890152828e+03
5.951928229209314850e+03
5.935024904064167458e+03
5.918432069180615144e+03
5.901882267250422956e+03
5.885434036201865638e+03
5.869030281087436379e+03
5.852759074224893084e+03
5.836539405766025084e+03
5.820298523578732784e+03
5.804180454188795920e+03
5.788288543905951883e+03
5.772424488580119942e+03
5.756708135196258809e+03
5.741159961522966114e+03
5.725735578388852446e+03
5.710343615279323785e+03
5.695020036691570567e+03
5.679620134289047201e+03
5.664258465508877634e+03
5.648936029898497509e+03
5.633670664854067581e+03
5.618395708217605716e+03
5.603194197875511236e+03
5.588087503964887219e+03
5.573132406285640172e+03
5.558343734680223861e+03
5.543639421462113205e+03
5.529287252949885442e+03
5.514988752382845632e+03
5.500975467756905346e+03
5.487236623487300676e+03
5.473537248221386108e+03
5.459953132112284948e+03
5.446474994243798392e+03
5.433110868384904279e+03
5.419849110458078940e+03
5.406684766937997665e+03
5.393634417452462912e+03
5.380839214828092736e+03
5.368151517185289777e+03
5.355703442582205753e+03
5.343483419620839413e+03
5.331417476660019020e+03
5.319611332271775609e+03
5.307882981408884007e+03
5.296229087809204430e+03
5.284637278619872632e+03
5.273398097074778889e+03
5.262231785758704973e+03
5.251179046730459959e+03
5.240578356815120969e+03
5.230155898655068086e+03
5.219897660686042400e+03
5.209737832562381300e+03
5.199586772489129544e+03
5.189537060382291202e+03
5.179571618140807914e+03
5.169880267502685456e+03
5.160316149306873740e+03
5.150791512552803397e+03
5.141373226674521902e+03
5.132307114949444440e+03
5.123723163980233949e+03
5.115422164052077278e+03
5.107462771506146964e+03
5.099763582237916125e+03
5.092371891711997705e+03
5.085178893306898317e+03
5.078164818949046094e+03
5.071325021517206551e+03
5.064704387431729629e+03
5.058179713651435122e+03
5.051773889001837233e+03
5.045460624243987695e+03
5.039362774821554922e+03
5.033336156160612518e+03
5.027395599909092198e+03
5.021657405769819889e+03
5.016021013635980125e+03
5.010476693567316033e+03
5.005057614658258899e+03
4.999948779011997431e+03
4.994965666703047646e+03
4.990053429096226864e+03
4.985217659762481162e+03
4.980596960856959413e+03
4.976070255039737276e+03
4.971673945581518637e+03
4.967424763896028708e+03
4.963390434561717484e+03
4.959557124150028358e+03
4.955951012874953449e+03
4.952499238005427287e+03
4.949221658952339567e+03
4.946088783236027666e+03
4.943119305939104379e+03
4.940327369012764393e+03
4.937718695558527543e+03
4.935225911525369156e+03
4.932894522079460330e+03
4.930641432700298537e+03
4.928466502567377574e+03
4.926358901584771957e+03
4.924335521449539556e+03
4.922390242819314153e+03
4.920577060779570274e+03
4.918858564955540714e+03
4.917228115176092615e+03
4.915675208872311487e+03
4.914223931970016565e+03
4.912921950327855484e+03
4.911780837109467029e+03
4.910739906937322303e+03
4.909808391395981744e+03
4.908936262847112630e+03
4.908143777836179652e+03
4.907418325909662599e+03
4.906780757086520680e+03
4.906182866102348271e+03
4.905611583437923400e+03
4.905090510196842843e+03
4.904642492161045084e+03
4.904307450696649539e+03
4.904150850831374555e+03
4.904043422137192465e+03
4.903970173560074727e+03
4.903950898388666246e+03
4.904020573588106345e+03
4.904171222871116697e+03
4.904354089154071517e+03
4.904575388552844743e+03
4.904960387170880495e+03
4.905400334143513646e+03
4.905903181395982756e+03
4.906451523802579686e+03
4.907080033355574415e+03
4.907786472037410022e+03
4.908689606007917973e+03
4.909606335928719091e+03
4.910580773692883668e+03
4.911599782227362994e+03
4.912625961928666584e+03
4.913663544283741430e+03
4.914725932690585068e+03
4.915788139983689689e+03
4.916841179267504231e+03
4.917889992364336649e+03
4.918962835256999824e+03
4.920027052887799073e+03
4.921082109607221355e+03
4.922139260736393226e+03
4.923194354754074084e+03
4.924261051225489609e+03
4.925434335571975680e+03
4.926639926079269571e+03
4.927843936873334314e+03
4.929050081024251085e+03
4.930267223628791726e+03
4.931485430211452694e+03
4.932705724803936391e+03
4.933921874421639586e+03
4.935134567149240866e+03
4.936344516903494878e+03
4.937552460043406427e+03
4.938759152226939477e+03
4.939965365542773725e+03
4.941171885939918866e+03
4.942379510972063144e+03
4.943589047867310910e+03
4.944801311927804818e+03
4.946017125257418229e+03
4.947247089306967609e+03
4.948485522117753135e+03
4.949730004628218012e+03
4.950981380342449484e+03
4.952240497650091129e+03
4.953508210162508476e+03
4.954790456079608703e+03
4.956090974926302806e+03
4.957402687744042851e+03
4.958726475782341367e+03
4.960072263436468347e+03
4.961435912221112631e+03
4.962814334951865931e+03
4.964211801336485223e+03
4.965635573130256489e+03
4.967092175464900720e+03
4.968591125397879296e+03
4.970109558027717867e+03
4.971660994520061649e+03
4.973249255706255099e+03
4.974921894857588995e+03
4.976681843123009457e+03
4.978479943533213373e+03
4.980307031750372516e+03
4.982263727910947637e+03
4.984276342469383053e+03
4.986323654599984366e+03
4.988411530096899696e+03
4.990562680206501682e+03
4.992752112272861268e+03
4.994985671527088016e+03
4.997324668544299129e+03
4.999785063959883701e+03
5.002432236050688516e+03
5.005213202256063596e+03
5.008057216738203351e+03
5.010937006511170694e+03
5.013867761708293983e+03
5.016871366004299489e+03
5.019950929379463560e+03
5.023133308823579682e+03
5.026470044372637858e+03
5.029886525113517564e+03
5.033368502837880442e+03
5.036896209194612311e+03
5.040497369744332900e+03
5.044175495455458986e+03
5.047914928705282364e+03
5.051779482489808288e+03
5.055773437602580088e+03
5.059852605246289386e+03
5.064013342636950256e+03
5.068235935209979289e+03
5.072530748711560591e+03
5.076905892543705704e+03
5.081367821364970041e+03
5.086002137318955647e+03
5.090752436022001348e+03
5.095581349311109989e+03
5.100499585838642815e+03
5.105586551817961663e+03
5.110796612275857115e+03
5.116171173892991646e+03
5.121633358919232705e+03
5.127189889688434050e+03
5.132852943622636303e+03
5.138590388654163689e+03
5.144415546914600782e+03
5.150404516296741349e+03
5.156535822911644573e+03
5.162740696200408820e+03
5.169003809176747382e+03
5.175417854566407186e+03
5.182012286426746869e+03
5.188746170734966654e+03
5.195579675999429128e+03
5.202496417812106301e+03
5.209622764767772424e+03
5.216959815647143841e+03
5.224454222216813832e+03
5.232032390789030615e+03
5.239667098537661332e+03
5.247415200496612670e+03
5.255405394852841710e+03
5.263551952897469164e+03
5.271840136927810818e+03
5.280285175366834665e+03
5.288937953499000287e+03
5.297688891290026731e+03
5.306556635442309016e+03
5.315587186608311640e+03
5.324705458926377105e+03
5.333976844788641756e+03
5.343431322471878048e+03
5.352987545807457536e+03
5.362597245159880913e+03
5.372312455968214636e+03
5.382139806310853601e+03
5.392095491313930324e+03
5.402088839294004174e+03
5.412183984785797293e+03
5.422412529404770794e+03
5.432766427967055279e+03
5.443215927943070710e+03
5.453918447789601487e+03
5.464746035739080980e+03
5.475652846681251503e+03
5.486674711952184225e+03
5.497849933620595039e+03
5.509096937324760802e+03
5.520447109500806619e+03
5.531903790652117095e+03
5.543474697428779109e+03
5.555179831731764352e+03
5.566980057527981444e+03
5.578910782115643087e+03
5.591188530746614560e+03
5.603578478691179043e+03
5.616038918593782910e+03
5.628667439321040547e+03
5.641340867117402013e+03
5.654288768232411712e+03
5.667302865359542920e+03
5.680264270492964897e+03
5.693276913401187812e+03
5.706409126988486605e+03
5.719525967241914259e+03
5.732606448704071227e+03
5.745683351203303573e+03
5.758892770847731299e+03
5.772194442260512005e+03
5.785593422034220566e+03
5.799190414586761108e+03
5.812761176280688233e+03
5.826469208437563793e+03
5.840289698930813756e+03
5.854022353217849741e+03
5.867718194186671099e+03
5.881317080541646646e+03
5.894905244432542531e+03
5.908492577791541407e+03
5.922055271232400628e+03
5.935635591037454105e+03
5.949528508021937341e+03
5.963492752963366001e+03
5.977423421102829707e+03
5.991390647357799935e+03
6.005371779410457748e+03
6.019455539245826003e+03
6.033484115695958280e+03
6.047518750624641143e+03
6.061435189134737811e+03
6.075255357695062230e+03
6.088992727277607628e+03
6.102624374180518316e+03
6.116196043697832465e+03
6.129693289216846097e+03
6.143414175794890980e+03
6.157221787794635020e+03
6.171011752502617128e+03
6.184734050958915759e+03
6.198370864993204123e+03
6.211973934384312088e+03
6.225483620655537379e+03
6.238953357100421272e+03
6.252447207545561469e+03
6.265869431628694656e+03
6.279338502295520811e+03
6.292887719303930680e+03
6.306385614496114613e+03
6.320135338793585106e+03
6.333932227007565416e+03
6.347830054199988808e+03
6.361639617307889239e+03
6.375422751905382938e+03
6.389239908005454708e+03
6.402940753393020714e+03
6.416503537342345226e+03
6.430098113613447822e+03
6.443683214755368681e+03
6.457296357154038560e+03
6.470895998259991757e+03
6.484455913162292745e+03
6.497869719978471039e+03
6.511068653740052468e+03
6.524172964459021387e+03
6.537171141558035742e+03
6.549949015582571519e+03
6.562593024977835739e+03
6.575141297334534102e+03
6.587522138999275739e+03
6.599769830511743749e+03
6.611920329540807870e+03
6.623878827156409898e+03
6.635591371654636532e+03
6.647105353929840021e+03
6.658501456222469642e+03
6.669923264617114910e+03
6.681326108813743303e+03
6.692524194127741794e+03
6.703781175079011518e+03
6.714966036172339955e+03
6.726090822872271929e+03
6.737032555789147409e+03
6.747772850296597426e+03
6.758417880601724391e+03
6.769294210751062565e+03
6.780132161519979491e+03
6.790708304714097721e+03
6.801097736585384155e+03
6.811321931837742341e+03
6.821307277350111690e+03
6.831048831063183570e+03
6.840818284026448964e+03
6.850438280247681178e+03
6.859926361221214393e+03
6.869453090461202919e+03
6.878716188032130958e+03
6.887678350724877419e+03
6.896559054608209408e+03
6.905445999295307047e+03
6.914567509641393372e+03
6.923506574830264071e+03
6.932034345617045801e+03
6.940278778965337551e+03
6.948181670262203625e+03
6.955799046809886022e+03
6.963223681146861963e+03
6.970506051278877749e+03
6.977521298016521541e+03
6.984300584513652211e+03
6.990683045495790793e+03
6.997041269141398516e+03
7.003388504493632354e+03
7.009676267795975946e+03
7.015906463715369682e+03
7.021973467431389508e+03
7.028044100242517743e+03
7.033872376878675823e+03
7.039303421108491420e+03
7.044424456304708656e+03
7.049286282698509240e+03
7.053788145902664837e+03
7.057922169710596791e+03
7.061901749995062346e+03
7.065786553111452122e+03
7.069331866877920220e+03
7.072573081369646388e+03
7.075711872428313654e+03
7.079207866353772260e+03
