5.889000765718058574e+03
5.891330349366397058e+03
5.893601636363684520e+03
5.895906780559649633e+03
5.898172514809928543e+03
5.900363263162704243e+03
5.902517193008012327e+03
5.904558732395485094e+03
5.906542671120409068e+03
5.908458248679609824e+03
5.910308867602285318e+03
5.912141487985176354e+03
5.914028714578386825e+03
5.915849358843592199e+03
5.917630824965564898e+03
5.919365560104006363e+03
5.921076462048573376e+03
5.922748875280545690e+03
5.924398502277100306e+03
5.926022930382631785e+03
5.927630819445572342e+03
5.929173318985209335e+03
5.930676026822971835e+03
5.932109821563127298e+03
5.933516299199005516e+03
5.934856719927635822e+03
5.936192460118728377e+03
5.937416916180438420e+03
5.938611537133478123e+03
5.939722356846354160e+03
5.940835198333516018e+03
5.942008616198296295e+03
5.943146404199136668e+03
5.944253791125503994e+03
5.945387479538528169e+03
5.946601602739595364e+03
5.947797062480851309e+03
5.948985705619054897e+03
5.950132755766169794e+03
5.951280989400191174e+03
5.952423760185952233e+03
5.953560951004720664e+03
5.954775780503068745e+03
5.955949534415233757e+03
5.957063943741417461e+03
5.958160063065573922e+03
5.959321713655755048e+03
5.960551899620533732e+03
5.961764675027601697e+03
5.962894899284458006e+03
5.964028141364047769e+03
5.965170942746875880e+03
5.966230207237915238e+03
5.967279766890776955e+03
5.968305167631235236e+03
5.969296920437493100e+03
5.970337323471338095e+03
5.971354862845755633e+03
5.972367523518735652e+03
5.973390493838910515e+03
5.974353244694379100e+03
5.975368665597356085e+03
5.976367183028460204e+03
5.977395146658109297e+03
5.978460281232562011e+03
5.979446126098971945e+03
5.980439684147655498e+03
5.981377577896002549e+03
5.982343015425505655e+03
5.983277130026941450e+03
5.984180279281155890e+03
5.985125760637341955e+03
5.986178202754994345e+03
5.987314694331736973e+03
5.988521872052099752e+03
5.989820742515398706e+03
5.991221017242506605e+03
5.992546691396742972e+03
5.993919991591092185e+03
5.995411525172839902e+03
5.997004670078784329e+03
5.998631572574310667e+03
6.000346272388325815e+03
6.002074041428370037e+03
6.003934101969200128e+03
6.005796854854299454e+03
6.007702306834430601e+03
6.009627317134937584e+03
6.011594618480909958e+03
6.013574581826620488e+03
6.015654365918790973e+03
6.017756478284542936e+03
6.019954562554838049e+03
6.022248297403732067e+03
6.024723727031905582e+03
6.027237803323785556e+03
6.029802043987749130e+03
6.032346305358762947e+03
6.034871729296341982e+03
6.037446751995068553e+03
6.040067235030569464e+03
6.042748407905977729e+03
6.045516522655235349e+03
6.048308830455384850e+03
6.051143186822485404e+03
6.054021696768331822e+03
6.056879665407093853e+03
6.059822567642220747e+03
6.062855456634457369e+03
6.065951711572941349e+03
6.069126519407907836e+03
6.072393881714209783e+03
6.075669269202615396e+03
6.079001602575801371e+03
6.082378369569392817e+03
6.085761864232925291e+03
6.089238567060997411e+03
6.092828052732616925e+03
6.096389407168466278e+03
6.099981322280274981e+03
6.103593669152118309e+03
6.107357539022697893e+03
6.111247020359228372e+03
6.115211333998649934e+03
6.119204734838675904e+03
6.123245871104591060e+03
6.127319963458539860e+03
6.131446154634180857e+03
6.135629341144467617e+03
6.139899878961996365e+03
6.144199761821394532e+03
6.148498577149344783e+03
6.152917185744347080e+03
6.157354103796724303e+03
6.161780785811102760e+03
6.166178061402869389e+03
6.170641110373295305e+03
6.175342511092795576e+03
6.180084350453083971e+03
6.184836859186782021e+03
6.189702981237104723e+03
6.194676400559449576e+03
6.199875920181708352e+03
6.205294908121481058e+03
6.210742275887318101e+03
6.216204314342580801e+03
6.221697742121089505e+03
6.227118177135096630e+03
6.232444884530772470e+03
6.237747845676231009e+03
6.243035439525487163e+03
6.248392335838536383e+03
6.253769232164071582e+03
6.259094369700404968e+03
6.264422540262919938e+03
6.269824392826711119e+03
6.275336881080987041e+03
6.280940292225659505e+03
6.286558599605754353e+03
6.292252557234828600e+03
6.298038073227322457e+03
6.303868658449679060e+03
6.309801242437542896e+03
6.315719360685314314e+03
6.321686079490258635e+03
6.327735344866998275e+03
6.333817237366949485e+03
6.339907950734730548e+03
6.345964423270661428e+03
6.351995949610383832e+03
6.358143306940508410e+03
6.364351275566350523e+03
6.370462381716899472e+03
6.376544488789531897e+03
6.382700394441851131e+03
6.388817551512767750e+03
6.394974456964124329e+03
6.401191523411155686e+03
6.407373806849556786e+03
6.413506684852030958e+03
6.419646152038645596e+03
6.425724003037080365e+03
6.431767610689387766e+03
6.437834919240380259e+03
6.443856667979973281e+03
6.449804965595460999e+03
6.455784575779049192e+03
6.461656929957808643e+03
6.467590295791365861e+03
6.473413023848645025e+03
6.479260740167054792e+03
6.485153542491738335e+03
6.491287371241710389e+03
6.497499562520051768e+03
6.503788395021058022e+03
6.510154236025313367e+03
6.516416196232101356e+03
6.522760453468881678e+03
6.529092375863787311e+03
6.535406811528931939e+03
6.541703882945748774e+03
6.547989844018081385e+03
6.554216211080612993e+03
6.560345197496637411e+03
6.566422766688063348e+03
6.572472003217906604e+03
6.578387143886007834e+03
6.584178244465586431e+03
6.589874065831706503e+03
6.595659868865889621e+03
6.601319537655932436e+03
6.607051127465409991e+03
6.612585029867999765e+03
6.617929573500074184e+03
6.623204520262348524e+03
6.628396575270646281e+03
6.633487765704156118e+03
6.638645188350564240e+03
6.643903111992925915e+03
6.649106900806516933e+03
6.654299249983903792e+03
6.659533224414726647e+03
6.664651469755484868e+03
6.669815806652262836e+03
6.674943633987375506e+03
6.680067366541716183e+03
6.685186884700272458e+03
6.690264946579772186e+03
6.695274537393117498e+03
6.700451143770042108e+03
6.705631534245405419e+03
6.710751659804407609e+03
6.715863611928261889e+03
6.720950236249694171e+03
6.725884108866233873e+03
6.730705356439386378e+03
6.735508251490402472e+03
6.740270383090766700e+03
6.745032067234425995e+03
6.749690193271016142e+03
6.754352152074769037e+03
6.758876121421331845e+03
6.763199281663542934e+03
6.767500329849945956e+03
6.771817806989278324e+03
6.776191440935977880e+03
6.780444404020654474e+03
6.784670095083896740e+03
6.788867267254019680e+03
6.793021989271348502e+03
6.797136195866368325e+03
6.801185927650711164e+03
6.805136869259195009e+03
6.808862735380931554e+03
6.812371122965860195e+03
6.815702331927999694e+03
6.818896630047684084e+03
6.821963757228309987e+03
6.825062510849018508e+03
6.828116120533723915e+03
6.831049306784666442e+03
6.833901808302658537e+03
6.836856638655930510e+03
6.839735750231190650e+03
6.842503053410598113e+03
6.845286272714563893e+03
6.848036494229314485e+03
6.850832663833849438e+03
6.853471431450914679e+03
6.856028833741869676e+03
6.858521236341948679e+03
6.861178579374627589e+03
6.863751007489552649e+03
6.866227171475522482e+03
6.868778996122400713e+03
6.871464393757072685e+03
6.874160108126352497e+03
6.876940672146070938e+03
6.879730158760017730e+03
6.882454536347931935e+03
6.885195988081324685e+03
6.888018504068736547e+03
6.890818647158435851e+03
6.893516635753907394e+03
6.896199052432832104e+03
6.898868249987424861e+03
6.901502034922015810e+03
6.904086441590569848e+03
6.906692268801008140e+03
6.909450864992113566e+03
6.912223529411319760e+03
6.914959798357564068e+03
6.917780491614910716e+03
6.920666366576315340e+03
6.923655265487048382e+03
6.926574592581168872e+03
6.929580322772175350e+03
6.932590025031206096e+03
6.935545629823983290e+03
6.938562863468332580e+03
6.941658696529726512e+03
6.944671579496780396e+03
6.947456189775813982e+03
6.950144518886096193e+03
6.952756263195395150e+03
6.955310658805859021e+03
6.957678717256092568e+03
6.959837586987741815e+03
6.961837567816083720e+03
6.963814847530071347e+03
6.965617533183350133e+03
6.967391101432120195e+03
6.969152822751681015e+03
6.970873851932866273e+03
6.972748921915926985e+03
6.974689595545230986e+03
6.976651135875716136e+03
6.978617912859058379e+03
6.980453269462632306e+03
6.982354333415372821e+03
6.984482772262049366e+03
6.986924822246450276e+03
6.989610114116310797e+03
6.992251792805720470e+03
6.994865881857973363e+03
6.997459455617346066e+03
7.000148015120717901e+03
7.002768181268191256e+03
7.005238108304060006e+03
7.007836022518739810e+03
7.010497228417460065e+03
7.013166958058778619e+03
7.015875729856611542e+03
7.018620335787356453e+03
7.021469804017251590e+03
7.024312455783838232e+03
7.027168056208942289e+03
7.030223835255107588e+03
7.033229133568833277e+03
7.036121204090981337e+03
7.038882422839036735e+03
7.041626978815829716e+03
7.044368133659717387e+03
7.047004217080423587e+03
7.049491622785567415e+03
7.051838012486714433e+03
7.054167725758378765e+03
7.056327156219364042e+03
7.058389694417568535e+03
7.060423039389916994e+03
7.062485084359857865e+03
7.064630327102393494e+03
7.066851795667203078e+03
7.068976044296237887e+03
7.071012344491698968e+03
7.073007168276648372e+03
7.074851196923727912e+03
7.076684517242938455e+03
7.078468919735349118e+03
7.080215555209388185e+03
7.081920064857982652e+03
7.083610153771227488e+03
7.085232470178440053e+03
7.086867415971538321e+03
7.088471729467097248e+03
7.090168361363670556e+03
7.091894755808640184e+03
7.093636459243282843e+03
7.095268724726740402e+03
7.096914696748930510e+03
7.098544384495997292e+03
7.100116069070192680e+03
7.101639893297269737e+03
7.103119340146971808e+03
7.104538332902895490e+03
7.105805156186404020e+03
7.107044823046140664e+03
7.108360728341022877e+03
7.109704134992272884e+03
7.111055246450419872e+03
7.112327678037713667e+03
7.113663807573929262e+03
7.115057346782127752e+03
7.116313894281134708e+03
7.117512343070650786e+03
7.118791999837232652e+03
7.120094890178423157e+03
7.121244804313451823e+03
7.122232895860172903e+03
7.123201759562055486e+03
7.123935532954867085e+03
7.124404431437033054e+03
7.124875733799759473e+03
7.125377368984379245e+03
7.125978370766948501e+03
7.126424543695955435e+03
7.126715201211574822e+03
7.126929548996171434e+03
7.126927348518026520e+03
7.126841515616231845e+03
7.126670732788395071e+03
7.126314949422592690e+03
7.125750833551401229e+03
7.125289671528095823e+03
7.124902826020510474e+03
7.124357934493558787e+03
7.123619143058405825e+03
7.122854899519697938e+03
7.122054638654697555e+03
7.121238931492383017e+03
7.120342630771201584e+03
7.119550583570591698e+03
7.118694162544696155e+03
7.117812140091473339e+03
7.116826737048736504e+03
7.115728588575122558e+03
7.114663110707133455e+03
7.113409047281490530e+03
7.112154936839153379e+03
7.110821560919432159e+03
7.109563998829525190e+03
7.108155675951438752e+03
7.106636573111322832e+03
7.104836935590527901e+03
7.103033468999139586e+03
7.101148201617266750e+03
7.099299729333082723e+03
7.097521701147575186e+03
7.095735518672017861e+03
7.093840953720800826e+03
7.091876846121038398e+03
7.089959896159748496e+03
7.087986783085187199e+03
7.085920528889369962e+03
7.083782107218281453e+03
7.081468729707257808e+03
7.079058515749804428e+03
7.076419606437354560e+03
7.073649529977656130e+03
7.070884631161070502e+03
7.067883958912851085e+03
7.064804126208625348e+03
7.061844153083697165e+03
7.058826842816055432e+03
7.055768561263796073e+03
7.052605035723003311e+03
7.049179522757765881e+03
7.045529878624221965e+03
7.041782796974328448e+03
7.038072736599527161e+03
7.034216186749081317e+03
7.030341715233094874e+03
7.026505631114302560e+03
7.022591845212449698e+03
7.018594467041342796e+03
7.014507989131268914e+03
7.010545536990021901e+03
7.006443353243005731e+03
7.002212829531648822e+03
6.997918931246305874e+03
6.993775903466803356e+03
6.989567301440454685e+03
6.985405472454332994e+03
6.981453828831621649e+03
6.977555749670345904e+03
6.973650969101294322e+03
6.969722173581199968e+03
6.965761956762371483e+03
6.961688281724113040e+03
6.957397466469253231e+03
6.952923299600766768e+03
6.948360903784370748e+03
6.943654599657498693e+03
6.938748038105008163e+03
6.933757253284126818e+03
6.928555069593709959e+03
6.923190521778419679e+03
6.917863383030290606e+03
6.912614768066951001e+03
6.907182566681549361e+03
6.901610600705122124e+03
6.896036017588489813e+03
6.890403985956266297e+03
6.884802078694929151e+03
6.879217062585370513e+03
6.873473799236699051e+03
6.867638090719871798e+03
6.861812088611706713e+03
6.855849034652286718e+03
6.849783214945487089e+03
6.843782933108250290e+03
6.837807476319808302e+03
6.831662768329853861e+03
6.825382435503107445e+03
6.819019908307756850e+03
6.812561820400877878e+03
6.806090510459609504e+03
6.799551427629929094e+03
6.792879420879701684e+03
6.786262746101445373e+03
6.779706648877111547e+03
6.772985487534700042e+03
6.766161100572813666e+03
6.759257351442319305e+03
6.752246755620907606e+03
6.745284308848669752e+03
6.738063119645592451e+03
6.730671393300606724e+03
6.723200205393280157e+03
6.715764245932429731e+03
6.708206494856285644e+03
6.700550474781770390e+03
6.692667576260007991e+03
6.684707992411822488e+03
6.676663065994816861e+03
6.668626126763955654e+03
6.660573517145971891e+03
6.652661971975901906e+03
6.644723734508163034e+03
6.636704641089057986e+03
6.628675772699311892e+03
6.620696855284079902e+03
6.612895601413414624e+03
6.605032605949574645e+03
6.596972640399270858e+03
6.588892487716727373e+03
6.580725597560508504e+03
6.572466370456766526e+03
6.564058002801298244e+03
6.555543172147093173e+03
6.547027741760136450e+03
6.538333287210849448e+03
6.529500633924379144e+03
6.520630234661525719e+03
6.511717873984480320e+03
6.502871720646972790e+03
6.494129050242221638e+03
6.485352027234599518e+03
6.476583344709209996e+03
6.467678385801772492e+03
6.458781204330352011e+03
6.449703803875154335e+03
6.440615436408382266e+03
6.431429908174652155e+03
6.422110907482299808e+03
6.412542054823503349e+03
6.402865466952207498e+03
6.393180450297559219e+03
6.383632833550769647e+03
6.374065704604461644e+03
6.364417819087555472e+03
6.354712354122944816e+03
6.344871281484760402e+03
6.335137965996806088e+03
6.325544840296969596e+03
6.315819459172645111e+03
6.305978060417799497e+03
6.295959876871376764e+03
6.285875638357938442e+03
6.275788209325854950e+03
6.265698561210937442e+03
6.255565630973165753e+03
6.245418203062195971e+03
6.235279205558490503e+03
6.225010645536060110e+03
6.214829774117916713e+03
6.204690923820407988e+03
6.194537991194104507e+03
6.184337793549477283e+03
6.174209299557310260e+03
6.164106451636780548e+03
6.153951929060418479e+03
6.143812214895762736e+03
6.133458280205624760e+03
6.122977698167882409e+03
6.112419055863042558e+03
6.101752183572920330e+03
6.090967055668099420e+03
6.080263236972450613e+03
6.069667952751060511e+03
6.058951020404963856e+03
6.048069358624537017e+03
6.037222306759011190e+03
6.026377211239265307e+03
6.015618860712005699e+03
6.004860848639778851e+03
5.994076104661012323e+03
5.983120447786406658e+03
5.972120225340508114e+03
5.961147343878344145e+03
5.950056226614864499e+03
5.939064230421293360e+03
5.928224735251302263e+03
5.917486986769250507e+03
5.906808966867441995e+03
5.896264088075861764e+03
5.885844085778227964e+03
5.875498232125833965e+03
5.865088761728411555e+03
5.854665545322366597e+03
5.844340295695366876e+03
5.833988737118573226e+03
5.823538621760850219e+03
5.812957873109132379e+03
5.802240563356278471e+03
5.791473921057875486e+03
5.780760518088538447e+03
5.770004987102104678e+03
5.759173313045384020e+03
5.748384155118999843e+03
5.737708858536129810e+03
5.727152089655351119e+03
5.716663185267521840e+03
5.706183789437285668e+03
5.695642751940185917e+03
5.685137064784250470e+03
5.674670306095004889e+03
5.664203520413955630e+03
5.653801024793806391e+03
5.643310315774756418e+03
5.632819379947428388e+03
5.622277399205462643e+03
5.611821019723178324e+03
5.601301865305696992e+03
5.590694020579439893e+03
5.580001462547930714e+03
5.569383387362995563e+03
5.558834249591115622e+03
5.548302173514998685e+03
5.537989581293955780e+03
5.527756805846749558e+03
5.517426297923808306e+03
5.506948535950510632e+03
5.496416430909283008e+03
5.485765188182629572e+03
5.475022138438614093e+03
5.464214166925266909e+03
5.453532760929168944e+03
5.442837503573622598e+03
5.432097582513344605e+03
5.421261577259272599e+03
5.410536398316395207e+03
5.399971356490510516e+03
5.389455501361273491e+03
5.378958144950796850e+03
5.368533664128831333e+03
5.358124828634500773e+03
5.347727820561593035e+03
5.337371881544121607e+03
5.327135309592280464e+03
5.316817581564961984e+03
5.306543492771175806e+03
5.296175540093314339e+03
5.285716421687464390e+03
5.275227472507166567e+03
5.264867948459084801e+03
5.254352160138843828e+03
5.243850062122288364e+03
5.233219310347264582e+03
5.222593506186718514e+03
5.211969665736458410e+03
5.201317008807751336e+03
5.190663155225644005e+03
5.180158586117457162e+03
5.169645061145773070e+03
5.159097169051172386e+03
5.148658201831322003e+03
5.138149617054043119e+03
5.127541386382632481e+03
5.117079861446627547e+03
5.106601622096829487e+03
5.095992574615530430e+03
5.085223082521041761e+03
5.074417633427857254e+03
5.063689828836584638e+03
5.052927201243591298e+03
5.042064792883516930e+03
5.031006786837536310e+03
5.020075799064911735e+03
5.009237875758410155e+03
4.998583725249342933e+03
4.987760862318307773e+03
4.976943214737884773e+03
4.966104241739130885e+03
4.955248986496616453e+03
4.944469621248112162e+03
4.933532370238252042e+03
4.922441573880439137e+03
4.911240984649185521e+03
4.900078025069597061e+03
4.888878289021575256e+03
4.877727674746534831e+03
4.866567906508749729e+03
4.855399574109023888e+03
4.844195638442988638e+03
4.833030275827224614e+03
4.822042152566114055e+03
4.811226207517059265e+03
4.800525418566930966e+03
4.789806647382649317e+03
4.779128111571977570e+03
4.768383806346303572e+03
4.757495078137756536e+03
4.746525277302880568e+03
4.735575095117068486e+03
4.724564034865750727e+03
4.713426189560703278e+03
4.702123324379384940e+03
4.690776311457240809e+03
4.679340235493372347e+03
4.667808730074871164e+03
4.656281721591829410e+03
4.644758613154896921e+03
4.633183646539063375e+03
4.621592794329669232e+03
4.609944745573584441e+03
4.598206119044496518e+03
4.586532575010356595e+03
4.574711082652972436e+03
4.562889917334421625e+03
4.550955972989330803e+03
4.538982468480036914e+03
4.527010573047355138e+03
4.515021822306805916e+03
4.503105363417815170e+03
4.491231286697930045e+03
4.479350206093087763e+03
4.467365158678180705e+03
4.455419012032944011e+03
4.443474222438349898e+03
4.431518447454403031e+03
4.419597579190502984e+03
4.407720206561389205e+03
4.395813193750163919e+03
4.383815966943830063e+03
4.371681956761873153e+03
4.359452047686123478e+03
4.347162370471529357e+03
4.334898547707429316e+03
4.322642079793804442e+03
4.310392591806136807e+03
4.298089321383075912e+03
4.285896375152218752e+03
4.273655540111006303e+03
4.261266003323205950e+03
4.248734979531787758e+03
4.236130584271999396e+03
4.223500866705988301e+03
4.210884764431612894e+03
4.198246646108161258e+03
4.185514645607385319e+03
4.172767814750205616e+03
4.160034653317257835e+03
4.147232629090127375e+03
4.134436870481109509e+03
4.121587718026766197e+03
4.108850901925831749e+03
4.096031415820584698e+03
4.083148681439011398e+03
4.070269463000265205e+03
4.057499824491696927e+03
4.044716909005801426e+03
4.031894620897131972e+03
4.018950975281177307e+03
4.005992888384409980e+03
3.993169107594561865e+03
3.980478582545677000e+03
3.967848720955012141e+03
3.955151767628432935e+03
3.942374575500417905e+03
3.929476741033568032e+03
3.916449260206506551e+03
3.903498285560648583e+03
3.890555169407901303e+03
3.877677514164684908e+03
3.864792946468978244e+03
3.852083334967485825e+03
3.839469601121290907e+03
3.826959353721143088e+03
3.814516421385428657e+03
3.802016089740401185e+03
3.789418208172131926e+03
3.776848266205245636e+03
3.764230577263265332e+03
3.751680582100517313e+03
3.739142155286287561e+03
3.726660512415085122e+03
3.714189060449347380e+03
3.701760602542733068e+03
3.689356307992794882e+03
3.676918336172892850e+03
3.664525469693716332e+03
3.652075851877508740e+03
3.639657691814002646e+03
3.627313585017459445e+03
3.615185203763785921e+03
3.603227902704958979e+03
3.591237306691405593e+03
3.579437498800718458e+03
3.567696548905246345e+03
3.556015302923028230e+03
3.544286443931265239e+03
3.532556943958170450e+03
3.520878017708429070e+03
3.509427336606954668e+03
3.498078229986461338e+03
3.486860011589738860e+03
3.475758904445940971e+03
3.464843428627151752e+03
3.454000553191380277e+03
3.443149339258745840e+03
3.432260481333392363e+03
3.421432971393932348e+03
3.410718379151370755e+03
3.400157359907748287e+03
3.389654914030486452e+03
3.379315661375981108e+03
3.369137867199599896e+03
3.359082035917834219e+03
3.349205796135694072e+03
3.339487090815659030e+03
3.329922973146514778e+03
3.320462987775328656e+03
3.311061445619763617e+03
3.301672338520702851e+03
3.292353762992557677e+03
3.283042331092272889e+03
3.273696913041005246e+03
3.264502026750225468e+03
3.255413392723903598e+03
3.246492437736784268e+03
3.237682579148526656e+03
3.228929035616547935e+03
3.220349222599105360e+03
3.211958709855246525e+03
3.203662237436758460e+03
3.195415279865707816e+03
3.187312343994418370e+03
3.179272899222570231e+03
3.171202943727453203e+03
3.163165745892813902e+03
3.155241662709393495e+03
3.147445932325642389e+03
3.139687055870631411e+03
3.132011468283137219e+03
3.124389830957848972e+03
3.116891048705962930e+03
3.109396724774994254e+03
3.101979674998503469e+03
3.094731359956876076e+03
3.087735401005048971e+03
3.080980866720257382e+03
3.074334024047174353e+03
3.067776588169291699e+03
3.061283722516828220e+03
3.055022527598118359e+03
3.048924164910133186e+03
3.043046331572276358e+03
3.037359754203207558e+03
3.031816030041521572e+03
3.026404302793082479e+03
3.021208320103962251e+03
3.016182265191666829e+03
3.011285952278024524e+03
3.006573371414388930e+03
3.002024496496467691e+03
2.997611786605260932e+03
2.993275337638698147e+03
2.988993623732215383e+03
2.984774095979342746e+03
2.980652616536174264e+03
2.976613852577366742e+03
2.972638019413768234e+03
2.968668766639147179e+03
2.964774079215157144e+03
2.961056717387599747e+03
2.957506836929862402e+03
2.954098953746433835e+03
2.950775058865252049e+03
2.947537244112413191e+03
2.944438758038367268e+03
2.941529570293390861e+03
2.938703627663170664e+03
2.935935966168848609e+03
2.933323365327398733e+03
2.930828199027089795e+03
2.928467976238241135e+03
2.926149017388621360e+03
2.923865618405623536e+03
2.921678230276339946e+03
2.919556076182079778e+03
2.917573238604092239e+03
2.915690832946193041e+03
2.913973692720405325e+03
2.912351124135052032e+03
2.910793399473906902e+03
2.909303222264204578e+03
2.907844824262440852e+03
2.906427934830484446e+03
2.905129498394644543e+03
2.903860280806923583e+03
2.902665150639965304e+03
2.901526340279400756e+03
2.900452284198006964e+03
2.899371644211467355e+03
2.898334660516569784e+03
2.897498998617135840e+03
2.896845589204523094e+03
2.896298895357570018e+03
2.895850928070161899e+03
2.895505813254836539e+03
2.895289958404252502e+03
2.895096200307323215e+03
2.895007136004815948e+03
2.895032395314149653e+03
2.895156637420209790e+03
2.895256356742594107e+03
2.895361619836963200e+03
2.895562206133924519e+03
2.895936344995205218e+03
2.896350683542811112e+03
2.896872656748292229e+03
2.897453038244226263e+03
2.898099965363372121e+03
2.898765734770384370e+03
2.899491632757527441e+03
2.900427219599701857e+03
2.901452218078576607e+03
2.902572406496007261e+03
2.903744913542509494e+03
2.904976902213291396e+03
2.906496608607926646e+03
2.908212352242548150e+03
2.910036924162625837e+03
2.911978900512019663e+03
2.913968635984072989e+03
2.915925173590255326e+03
2.917918125659626639e+03
2.919938492668298750e+03
2.921923667319625110e+03
2.923967746343430917e+03
2.926053659225996853e+03
2.928158073040611271e+03
2.930334928398187913e+03
2.932544271427021158e+03
2.934839907954580667e+03
2.937137424984011886e+03
2.939384638213083690e+03
2.941636385352887373e+03
2.943869788233137115e+03
2.946173413721841825e+03
2.948502286666697728e+03
2.950806059256772187e+03
2.953174847700529881e+03
2.955626955145889042e+03
2.958109865427634759e+03
2.960620474981663392e+03
2.963108947433544472e+03
2.965585802889701426e+03
2.968178301793143419e+03
2.970819855465733326e+03
2.973502582686746337e+03
2.976180930851528046e+03
2.978959732226387132e+03
2.981798403210860670e+03
2.984663554730822852e+03
2.987585135817521859e+03
2.990531954759939708e+03
2.993442883147798966e+03
2.996361790521480089e+03
2.999280082082422268e+03
3.002186170988032245e+03
3.005065059776187809e+03
3.007976725952273682e+03
3.010910748498421071e+03
3.013844162077924466e+03
3.016806513010485105e+03
3.019829757204792713e+03
3.022833246488474288e+03
3.025789350393101813e+03
3.028797993758017583e+03
3.031795750383668747e+03
3.034817442428765389e+03
3.037894549055046809e+03
3.040966676380744502e+03
3.044004109705078008e+03
3.047077106451817599e+03
3.050201071256045452e+03
3.053293937729228674e+03
3.056361302549999891e+03
3.059414357453849789e+03
3.062440611954516953e+03
3.065414405697280017e+03
3.068357369447276142e+03
3.071303089743728378e+03
3.074244566260028478e+03
3.077172637721902447e+03
3.080043697003129182e+03
3.082881120895909589e+03
3.085761478283322958e+03
