5.099356650385303737e+02
5.092578870075217310e+02
5.085412636905757608e+02
5.078428810428242741e+02
5.072429754422183237e+02
5.065943895789603175e+02
5.058973753139413247e+02
5.052218861264790348e+02
5.045394775626773480e+02
5.039673748617767615e+02
5.034480865863241092e+02
5.028835273684244385e+02
5.022719492284579133e+02
5.016136036129163926e+02
5.009087792600154216e+02
5.001578040567884500e+02
4.994365680866814614e+02
4.987005987323910858e+02
4.979957858836012292e+02
4.972763224098671344e+02
4.965125982808355047e+02
4.957050673871131039e+02
4.948542355317671309e+02
4.939606616022225580e+02
4.930733879348451865e+02
4.922024008256761363e+02
4.912905653295415505e+02
4.903385827438597744e+02
4.893568348761796187e+02
4.883399038981063995e+02
4.873168281925414362e+02
4.863315279366436243e+02
4.853102529269764887e+02
4.842609136875269087e+02
4.832346725401690719e+02
4.822303296561640309e+02
4.811937862065768741e+02
4.801362064931293503e+02
4.790722134162782027e+02
4.780642426847990123e+02
4.770280154274862525e+02
4.759645049729888342e+02
4.748746912138640255e+02
4.737873648001066158e+02
4.727540790269618469e+02
4.716973316996370045e+02
4.706180108371137862e+02
4.695651210079505518e+02
4.685494299930680882e+02
4.675136145660144393e+02
4.665002433899549033e+02
4.655697413926673107e+02
4.647031252132890131e+02
4.638188640092588457e+02
4.630582203446418816e+02
4.623523510872480529e+02
4.616298996638275867e+02
4.608911031189014125e+02
4.601361780237697303e+02
4.593689937997358470e+02
4.586856488746960849e+02
4.580026694193310277e+02
4.573721043502373504e+02
4.569125754455390620e+02
4.565017134756391215e+02
4.560752285380496005e+02
4.557230018371504912e+02
4.553712326323966408e+02
4.550893496044596986e+02
4.548119559502874836e+02
4.545191082322402281e+02
4.542227476628588647e+02
4.539104803211803301e+02
4.535824642249110639e+02
4.532389345075875440e+02
4.528802056845705692e+02
4.525066724491309174e+02
4.521188089828104921e+02
4.517543810131656414e+02
4.514457721890763082e+02
4.511699622811840413e+02
4.509431122914584762e+02
4.507050396796882978e+02
4.505537439243286144e+02
4.504016029154989837e+02
4.503409026183596779e+02
4.503365194365619573e+02
4.504818068240278990e+02
4.506300185898325026e+02
4.509217479759818730e+02
4.514771391443479160e+02
4.522270873547971064e+02
4.529936883748369496e+02
4.538568399397831854e+02
4.547612638653513386e+02
4.557303775837349349e+02
4.568051823206911877e+02
4.579000216930487568e+02
4.590855670906541945e+02
4.602670361031346147e+02
4.614445718978943205e+02
4.626183567115788833e+02
4.637886132934071384e+02
4.649632187536230390e+02
4.662352031797224754e+02
4.675157693980593194e+02
4.688112568428793452e+02
4.701157853469989050e+02
4.716226524506987516e+02
4.733379759778939615e+02
4.750606225104296527e+02
4.768637978898267420e+02
4.787871501275176342e+02
4.807322014012354430e+02
4.827629184717386011e+02
4.848881660607025879e+02
4.871494246202295813e+02
4.894098350311007835e+02
4.916693652140220365e+02
4.939280125885821349e+02
4.961858047472815088e+02
4.984427990928901409e+02
5.006990814262500180e+02
5.029547634870721140e+02
5.052099794661099281e+02
5.074648815230763148e+02
5.097196343605048128e+02
5.119744089191743797e+02
5.142293752753985245e+02
5.165549495833552101e+02
5.189292259517096682e+02
5.213997671755039391e+02
5.239311214959742529e+02
5.265255761442049334e+02
5.292205461274463687e+02
5.320297961814540031e+02
5.350041938458766708e+02
5.380837141272313602e+02
5.411992457664649692e+02
5.444731223998285259e+02
5.478477316774365136e+02
5.513200095710212736e+02
5.548426587667026979e+02
5.583579703347581926e+02
5.618646926310728986e+02
5.653615703924660920e+02
5.688473529614816471e+02
5.723208017289279042e+02
5.757806967002438796e+02
5.792258421080375683e+02
5.826550710104587552e+02
5.860672488330517353e+02
5.895644537221351129e+02
5.930454019897607623e+02
5.965059701675126007e+02
5.999612695158197084e+02
6.035373648290058100e+02
6.071428947819350697e+02
6.109051423264934328e+02
6.146726415183632071e+02
6.184131863101539466e+02
6.221256721918430230e+02
6.258090384795459613e+02
6.294622683187499206e+02
6.330843877887805320e+02
6.366869910957324237e+02
6.404434118958063209e+02
6.442749862054885170e+02
6.480818316420152314e+02
6.518527046173621784e+02
6.555866360993608168e+02
6.592826902462674070e+02
6.629399626773322325e+02
6.666022612619286747e+02
6.703658663415792489e+02
6.741718282916051521e+02
6.779835835170347309e+02
6.817537157938495511e+02
6.854905934721375615e+02
6.891820791878124055e+02
6.928272428196876263e+02
6.964251736344347137e+02
6.999749784514265230e+02
7.035486172771231850e+02
7.071057117494207205e+02
7.106119626295236458e+02
7.140664536465740184e+02
7.175700190394827587e+02
7.211125050130241334e+02
7.246199592649425085e+02
7.281763875471983738e+02
7.316760122011137355e+02
7.351177429845349707e+02
7.385005010557400738e+02
7.418232210648842511e+02
7.450848530428704635e+02
7.482843640745575158e+02
7.514207397465997929e+02
7.544929853636517691e+02
7.575620359932987640e+02
7.606092918579721527e+02
7.635894485792389332e+02
7.665015301122449500e+02
7.693445870400812510e+02
7.721176980183174692e+02
7.748199709427731250e+02
7.774505438351641260e+02
7.800085854451422165e+02
7.824932955711672093e+02
7.849039051065713011e+02
7.872396758210475127e+02
7.894998998915241373e+02
7.916838991999704831e+02
7.937910244190177309e+02
7.958206539093405354e+02
7.977831769542135589e+02
7.997622540854317776e+02
8.016620449780001536e+02
8.034819557332378963e+02
8.052214163243563689e+02
8.068798805923681812e+02
8.084568261953569390e+02
8.099517545213386711e+02
8.113898873583470959e+02
8.129173546640613495e+02
8.143757263464240168e+02
8.157500328747705680e+02
8.170397607561949371e+02
8.182444296572246003e+02
8.193635954434823816e+02
8.203968530757731514e+02
8.213438393299352356e+02
8.222042353109491160e+02
8.229777687353598594e+02
8.236642159599587103e+02
8.242634037387783792e+02
8.247752106947084485e+02
8.251995684963249005e+02
8.255523360514198430e+02
8.259080044752410004e+02
8.261762626056606678e+02
8.263571909953559498e+02
8.264509282513838571e+02
8.264576720670172563e+02
8.263776799189679423e+02
8.262112694237650885e+02
8.259588183503392429e+02
8.256207642890324223e+02
8.251976039802630112e+02
8.246898923088970150e+02
8.240982409729920164e+02
8.234233168379682866e+02
8.226658399893949536e+02
8.218265814994799712e+02
8.209063609239811967e+02
8.199060435476460498e+02
8.188265373974354588e+02
8.176687900437043481e+02
8.164337852102200941e+02
8.151225392144222042e+02
8.137566288286438976e+02
8.124022567277627331e+02
8.109747655259085377e+02
8.094751947362364035e+02
8.079046005477623567e+02
8.062640533031897121e+02
8.045546348801216254e+02
8.027774359746254049e+02
8.009335532879580342e+02
7.990240866195275657e+02
7.970501358717706353e+02
7.950127979755695833e+02
7.929131637480004429e+02
7.907523146975436248e+02
7.885313197953310009e+02
7.862512322344003906e+02
7.839130862022652764e+02
7.815178936951995183e+02
7.790666414054541065e+02
7.765602877150158747e+02
7.739997598314425886e+02
7.714290676500982045e+02
7.688690185252928586e+02
7.662572643964990675e+02
7.635945149619363974e+02
7.608814418584399846e+02
7.581755004761140526e+02
7.554698192061822510e+02
7.527154970764299833e+02
7.499129920140910599e+02
7.470627328239706912e+02
7.441651226033567355e+02
7.412205423517218605e+02
7.382629017546155410e+02
7.353316439652402323e+02
7.323543714276624996e+02
7.293313468187009221e+02
7.262628341884545762e+02
7.231491044872168459e+02
7.199904409119717457e+02
7.167871440051369518e+02
7.136368286628271562e+02
7.104514009719514434e+02
7.072222566803284280e+02
7.039497430790752333e+02
7.006342492632379617e+02
6.972762100633549380e+02
6.938761092738644720e+02
6.904344821304132438e+02
6.869519169980833340e+02
6.834290562431829130e+02
6.798665962723487155e+02
6.762652867341657839e+02
6.726626835162808220e+02
6.690923149697290455e+02
6.654855494594107768e+02
6.618432568482994611e+02
6.583655971358371062e+02
6.550120109232750565e+02
6.517113426325486216e+02
6.484662958281744523e+02
6.451896215314170604e+02
6.418820641631169792e+02
6.385444099992603242e+02
6.352705797913004062e+02
6.319814055496956371e+02
6.286669955013893514e+02
6.255724620861637959e+02
6.225215814532722334e+02
6.194454819367470009e+02
6.163683022243458254e+02
6.133517556468228804e+02
6.103241410643533982e+02
6.072746467704139377e+02
6.042041993603606898e+02
6.011543547581520670e+02
5.982087289423874381e+02
5.952937244924504512e+02
5.924877264450788061e+02
5.897519646398999384e+02
5.870009939761041551e+02
5.842357729455983417e+02
5.815380544412330437e+02
5.790379096558740457e+02
5.765544384731203991e+02
5.740605128104607502e+02
5.715570900061350130e+02
5.690451707969466497e+02
5.665257982568007264e+02
5.640000557245807613e+02
5.614690637275668905e+02
5.589339759200172466e+02
5.563959740697673624e+02
5.539355688101898068e+02
5.515015235114583447e+02
5.490755174086052648e+02
5.467500595921635522e+02
5.444274538638277363e+02
5.421087735628037763e+02
5.398185168260692990e+02
5.376665670727945781e+02
5.355781807188574248e+02
5.335000544925842405e+02
5.314743366059259415e+02
5.295306003396912047e+02
5.275966766515487052e+02
5.256731209158624551e+02
5.239872045397299871e+02
5.224042867784314694e+02
5.208326731408432124e+02
5.192724591843266353e+02
5.177236794899120014e+02
5.161863084094218266e+02
5.146602606387966716e+02
5.131598170421125360e+02
5.118561451327374812e+02
5.105752254367666865e+02
5.093388320823049753e+02
5.081838023954175014e+02
5.070377086023083848e+02
5.059263875630239227e+02
5.049022752611163014e+02
5.039716274491002537e+02
5.030661697305298503e+02
5.021655100899602076e+02
5.012686634053941930e+02
5.003746277675132319e+02
4.995550883984181496e+02
4.988759979593465914e+02
4.981964642594571728e+02
4.975697144287688616e+02
4.969919792429270728e+02
4.964102234675394243e+02
4.958584628270706389e+02
4.953712891823499831e+02
4.948764893500623430e+02
4.943728843492406213e+02
4.938593945727562868e+02
4.934410055176301171e+02
4.930274589958864908e+02
4.926898591618941623e+02
4.923379110217069865e+02
4.919705737731895852e+02
4.915868634817113048e+02
4.911858545433790937e+02
4.908330084281889185e+02
4.905511130785843079e+02
4.903054726926812350e+02
4.901477198725543758e+02
4.900770165604399153e+02
4.900764935375914320e+02
4.900746133518861143e+02
4.900733863545580107e+02
4.901368404478915863e+02
4.901798432130420338e+02
4.901966613129293364e+02
4.901894275203174516e+02
4.902219988639663484e+02
4.902779445649154013e+02
4.904579487901987704e+02
4.906676795327075524e+02
4.908697165289680129e+02
4.911269735712760394e+02
4.913543119845683123e+02
4.915514208189777037e+02
4.918114174677915003e+02
4.920535513788998401e+02
4.922647927620335508e+02
4.924450225151996392e+02
4.926827070591450592e+02
4.929069409423891557e+02
4.931343872810940638e+02
4.935087294964950502e+02
4.938518472627023925e+02
4.941637114542496647e+02
4.945215365607684248e+02
4.949839963223365658e+02
4.954275152857549074e+02
4.958397003887788514e+02
4.962205570135049015e+02
4.965701203900279097e+02
4.968884530652711646e+02
4.972661949970098476e+02
4.977025675334325001e+02
4.981530470233424808e+02
4.985724525204994961e+02
4.989608001105284529e+02
4.993181197204783643e+02
4.996444531926596255e+02
4.999398520347140220e+02
5.002043748692613008e+02
5.004380846111901064e+02
5.006410454049875511e+02
5.008133193583112757e+02
5.009549631112867587e+02
5.010660242836665361e+02
5.013034390254322261e+02
5.015657357358311401e+02
5.017972568893233074e+02
5.019978433970956075e+02
5.021673182027434450e+02
5.023063638492968153e+02
5.025183424743956948e+02
5.027235432902351704e+02
5.028985133516471819e+02
5.030410142200045129e+02
5.031506957546376952e+02
5.032271944670361563e+02
5.032701347054235725e+02
5.032791297205889691e+02
5.032537825996631682e+02
5.031936870588316424e+02
5.030984280904538082e+02
5.029675824646135425e+02
5.028007190896292400e+02
5.025985893862759895e+02
5.023713982354344694e+02
5.021068514147997917e+02
5.019028273783003442e+02
5.016879584342356111e+02
5.015207505688765082e+02
5.013572123724470657e+02
5.013099907152440551e+02
5.012345494439035747e+02
5.011174147758119375e+02
5.009621782134763066e+02
5.007724879633047408e+02
5.005389517844846523e+02
5.003235699876028093e+02
5.001065648126156589e+02
4.998437307667189202e+02
4.995344604025268040e+02
4.991781983763841026e+02
4.987744457153730764e+02
4.983227633933389598e+02
4.978227751845222429e+02
4.972741697744367002e+02
4.966767021189415345e+02
4.960301940537709697e+02
4.953345341679381022e+02
4.945896769651956788e+02
4.938292708427898106e+02
4.930927567402903833e+02
4.923273441762233347e+02
4.915184924433787046e+02
4.906609065269190069e+02
4.897568592187341210e+02
4.888156079255138593e+02
4.879203590749497153e+02
4.872061654518810769e+02
4.865731047578817083e+02
4.858929187317844480e+02
4.851658375601144826e+02
4.843921391167402817e+02
4.835721510482972008e+02
4.827090029258211530e+02
4.818106575323969878e+02
4.808701539921435142e+02
4.798953983981480178e+02
4.788767892510123261e+02
4.778149772539005653e+02
4.767106664288750153e+02
4.755646127600526825e+02
4.743776223443038589e+02
4.731630066364232334e+02
4.719097814161910946e+02
4.706183142173687202e+02
4.693149495815715113e+02
4.680561637424166292e+02
4.667620835915359976e+02
4.654440989956328849e+02
4.640954825188032373e+02
4.627185394120687079e+02
4.614127266821862463e+02
4.600895351769228796e+02
4.587374204373826956e+02
4.573870961323090114e+02
4.560859056528731799e+02
4.547676119023285537e+02
4.534280215023964047e+02
4.520641413760010892e+02
4.506769178864848300e+02
4.492672917097347636e+02
4.478461231439972607e+02
4.464075117379748576e+02
4.449492643331280988e+02
4.434722762595190488e+02
4.419898457870043558e+02
4.404910190062971651e+02
4.389760184869734303e+02
4.374853944368257999e+02
4.360695166226532820e+02
4.346428727377650603e+02
4.332089871661454481e+02
4.317805962139192957e+02
4.303418895483060851e+02
4.288915825199234177e+02
4.274301646115908397e+02
4.259580847439865465e+02
4.245633160022569541e+02
4.231902778311875863e+02
4.218093672015413631e+02
4.204353438340484672e+02
4.190729227508911663e+02
4.177013344317866768e+02
4.163252023198773486e+02
4.149485833712489011e+02
4.135670110155905945e+02
4.121855100671347145e+02
4.107950355355205829e+02
4.094531536451308966e+02
4.081507451016665300e+02
4.068390492777022018e+02
4.055178905913808762e+02
4.041870821932253648e+02
4.028464301577117794e+02
4.014957375961202501e+02
4.001348086477551647e+02
3.987745337695851049e+02
3.974055994884588472e+02
3.960379662392332989e+02
3.946603506834662198e+02
3.932770844872957241e+02
3.918902445275720083e+02
3.904979382651514470e+02
3.891015027168243137e+02
3.877139351426291114e+02
3.864047273303079919e+02
3.851129142489073729e+02
3.838348222151603295e+02
3.825821238835646341e+02
3.813274763746293274e+02
3.800685288040821206e+02
3.788042232959628564e+02
3.775520731014855755e+02
3.763914687801009222e+02
3.752284165060315217e+02
3.741673523713047871e+02
3.730999592275874193e+02
3.720220002329456293e+02
3.709336258505906017e+02
3.698350145914429277e+02
3.687263725260041838e+02
3.676153821360010170e+02
3.665678266652509478e+02
3.655846708153133591e+02
3.647699565042811400e+02
3.639541330212978210e+02
3.631643492760956633e+02
3.623752780228734878e+02
3.615811706061606969e+02
3.608498887843923058e+02
3.601683646923913216e+02
3.594831425882711073e+02
3.587993125390372597e+02
3.581305425196216561e+02
3.574586034129558811e+02
3.567801051282863227e+02
3.560954451532846861e+02
3.554050544246480285e+02
3.547093956823213148e+02
3.540089613191840954e+02
3.533042707537271099e+02
3.525958673600679845e+02
3.518843149959044467e+02
3.511701941745691329e+02
3.504540979321657233e+02
3.497366274447518890e+02
3.490204915742503999e+02
3.483151171349593938e+02
3.476181994017219949e+02
3.469955899327452471e+02
3.464250134709029680e+02
3.458641724347846775e+02
3.453168141231127493e+02
3.447909214031071201e+02
3.442855964214658684e+02
3.437951869334285675e+02
3.433156111215923261e+02
3.428597883639375823e+02
3.424216623334240239e+02
3.420011082859614362e+02
3.415861411304569515e+02
3.411765328905636352e+02
3.407724318196411559e+02
3.403739497585667095e+02
3.399811624493565887e+02
3.395941101066925967e+02
3.392127982334245075e+02
3.388371986639191391e+02
3.384672508172097878e+02
3.381090074237754379e+02
3.377630906495784870e+02
3.374224657268816827e+02
3.370869591787656532e+02
3.367648875237557036e+02
3.364650676042074906e+02
3.361789343040046560e+02
3.359138548991626294e+02
3.356527194764527167e+02
3.353952468610719961e+02
3.351411448895090075e+02
3.348901124717477842e+02
3.346418415852535873e+02
3.343960191852535786e+02
3.341652869390240994e+02
3.339547338731052264e+02
3.337534521648781265e+02
3.335533559275285711e+02
3.333541341494571952e+02
3.331554798828886987e+02
3.329570913034204978e+02
3.327586726355283417e+02
3.325752711976323326e+02
3.324025905647333730e+02
3.322414759833574180e+02
3.320792274211594304e+02
3.319837330761201315e+02
3.319246305596740285e+02
3.318635441018265055e+02
3.318001800523037446e+02
3.317342585037559388e+02
3.316679359259857733e+02
3.316091537147003692e+02
3.315470724806835960e+02
3.314814822187411210e+02
3.314181612303577253e+02
3.313623295632112900e+02
3.313112217141400606e+02
3.312626792449900677e+02
3.312162268343687401e+02
3.311654581335603780e+02
3.311103177941897115e+02
3.310507728736896524e+02
3.309868125090151807e+02
3.309184474427596570e+02
3.308457094106619252e+02
3.307686504007574513e+02
3.306884218769900485e+02
3.306159849090594207e+02
3.305394961666234508e+02
3.304590798385375479e+02
3.303748751610878571e+02
3.302870351701986920e+02
3.301957254169512339e+02
3.301011226600661530e+02
3.300034135486120022e+02
3.299027933076511090e+02
3.297994644388539314e+02
3.296936354473193660e+02
3.295855196049398614e+02
3.294753337596790743e+02
3.293632971990984970e+02
3.292496305753917341e+02
3.291345548980978037e+02
3.290261539106983264e+02
3.289219517369480172e+02
3.288169979301684407e+02
3.287115071173868728e+02
3.286056904017633542e+02
3.284997548309152080e+02
3.283939029468510853e+02
3.282883324159037102e+02
3.281976498422795316e+02
3.281192775692759369e+02
3.280417501786457706e+02
3.279652451456255449e+02
3.278899343191184812e+02
3.278159839645610418e+02
3.277435548605124609e+02
3.276728024440059244e+02
3.276038769996088149e+02
3.275369238871076050e+02
3.274720838027482159e+02
3.274094930690321803e+02
3.273492839481689316e+02
3.272915849744300658e+02
3.272365213008155251e+02
3.271926781699859248e+02
3.271562806069107410e+02
3.271228783472577675e+02
3.270925873752387361e+02
3.270655220957197571e+02
3.270417956822280985e+02
3.270215204132247777e+02
3.270048079938574119e+02
3.269917698606377598e+02
3.269825174667094529e+02
3.269771625455832691e+02
3.269758173514252917e+02
3.269785948741728703e+02
3.269856090279491809e+02
3.269969748114168056e+02
3.270128084388903744e+02
3.270332274411885010e+02
3.270583507353691175e+02
3.270882986626453430e+02
3.271231929939378915e+02
3.271631569026695843e+02
3.272083149045650998e+02
3.272678273976533774e+02
3.273367838292919600e+02
3.274113161320420886e+02
3.274915536823297089e+02
3.275776264061069014e+02
3.276696645249197672e+02
3.277677982720273349e+02
3.278721575797677588e+02
3.279828717395781723e+02
3.281000690363063086e+02
3.282238763586756249e+02
3.283544187880082177e+02
3.284918191675477601e+02
3.286361976549702604e+02
3.287876712609106562e+02
3.289463533765745069e+02
3.291123532937309051e+02
3.292857757206074893e+02
3.294667202974090401e+02
3.296552811153671882e+02
3.298515462433853145e+02
3.300674029159729344e+02
3.302923465241773329e+02
3.305252194188294652e+02
3.307660818992980580e+02
3.310154419754604760e+02
3.312854630837031777e+02
3.315636053875368248e+02
3.318498955636472374e+02
3.321443510520622340e+02
3.324469798903281799e+02
3.327577805987903616e+02
3.330767421194328790e+02
3.334144753281802878e+02
3.337627189564112200e+02
3.341190343479739795e+02
3.344833733998522121e+02
3.348556789760935430e+02
3.352358851878987025e+02
3.356239177277728345e+02
3.360251162243259841e+02
3.364415784051211631e+02
3.368655986364881301e+02
3.372970740035070776e+02
3.377358955369456908e+02
3.381819487923953034e+02
3.386351144514580369e+02
3.390952689384547512e+02
3.395622850458969424e+02
3.400360325618478896e+02
3.405163788923108541e+02
3.410031896719074780e+02
3.414963293563765205e+02
3.420066868623477490e+02
3.425251077918820783e+02
3.430494508376320937e+02
3.435874919902938132e+02
3.441593622993936492e+02
3.447510078991877549e+02
3.453586021134668158e+02
3.459757492442461739e+02
3.465980529387633169e+02
3.472253954369675739e+02
3.478625683813394289e+02
3.485126784106736295e+02
3.491674926602825053e+02
3.498402296043216211e+02
3.505412078673883229e+02
3.512486146873123403e+02
3.519603293264168542e+02
3.526856400044150632e+02
3.534827841200311696e+02
3.543260929191446849e+02
3.551732532359271772e+02
3.560241189049840500e+02
3.568905926713405279e+02
3.577745234147186011e+02
3.586667954181374398e+02
3.595807261306883333e+02
3.605003605263854070e+02
3.614230291705071068e+02
3.623520577678841619e+02
3.633032331051244910e+02
3.642737620932305163e+02
3.652471548834741384e+02
3.662234089912449235e+02
3.672025373265448707e+02
3.681845677047200525e+02
3.691695421088426201e+02
3.701575157050947382e+02
3.711485556158346526e+02
3.721427394583693626e+02
3.731433685191548193e+02
3.741571379278424274e+02
3.751743301613100243e+02
3.762024734462892752e+02
3.772398477704994093e+02
3.782809486554840532e+02
3.793258712398046555e+02
3.803840947468969489e+02
3.814625387262135519e+02
3.825454724388220029e+02
3.837063730961191368e+02
3.849143217053558033e+02
3.861287090279889753e+02
3.873470416595943675e+02
3.885793600523728060e+02
3.898424905559012359e+02
3.911110653159220760e+02
3.923830561962797674e+02
3.936582761339035414e+02
3.949365154730312497e+02
3.962175420302360749e+02
3.975011012759200071e+02
3.988002229674892760e+02
4.001140595697999061e+02
4.014295369835211886e+02
4.027570553228828203e+02
4.040878114714435014e+02
4.054191362008821216e+02
4.067604040884568235e+02
4.081088293956235589e+02
4.094654905590379599e+02
4.108210471748831196e+02
4.121750443505317207e+02
4.135270145585664068e+02
4.148764788421614185e+02
4.162448988542943198e+02
4.176139387160300771e+02
4.189791400167330266e+02
4.203527071445795400e+02
4.217212507107838064e+02
4.230842502754705947e+02
4.244520176896896828e+02
4.258153866414003232e+02
4.271716338777804367e+02
4.285202304490107963e+02
4.298671697977194412e+02
4.312119076336304033e+02
4.325560090978354992e+02
4.338947722434810998e+02
4.352232402918943421e+02
4.365408854038535651e+02
4.378471795627989422e+02
4.391432165139985955e+02
4.404382534451810329e+02
4.417330114739206692e+02
4.430523030592538589e+02
4.444446776859497277e+02
4.458337741205850762e+02
4.472168241479711810e+02
4.485840148855589860e+02
4.499560429024185169e+02
4.514089075046271091e+02
4.528439963372405259e+02
4.542606290091632104e+02
4.557338666428402121e+02
4.572307595213949867e+02
4.587137990689196840e+02
4.601942276408415751e+02
4.616533163060075822e+02
4.630988825396292441e+02
4.645250079050758814e+02
4.659271787089230656e+02
4.673097311650368511e+02
4.686752432512413407e+02
4.700150785578147179e+02
4.713287230370478937e+02
4.726200397094108894e+02
4.738929156846339765e+02
4.751382451058601646e+02
4.763728851603064527e+02
4.775880418909887908e+02
4.787745679192994430e+02
4.799333952459256807e+02
4.810830282925782058e+02
4.822665034793992618e+02
4.834679069764224550e+02
4.846392564514304695e+02
4.857802742490847550e+02
4.868906979622117888e+02
4.880088824761270416e+02
4.891775765202357320e+02
4.903269316935574125e+02
4.914446053616551353e+02
4.925303248852533216e+02
4.935838282336060274e+02
4.946048634616315098e+02
4.955931880145769810e+02
4.965485678521658315e+02
4.974707763871006136e+02
4.983595932361068890e+02
4.992148027853442613e+02
5.000361925759274300e+02
5.008235515193685501e+02
5.015828879505435793e+02
5.023276106089742825e+02
5.030376591679140574e+02
5.037128088553076850e+02
5.043528254287076606e+02
5.049574628045021996e+02
5.055915304860781134e+02
5.062814125810916153e+02
5.070035628273080874e+02
5.076889119104820338e+02
5.083369893904066430e+02
5.089473100483974122e+02
5.095193754563455286e+02
5.100526756280402196e+02
5.105466907426788907e+02
5.110008929310847634e+02
5.114147481157201014e+02
5.117877178961115874e+02
5.121192614717156175e+02
5.124088375945656253e+02
5.127187126204906917e+02
5.130289084371346462e+02
5.133009680811569524e+02
5.135362314146265135e+02
5.137355663213725165e+02
5.138935955146311017e+02
5.140224464702182559e+02
5.141141268689262915e+02
5.141588603624496727e+02
5.141561919610065843e+02
5.141941080558628983e+02
5.142015528621110434e+02
5.141614783296333826e+02
5.140841922163211848e+02
5.139575021997341082e+02
5.137811221569952522e+02
5.135548153308166093e+02
5.132783959402038363e+02
5.129517302744939116e+02
5.125747372540729430e+02
5.121473884483966685e+02
5.116697075495255262e+02
5.111417693071742860e+02
5.105636979391127852e+02
5.099356650385303737e+02
