6.763190146753360750e+03
6.764364525440150828e+03
6.765467082463253064e+03
6.766548368433499490e+03
6.767571389454959899e+03
6.768538952714794505e+03
6.769441347200901873e+03
6.770277355162008462e+03
6.771056941562436805e+03
6.771801039354078966e+03
6.772487707854177643e+03
6.773100401346370745e+03
6.773640073105942065e+03
6.774117175069104633e+03
6.774543198784493143e+03
6.774925662751344134e+03
6.775230104765194483e+03
6.775470453564830677e+03
6.775676276840433275e+03
6.775819729804220515e+03
6.775924329866036715e+03
6.775988281763315172e+03
6.775983439053996335e+03
6.775909335994168032e+03
6.775779892978096541e+03
6.775632224456691802e+03
6.775395864557884124e+03
6.775098302250989036e+03
6.774783099985483204e+03
6.774459959946994786e+03
6.774098090897199654e+03
6.773662747132437289e+03
6.773158927630816834e+03
6.772566423972035409e+03
6.771906927415382597e+03
6.771172562510447278e+03
6.770395020787300382e+03
6.769561701727222498e+03
6.768693667060944790e+03
6.767760736070101302e+03
6.766769604636991062e+03
6.765750644003086563e+03
6.764715981372644819e+03
6.763637919598791996e+03
6.762529653550544026e+03
6.761352763167643388e+03
6.760145644193076805e+03
6.758891783500996098e+03
6.757602903926677754e+03
6.756293551002001550e+03
6.754959407928557994e+03
6.753598997945993688e+03
6.752196342823179293e+03
6.750715282937884695e+03
6.749234003115438099e+03
6.747716922150428218e+03
6.746194873340181402e+03
6.744659237262851093e+03
6.743077576561418027e+03
6.741532246617590317e+03
6.739999760614262414e+03
6.738402861209001458e+03
6.736790495045695934e+03
6.735157949050002571e+03
6.733490069885971025e+03
6.731814774772741657e+03
6.730078233172420369e+03
6.728309728767891102e+03
6.726530957137438236e+03
6.724703175775604905e+03
6.722830820238113120e+03
6.721050107064319491e+03
6.719227973146013028e+03
6.717434976432573421e+03
6.715632712075306699e+03
6.713834437871449154e+03
6.712071049269899959e+03
6.710251738957349517e+03
6.708377619029167363e+03
6.706437592420873443e+03
6.704478180451734261e+03
6.702521004226859077e+03
6.700582107335875662e+03
6.698598594257109653e+03
6.696618207378995066e+03
6.694602947817856148e+03
6.692617588737294682e+03
6.690697508852457759e+03
6.688823150171632733e+03
6.686949618239426854e+03
6.685101148043582725e+03
6.683213429882691344e+03
6.681332004881322973e+03
6.679501762976757163e+03
6.677688245321543036e+03
6.675868403408514496e+03
6.674039197504996991e+03
6.672171499414851496e+03
6.670258000811385500e+03
6.668351915136636308e+03
6.666522573979390472e+03
6.664677337152203108e+03
6.662778734399027599e+03
6.660873654528334555e+03
6.659056423491168971e+03
6.657169706926029903e+03
6.655236914479273764e+03
6.653267863459835098e+03
6.651269430928078691e+03
6.649352840192077565e+03
6.647533770080761315e+03
6.645822396797060719e+03
6.644122768819257544e+03
6.642351611224687076e+03
6.640599357385550320e+03
6.638834097970539915e+03
6.637104407273167453e+03
6.635417850058999647e+03
6.633779463657240740e+03
6.632116768097032036e+03
6.630516025035720304e+03
6.628919910066681950e+03
6.627399314526906892e+03
6.625860455757325326e+03
6.624283290741260316e+03
6.622730694141468121e+03
6.621209047052442656e+03
6.619745174322913954e+03
6.618328136908190572e+03
6.616902387117002945e+03
6.615508479318060381e+03
6.614124454716657965e+03
6.612762029590225211e+03
6.611427569116287486e+03
6.610213249757482117e+03
6.609059027476529081e+03
6.607895444453946766e+03
6.606731844488602292e+03
6.605570123983748090e+03
6.604357520478575680e+03
6.603110487855149586e+03
6.601945590056586298e+03
6.600912241771507070e+03
6.599930666629264124e+03
6.598904193054908319e+03
6.597904812170520017e+03
6.596978366678911698e+03
6.596129888324931017e+03
6.595286262323237679e+03
6.594390231961211612e+03
6.593432512037994456e+03
6.592423792104099448e+03
6.591369692890596525e+03
6.590310495495570649e+03
6.589235169302894064e+03
6.588156245209818735e+03
6.587073896867948861e+03
6.586040521913542761e+03
6.585082977564073190e+03
6.584124453963090673e+03
6.583110765525387251e+03
6.582120454852186413e+03
6.581125752273511353e+03
6.580096549247329676e+03
6.579074616407750000e+03
6.578032173430827243e+03
6.576979509552043965e+03
6.575999205201657787e+03
6.575080641566584745e+03
6.574173637845055055e+03
6.573357616291640625e+03
6.572475031019186645e+03
6.571604993050586927e+03
6.570821256954769524e+03
6.570111052316369751e+03
6.569506693655071103e+03
6.568920611042318342e+03
6.568353021660334889e+03
6.567745566947056432e+03
6.567156876095843472e+03
6.566635260630310768e+03
6.566180782385879866e+03
6.565715423958126848e+03
6.565313446326726080e+03
6.564925571557474541e+03
6.564702055484802258e+03
6.564568447388443019e+03
6.564424384917567295e+03
6.564259577401593560e+03
6.564072930062113301e+03
6.563833137279138100e+03
6.563643418947357532e+03
6.563430346728013319e+03
6.563221844015147326e+03
6.562947717395765721e+03
6.562610701314214566e+03
6.562219479672325178e+03
6.561790248142702694e+03
6.561338396236884364e+03
6.560817555199329945e+03
6.560292527899726338e+03
6.559798460267553310e+03
6.559287307498096197e+03
6.558742657580804007e+03
6.558216088763057996e+03
6.557724664108340221e+03
6.557210016582908793e+03
6.556743382768339870e+03
6.556329713668301338e+03
6.555940172208303011e+03
6.555536833205424045e+03
6.555105389461668892e+03
6.554587453460399047e+03
6.554124595720579237e+03
6.553609292775296126e+03
6.553015073887494509e+03
6.552350163054375116e+03
6.551666519341091771e+03
6.550965975546308073e+03
6.550217114548754580e+03
6.549538845333447171e+03
6.548800598889610228e+03
6.548040688668357689e+03
6.547177748890422663e+03
6.546232917048000672e+03
6.545280271678841018e+03
6.544344711981823821e+03
6.543379810214070858e+03
6.542321321504118714e+03
6.541165876818460674e+03
6.539910722933505895e+03
6.538554531743848202e+03
6.537119732126268900e+03
6.535638049169789156e+03
6.534123728285550897e+03
6.532527285717689665e+03
6.530909793798926330e+03
6.529270693159382063e+03
6.527489103653623715e+03
6.525559394900157713e+03
6.523555749509814632e+03
6.521490285893361033e+03
6.519226477684071142e+03
6.516891745251916291e+03
6.514435162915301589e+03
6.511888681659420399e+03
6.509228259891373455e+03
6.506467076717332930e+03
6.503524321208664333e+03
6.500487366362497596e+03
6.497331233411942776e+03
6.494091209450316455e+03
6.490895991099854655e+03
6.487536322074208329e+03
6.484000270818598437e+03
6.480399259371359221e+03
6.476660259636089904e+03
6.472793478045394295e+03
6.468848393203477826e+03
6.464807610182919234e+03
6.460653732871533066e+03
6.456435568414082809e+03
6.452129955204041835e+03
6.447625136830403790e+03
6.443083409757606205e+03
6.438459451919407002e+03
6.433775864812623695e+03
6.429056104824163413e+03
6.424273705259935014e+03
6.419285632547598652e+03
6.414067126230855138e+03
6.408663947006823946e+03
6.403150330770786240e+03
6.397577076862220565e+03
6.391999062810862597e+03
6.386293165488367777e+03
6.380451216809195103e+03
6.374626998070379159e+03
6.368705488372093896e+03
6.362605780251307806e+03
6.356345677172181240e+03
6.349921467365290482e+03
6.343301989325099385e+03
6.336539650259546761e+03
6.329719020429638476e+03
6.322776209662086330e+03
6.315853738748277465e+03
6.308888768444290690e+03
6.301875445522229711e+03
6.294872050697040322e+03
6.287697198536965516e+03
6.280509569655801897e+03
6.273176884570095353e+03
6.265763938673186203e+03
6.258257493594283005e+03
6.250591464817423912e+03
6.242854910364775606e+03
6.235139781895119995e+03
6.227235189210456156e+03
6.219301229884271379e+03
6.211415052202992229e+03
6.203427259960364609e+03
6.195315988043739708e+03
6.187070178621251216e+03
6.178692254582203532e+03
6.170129375993520625e+03
6.161381850027241853e+03
6.152475535706963456e+03
6.143502857845289327e+03
6.134535260406193629e+03
6.125501209760924212e+03
6.116493252724021659e+03
6.107458841114048482e+03
6.098411304356442997e+03
6.089402697211740815e+03
6.080413746947174332e+03
6.071344617100792675e+03
6.062177502410665511e+03
6.053049517223505973e+03
6.043868865421154624e+03
6.034583391202829262e+03
6.025284140921257858e+03
6.015753473066957667e+03
6.006131017261099259e+03
5.996395853449466813e+03
5.986633379155859075e+03
5.976854517000625492e+03
5.967023485615236496e+03
5.957175818315285142e+03
5.947416100424554315e+03
5.937562437029037028e+03
5.927686652612022044e+03
5.917729380886248691e+03
5.907765718333832410e+03
5.897756288686465268e+03
5.887723150124400490e+03
5.877562197492127780e+03
5.867400539615387970e+03
5.857295131916023820e+03
5.847138909237683038e+03
5.837014198705504896e+03
5.826823666233432050e+03
5.816526675979568608e+03
5.806204883145515851e+03
5.795982931610877131e+03
5.785753996387362349e+03
5.775529005738811975e+03
5.765188656386433649e+03
5.754932346219340616e+03
5.744715570949958419e+03
5.734565358045882931e+03
5.724560264246059887e+03
5.714659248853859026e+03
5.704660733657035962e+03
5.694677140986020277e+03
5.684640077807935086e+03
5.674450313124370950e+03
5.664200865133037951e+03
5.653888670808785719e+03
5.643520191775613057e+03
5.633119623737065922e+03
5.622583512454848460e+03
5.612049010802586963e+03
5.601547679721554232e+03
5.591112019158086696e+03
5.580618313462757214e+03
5.570154420636799841e+03
5.559781023412473587e+03
5.549615482026019890e+03
5.539511785305534431e+03
5.529426674826379895e+03
5.519451715159832020e+03
5.509538171038594555e+03
5.499659651915284485e+03
5.489765690182288381e+03
5.479934873347643588e+03
5.470044691841772874e+03
5.460256343003292386e+03
5.450548297015718163e+03
5.440815330775824805e+03
5.431136567373856451e+03
5.421455883508495390e+03
5.411701896905384274e+03
5.401967947710342742e+03
5.392233274034658280e+03
5.382537896234221989e+03
5.372823330453616109e+03
5.363138241374587778e+03
5.353448553205254939e+03
5.343756767613595002e+03
5.334034879874343460e+03
5.324191236478767678e+03
5.314357454201577639e+03
5.304532602197786218e+03
5.294787753112606879e+03
5.284981823055439236e+03
5.275167601707154063e+03
5.265300678982195677e+03
5.255359092816150223e+03
5.245359475440697679e+03
5.235430811299309426e+03
5.225542748175364068e+03
5.215618148651903539e+03
5.205813239223624805e+03
5.196176080306543554e+03
5.186452084538157578e+03
5.176735969575037416e+03
5.167099660444846450e+03
5.157345771094250267e+03
5.147440775263998148e+03
5.137451266689681688e+03
5.127403817525511840e+03
5.117342350925018764e+03
5.107253347455191943e+03
5.096984876427755808e+03
5.086571934073474040e+03
5.076097404603243376e+03
5.065555184170341818e+03
5.054881102704692239e+03
5.044087755995469706e+03
5.033149464801664180e+03
5.022031914779265207e+03
5.010835051219345587e+03
4.999474247552212546e+03
4.988021304521971615e+03
4.976560916427139091e+03
4.965011856726525366e+03
4.953429824443901452e+03
4.941852459696543519e+03
4.930163315153001349e+03
4.918455343166977400e+03
4.906720223063450248e+03
4.894911366800033647e+03
4.883002687868756766e+03
4.871112947873230041e+03
4.859249238193773635e+03
4.847301972322797155e+03
4.835257654332361199e+03
4.823148526530383606e+03
4.810988037352772153e+03
4.798887626830803129e+03
4.786831666031532222e+03
4.774922007294453579e+03
4.763206115428425619e+03
4.751444000129780761e+03
4.739440576795245761e+03
4.727386129227992569e+03
4.715212650256977213e+03
4.702851514686212795e+03
4.690333706176762462e+03
4.677710022576469783e+03
4.665064706121772360e+03
4.652352083814495018e+03
4.639472174898060985e+03
4.626469436706360284e+03
4.613348046071742829e+03
4.600136536078465724e+03
4.586903031711024596e+03
4.573536287702007030e+03
4.560201976960504908e+03
4.546703502033582481e+03
4.533075875853339312e+03
4.519191191860390063e+03
4.505166971137718065e+03
4.491017275245607379e+03
4.476824207077847859e+03
4.462518781188475259e+03
4.448178061332827383e+03
4.433840172045909640e+03
4.419560352110247550e+03
4.405180398000229616e+03
4.390748058168432181e+03
4.376225055509616141e+03
4.361706929809084613e+03
4.347061618953917787e+03
4.332329061040385568e+03
4.317518542472059380e+03
4.302814040028139061e+03
4.288061974532152817e+03
4.273224304031672546e+03
4.258297730820440847e+03
4.243321904162136889e+03
4.228238073251559399e+03
4.212992940923915739e+03
4.197674486769295982e+03
4.182267755399387170e+03
4.166717562083473240e+03
4.151096487640714258e+03
4.135523416249836373e+03
4.119900769883171051e+03
4.104240545465326250e+03
4.088519626942560535e+03
4.072785565925368246e+03
4.057019036252766455e+03
4.041247147049832165e+03
4.025408582588661830e+03
4.009466026136932214e+03
3.993512846298739532e+03
3.977550150587655480e+03
3.961464930272575657e+03
3.945317505996473756e+03
3.929046873446673999e+03
3.912705921160061735e+03
3.896325574078696263e+03
3.879930652849819126e+03
3.863532593477054434e+03
3.847038924125857193e+03
3.830482877639125036e+03
3.813857647568492212e+03
3.797071343986101965e+03
3.780257512669400057e+03
3.763253059924254558e+03
3.746188639349351888e+03
3.729051825760043357e+03
3.711854629628889597e+03
3.694580176391791156e+03
3.677257096154457940e+03
3.660079799099033153e+03
3.642784878409046541e+03
3.625398906239825465e+03
3.608011920838467631e+03
3.590639703391571402e+03
3.573169524228590490e+03
3.555681274459402630e+03
3.538153904506524214e+03
3.520562291139180616e+03
3.502876094525969620e+03
3.485284186586010037e+03
3.467626104113050133e+03
3.450072206743597235e+03
3.432578009004966134e+03
3.415040747683300651e+03
3.397403441403488614e+03
3.379580146346698257e+03
3.361821146659024180e+03
3.344195651832977092e+03
3.326522620892433224e+03
3.308907156621544345e+03
3.291296084364886156e+03
3.273545454423677256e+03
3.255698059612196630e+03
3.237702703167785330e+03
3.219634510422484709e+03
3.201588486024228587e+03
3.183495105185592365e+03
3.165312746457416779e+03
3.147020498047193996e+03
3.128866157477412344e+03
3.110783074088643843e+03
3.092848512692485201e+03
3.075055254290743505e+03
3.057382965390993377e+03
3.039760442367585711e+03
3.022206686100461866e+03
3.004619246161989395e+03
2.987001858946061930e+03
2.969335808318964155e+03
2.951688850660656499e+03
2.934024591597073595e+03
2.916288605743455264e+03
2.898622591282726717e+03
2.880925138778537985e+03
2.863229644728611675e+03
2.845434926135670139e+03
2.827588799522226054e+03
2.809675885252377157e+03
2.791746378447765437e+03
2.773833835351313610e+03
2.755856215237263768e+03
2.737990862013619790e+03
2.720320446476136112e+03
2.702611047192938713e+03
2.684768621064614308e+03
2.667031850839111030e+03
2.649380135867326317e+03
2.631730300282892131e+03
2.614099113559187572e+03
2.596420343444047830e+03
2.578643040408838715e+03
2.560898458863804535e+03
2.543249116594406587e+03
2.525586905343825492e+03
2.507990783495466985e+03
2.490285676326605426e+03
2.472577043485507602e+03
2.454822201153579954e+03
2.437074659811023594e+03
2.419343976670509619e+03
2.401602225678350806e+03
2.383855494350020763e+03
2.366157315446160283e+03
2.348507354292135460e+03
2.330818198242506242e+03
2.313086025823745331e+03
2.295206012119214392e+03
2.277238564430364022e+03
2.259226577332984107e+03
2.241241575129738521e+03
2.223403023475608279e+03
2.205595603812168065e+03
2.187713286446848088e+03
2.169822426396748597e+03
2.151975157836343897e+03
2.134023312442094721e+03
2.116088361244986572e+03
2.098171336450383933e+03
2.080316721592514114e+03
2.062448038646953137e+03
2.044453798345752148e+03
2.026404436189219723e+03
2.008421277104354431e+03
1.990450667883523693e+03
1.972479306380189428e+03
1.954450684297800990e+03
1.936333169446010743e+03
1.918124412036558169e+03
1.899933162366174201e+03
1.881801230120448736e+03
1.863720428792350503e+03
1.845587444556192622e+03
1.827481926588909573e+03
1.809401427952017229e+03
1.791291829790739257e+03
1.773084323358856864e+03
1.754901387216190187e+03
1.736775508504714253e+03
1.718635398451132232e+03
1.700509053654434183e+03
1.682407542813412874e+03
1.664343833498382764e+03
1.646311231368019435e+03
1.628208698760508696e+03
1.610110159812431675e+03
1.591941063553211507e+03
1.573806166529898292e+03
1.555655787233084311e+03
1.537566742919081207e+03
1.519437492926007280e+03
1.501343003855484994e+03
1.483307212622898987e+03
1.465216516579024756e+03
1.447052178461497306e+03
1.428871871422820732e+03
1.410826058305054630e+03
1.392951376131024745e+03
1.375175259535735222e+03
1.357463654926200206e+03
1.339840460283197444e+03
1.322189732940178374e+03
1.304536598928679950e+03
1.286899720708687710e+03
1.269146934890354714e+03
1.251434778565179613e+03
1.233909504254472267e+03
1.216337524042865425e+03
1.198745528032234006e+03
1.181066254788342576e+03
1.163216456165021782e+03
1.145228940314136707e+03
1.127121172838498069e+03
1.109101526815186162e+03
1.090945044328101858e+03
1.072769086589114295e+03
1.054675321757865277e+03
1.036543555469519561e+03
1.018392040649080968e+03
1.000322712800786803e+03
9.823540371949579821e+02
9.645019745352877862e+02
9.466348020455611731e+02
9.287880341606537513e+02
9.109085484060758517e+02
8.931478339683505965e+02
8.753152784080541551e+02
8.575499080794460269e+02
8.396765019082873778e+02
8.219712927891359868e+02
8.043695230573541721e+02
7.867948056427991332e+02
7.691373119753712899e+02
7.515250046341890311e+02
7.338221342447637880e+02
7.160245620752556306e+02
6.982017344302244055e+02
6.803496937921955805e+02
6.625846305291962608e+02
6.447207579431344584e+02
6.267437250272604388e+02
6.088011743573772492e+02
5.908476703720634760e+02
5.729589791672076444e+02
5.550695018836260033e+02
5.371204029415605419e+02
5.192295558059290670e+02
5.014036572665067411e+02
4.835798590935889365e+02
4.657980023904954123e+02
4.480443085804606085e+02
4.303142766535413557e+02
4.126222832868535306e+02
3.948671973745556443e+02
3.770334729776932363e+02
3.593000414961247770e+02
3.415222784533616505e+02
3.237869765804985036e+02
3.060309070744394830e+02
2.882851037424387641e+02
2.705092465211995432e+02
2.527989401064007779e+02
2.351524817727998311e+02
2.175520209503266642e+02
2.000017005133852876e+02
1.824777150422403906e+02
1.648896453251455796e+02
1.473873683176293525e+02
1.299882537809370433e+02
1.126065507746202456e+02
9.523679683345477542e+01
7.793757341242587700e+01
6.059627360651836625e+01
4.319212974443195208e+01
2.577833481265594173e+01
8.357101132693173895e+00
-9.109558750895359935e+00
-2.650441127300410926e+01
-4.380095147557653945e+01
-6.109828234656646373e+01
-7.836303542320860060e+01
-9.561165958027640954e+01
-1.128055708915991886e+02
-1.299543378813110053e+02
-1.470588720918906347e+02
-1.641221147253354502e+02
-1.810331658399479693e+02
-1.978062072831513660e+02
-2.145166575405428375e+02
-2.311682159296187820e+02
-2.477957725218190603e+02
-2.643998601978758529e+02
-2.809694408988476084e+02
-2.974644084744749080e+02
-3.140018992130207494e+02
-3.305621085455404682e+02
-3.470559529899135214e+02
-3.635423028978015054e+02
-3.800078119272444610e+02
-3.965335026274868824e+02
-4.129797293444486854e+02
-4.293399633556407480e+02
-4.455903397810196225e+02
-4.618221202990741858e+02
-4.780237244211565439e+02
-4.942162693181703617e+02
-5.103034436030422967e+02
-5.263689442784743733e+02
-5.424953042627994364e+02
-5.585385709340492895e+02
-5.744921482406492714e+02
-5.904239962574386027e+02
-6.062472754235101320e+02
-6.219485898499769974e+02
-6.376338704109368791e+02
-6.532507117799989373e+02
-6.688744585619972440e+02
-6.843758562054432559e+02
-6.996749587458987207e+02
-7.149492324267165486e+02
-7.302323702367053784e+02
-7.455203375676223914e+02
-7.608188549972380770e+02
-7.761161367708109537e+02
-7.913475802874434066e+02
-8.064642586134240219e+02
-8.215250614476963165e+02
-8.365715378865727416e+02
-8.515961653074476772e+02
-8.665271157649397082e+02
-8.813711924847898445e+02
-8.961592073838173746e+02
-9.109333511334900777e+02
-9.256187729094776842e+02
-9.402196686038439566e+02
-9.547103265133448531e+02
-9.691321829859649597e+02
-9.834481923981306863e+02
-9.976568352612715671e+02
-1.011778252852319724e+03
-1.025935217196981284e+03
-1.040128085628035024e+03
-1.054205086754134300e+03
-1.068184784173120079e+03
-1.082152073308193394e+03
-1.096031158960363882e+03
-1.109930404115890269e+03
-1.123890299893593465e+03
-1.137732486268931325e+03
-1.151433383350115264e+03
-1.165115731248245766e+03
-1.178744713558803824e+03
-1.192286768928452602e+03
-1.205795062205620297e+03
-1.219322227152530331e+03
-1.232850380655185063e+03
-1.246358914124718012e+03
-1.259873115085487825e+03
-1.273367316889658014e+03
-1.286827476843310706e+03
-1.300192175102826468e+03
-1.313507351104307872e+03
-1.326843175482620609e+03
-1.340132306920595056e+03
-1.353443639100327346e+03
-1.366718285588367962e+03
-1.379943308775528294e+03
-1.393127128450704276e+03
-1.406257400401188306e+03
-1.419303366864396367e+03
-1.432297099152324563e+03
-1.445324485366258614e+03
-1.458375012115993968e+03
-1.471391962318651849e+03
-1.484382486762106055e+03
-1.497220547129390980e+03
-1.509892379457939342e+03
-1.522464347170510109e+03
-1.534979554702313180e+03
-1.547422610686511234e+03
-1.559879780597330864e+03
-1.572350169860674214e+03
-1.584812830550820308e+03
-1.597250987988555153e+03
-1.609595183994780200e+03
-1.621831863377011359e+03
-1.634036238486119601e+03
-1.646084469214989213e+03
-1.658088733657561306e+03
-1.670110794242880729e+03
-1.682151054575774424e+03
-1.694199370123202470e+03
-1.706204679225881137e+03
-1.718182491501387176e+03
-1.730076794535130375e+03
-1.741895890523793696e+03
-1.753613273197962599e+03
-1.765246571693109672e+03
-1.776827165345967842e+03
-1.788313035935059133e+03
-1.799751486958419719e+03
-1.811069461347189190e+03
-1.822239022903569548e+03
-1.833287534473426831e+03
-1.844241746751019718e+03
-1.855184630004384871e+03
-1.866066026946270767e+03
-1.876837784379348705e+03
-1.887590027393404625e+03
-1.898325121294062683e+03
-1.909048083760195141e+03
-1.919733764650060948e+03
-1.930301503983035673e+03
-1.940790295153611623e+03
-1.951168456586273578e+03
-1.961539217947540237e+03
-1.971880156666676839e+03
-1.982171831414657618e+03
-1.992400559377505033e+03
-2.002587531461838807e+03
-2.012694686383596945e+03
-2.022662689813972520e+03
-2.032578250446445054e+03
-2.042368523018852784e+03
-2.051969854157690406e+03
-2.061484833181639260e+03
-2.070987674849605810e+03
-2.080471424803897207e+03
-2.089863149358388910e+03
-2.099146407869739051e+03
-2.108325994477567747e+03
-2.117420617635189956e+03
-2.126412883969211634e+03
-2.135263203485687427e+03
-2.144023730016775062e+03
-2.152697413807249632e+03
-2.161248304857480434e+03
-2.169596733728841627e+03
-2.177806408295815345e+03
-2.185993448692899619e+03
-2.194168411286963874e+03
-2.202292446214735264e+03
-2.210330549272465305e+03
-2.218340014805947703e+03
-2.226332670481384412e+03
-2.234242482557673611e+03
-2.242056084436984747e+03
-2.249773977197519343e+03
-2.257389148835133255e+03
-2.264956198112437050e+03
-2.272412447471267114e+03
-2.279696037456667909e+03
-2.286891310333135152e+03
-2.293939530142105923e+03
-2.300889562941499207e+03
-2.307785397135084168e+03
-2.314550837142546243e+03
-2.321144584318222769e+03
-2.327638456815663631e+03
-2.333961326869721233e+03
-2.340097023508049915e+03
-2.346044968710268677e+03
-2.351861984868273794e+03
-2.357540558960352428e+03
-2.363113348876828695e+03
-2.368536499492143776e+03
-2.373810959517053107e+03
-2.378954308377127290e+03
-2.383940206474836486e+03
-2.388694200725258270e+03
-2.393287276830330484e+03
-2.397779179196043515e+03
-2.402052131323516278e+03
-2.406213082986922927e+03
-2.410213186014961593e+03
-2.414106105892324194e+03
-2.417866441758465044e+03
-2.421492717286381776e+03
-2.425010842280438283e+03
-2.428415476332707840e+03
-2.431711624071517235e+03
-2.434904939601619390e+03
-2.437948944279621628e+03
-2.440880375741745411e+03
-2.443683474848046444e+03
-2.446421968494099474e+03
-2.449103064530429947e+03
-2.451703341807723518e+03
-2.454216424045928761e+03
-2.456590323289607113e+03
-2.458892023493345732e+03
-2.461095994868454000e+03
-2.463211633867769251e+03
-2.465175349234940768e+03
-2.467012908915591197e+03
-2.468725532871160794e+03
-2.470275715737558130e+03
-2.471755096750336634e+03
-2.473117608828741140e+03
-2.474367851981633066e+03
-2.475534420906566538e+03
-2.476628094122223956e+03
-2.477623469434916842e+03
-2.478492901130447081e+03
-2.479189627959637619e+03
-2.479800042696362198e+03
-2.480304923438157857e+03
-2.480712724316873391e+03
-2.481031130264871535e+03
-2.481194265963977614e+03
-2.481248215753202203e+03
-2.481149549124438181e+03
-2.480988839933228519e+03
-2.480802147306799270e+03
-2.480578816087342602e+03
-2.480317926823046946e+03
-2.479999596803066197e+03
-2.479565721954170840e+03
-2.479041158034911405e+03
-2.478431383776839994e+03
-2.477771467577348631e+03
-2.477021759185267001e+03
-2.476174211616807497e+03
-2.475271650278039942e+03
-2.474275230725443180e+03
-2.473238402792508623e+03
-2.472151056081869683e+03
-2.471029319527414827e+03
-2.469835961680373202e+03
-2.468590811749893419e+03
-2.467300884490974113e+03
-2.465971054142314642e+03
-2.464622254633084594e+03
-2.463215688062970912e+03
-2.461768962778817240e+03
-2.460304939570969509e+03
-2.458823886537735689e+03
-2.457301706369979911e+03
-2.455715198934848104e+03
-2.454105937554590128e+03
-2.452452195061581278e+03
-2.450747178963235001e+03
-2.448985655421617139e+03
-2.447157262540408283e+03
-2.445278521346921480e+03
-2.443369676366520252e+03
-2.441439933035840113e+03
-2.439467017991503781e+03
-2.437447068592546657e+03
-2.435406514033963504e+03
-2.433327173616677555e+03
-2.431193615053792655e+03
-2.429038725292039544e+03
