8.444604484024881458e+03
8.496896862267158212e+03
8.549209353518035641e+03
8.602570379299915658e+03
8.656314593754097586e+03
8.709900800196272030e+03
8.763331507408060133e+03
8.816540396847765805e+03
8.869906757273944095e+03
8.923384945216032065e+03
8.976660634406471218e+03
9.030228785043014796e+03
9.083838011262025248e+03
9.137198786775876215e+03
9.190536963190757888e+03
9.243549336652087732e+03
9.296503532106411512e+03
9.350707823065891716e+03
9.404602495809856919e+03
9.458306398972825264e+03
9.512065586338145295e+03
9.565609636352639427e+03
9.619547076916063816e+03
9.673960220154840499e+03
9.728115048336287146e+03
9.782150457480500336e+03
9.835892737022124493e+03
9.889915730745400651e+03
9.943627771451952867e+03
9.997294778385687096e+03
1.005112626609736981e+04
1.010464960958755182e+04
1.015795757462905567e+04
1.021179294241798198e+04
1.026669596224957786e+04
1.032201532923367267e+04
1.037757323734150850e+04
1.043340111591861023e+04
1.048915872502067577e+04
1.054471354843852532e+04
1.059998910022040218e+04
1.065563158213916540e+04
1.071173478453625830e+04
1.076744390319283775e+04
1.082295430091388334e+04
1.087798400199589378e+04
1.093245936344000802e+04
1.098639694526677340e+04
1.104039253794701290e+04
1.109441236182545617e+04
1.114887096640152959e+04
1.120493558768414368e+04
1.126127486753805715e+04
1.131745276436044514e+04
1.137309559619456559e+04
1.142802589057778277e+04
1.148232330543976423e+04
1.153601193932938259e+04
1.158919552433943136e+04
1.164209699262642243e+04
1.169500395215839126e+04
1.174709477929874629e+04
1.179842262898276385e+04
1.184925815964558933e+04
1.189945255044713667e+04
1.194881937402013136e+04
1.199796728916159191e+04
1.204785671743981220e+04
1.209699227337221237e+04
1.214555842784371271e+04
1.219437698186307534e+04
1.224297352542105364e+04
1.229110584723871580e+04
1.233904458489605531e+04
1.238684169248420403e+04
1.243400459028375735e+04
1.248045954800208347e+04
1.252615284218420857e+04
1.257077875175384543e+04
1.261511079044949292e+04
1.266010900055356251e+04
1.270443788496471279e+04
1.274791837534415026e+04
1.279021031875808148e+04
1.283174205483063633e+04
1.287250009752692858e+04
1.291215149873203154e+04
1.295057152194855371e+04
1.298802417789928040e+04
1.302469816260011066e+04
1.306054047187806100e+04
1.309578976807654180e+04
1.313083940319463727e+04
1.316560187843453241e+04
1.320060521103594692e+04
1.323552240441894901e+04
1.327073385688247799e+04
1.330522748267798306e+04
1.333850567116176171e+04
1.337200725428229816e+04
1.340509769616219637e+04
1.343708705514764006e+04
1.346832058735866485e+04
1.349887281373178848e+04
1.352921094510012699e+04
1.355935513073470429e+04
1.358853382333304035e+04
1.361673914614298155e+04
1.364449025118521058e+04
1.367162481355193449e+04
1.369900066334189614e+04
1.372557396131254791e+04
1.375170902198559634e+04
1.377858363155162806e+04
1.380421991012772924e+04
1.382995627158741263e+04
1.385533005939674695e+04
1.387978223961505500e+04
1.390377738154825056e+04
1.392693825076556459e+04
1.394995104102878940e+04
1.397320566545140537e+04
1.399624708074644514e+04
1.401950035471153387e+04
1.404225421914943581e+04
1.406581264396003644e+04
1.408900448593056353e+04
1.411169228225022925e+04
1.413437989804018798e+04
1.415646784567888244e+04
1.417884281797832591e+04
1.420336440789780681e+04
1.422899600788794487e+04
1.425574849285838354e+04
1.428305640553114790e+04
1.431028274769438940e+04
1.433698593611253818e+04
1.436453523736072384e+04
1.439247983745758756e+04
1.441931016396315135e+04
1.444695377140696655e+04
1.447587986039782845e+04
1.450509943756075518e+04
1.453447696847921543e+04
1.456563235153591631e+04
1.459845887490520727e+04
1.463185801543717389e+04
1.466516897837319630e+04
1.469788130840193844e+04
1.473104963122602567e+04
1.476398653114685112e+04
1.479623431901283402e+04
1.482772893663645118e+04
1.485951944592863219e+04
1.489050221428470104e+04
1.492307628608608866e+04
1.495611454989558479e+04
1.498905185930508742e+04
1.502208884325790859e+04
1.505666451273132589e+04
1.509079515892479321e+04
1.512459186398014208e+04
1.515874534497224522e+04
1.519421825228475427e+04
1.522998377754330068e+04
1.526610328461051904e+04
1.530501856199209396e+04
1.534459544695484874e+04
1.538419244651447843e+04
1.542435634939676493e+04
1.546376254401730148e+04
1.550330581740658454e+04
1.554454602483514100e+04
1.558893644914172182e+04
1.563617560014176343e+04
1.568431674256874976e+04
1.573312003386063589e+04
1.578452652727432542e+04
1.583706258402953245e+04
1.589037337215060870e+04
1.594361396478028473e+04
1.599747117243306275e+04
1.605046620150479976e+04
1.610296287747349561e+04
1.615671439750301033e+04
1.621062441343947467e+04
1.626479112288268698e+04
1.631788591232528415e+04
1.637140079201090157e+04
1.642529262624172407e+04
1.647911884486038980e+04
1.653249888335440482e+04
1.658670562706079363e+04
1.664226341251057602e+04
1.669981313006852724e+04
1.675764606518981600e+04
1.681456857781650251e+04
1.687295774025859282e+04
1.693286631176852825e+04
1.699282097248733044e+04
1.705276778750710218e+04
1.711352264873858803e+04
1.717691161568991811e+04
1.724003510627683863e+04
1.730481941440505398e+04
1.737171178477448120e+04
1.743791164769152238e+04
1.750240493773859271e+04
1.756620010033806466e+04
1.763028754705309257e+04
1.769338571206353663e+04
1.775409998826086667e+04
1.781377013646890555e+04
1.787465842455609163e+04
1.793588819898361180e+04
1.799438094103205367e+04
1.804969855555933464e+04
1.810360761930588342e+04
1.815490673933690414e+04
1.820336914354738110e+04
1.824916570813327417e+04
1.829160205522979959e+04
1.833221730155805562e+04
1.837141645168937248e+04
1.840975087896218611e+04
1.844739451488219493e+04
1.848358082122161431e+04
1.851890890424510872e+04
1.855223229663523671e+04
1.858166191298295234e+04
1.860815380188922063e+04
1.863273597848990903e+04
1.865780875131319772e+04
1.868390522139837412e+04
1.870777700226858724e+04
1.872836707388734067e+04
1.874592855712078017e+04
1.876136307673645570e+04
1.877292324423287209e+04
1.878025193164664961e+04
1.878362273258330606e+04
1.878306906007954240e+04
1.877892630525106870e+04
1.877080273140469217e+04
1.875944789843400213e+04
1.874468223942367695e+04
1.872713447021520187e+04
1.870621219666571415e+04
1.868164701467921986e+04
1.865350914985412601e+04
1.862214551950290479e+04
1.858817879270081903e+04
1.855082948715731254e+04
1.851015256092247364e+04
1.846619859072311738e+04
1.841996288131413894e+04
1.837084662916964589e+04
1.832060443249229866e+04
1.826792291452086647e+04
1.821275288320865002e+04
1.815537280670272958e+04
1.809757471708723824e+04
1.803883395059180475e+04
1.798106813093684104e+04
1.792197665981644241e+04
1.786176575166898692e+04
1.780134111494012541e+04
1.773967744485228468e+04
1.767750389298767914e+04
1.761399626335442372e+04
1.754802291006670202e+04
1.747987954110958890e+04
1.741022746368799562e+04
1.734031790451557754e+04
1.726952231090554051e+04
1.719687032367420761e+04
1.712300635320578294e+04
1.704685914104162293e+04
1.697101734299655072e+04
1.689531504414381197e+04
1.682432310052053799e+04
1.675639354099038610e+04
1.668793093836827029e+04
1.661944359545809857e+04
1.655072487460364573e+04
1.648697421989073700e+04
1.642968896974324889e+04
1.637476923561507283e+04
1.632145745985030771e+04
1.627136492512568839e+04
1.622058818790467558e+04
1.616932072032039650e+04
1.611886335014447468e+04
1.606997988960938710e+04
1.602244436968636364e+04
1.597696247416838014e+04
1.593119406046486984e+04
1.588634308565431456e+04
1.584469842571513072e+04
1.580438594199070394e+04
1.576435882174698054e+04
1.572403629351615564e+04
1.568336632357141025e+04
1.564424157793522136e+04
1.560623481438999079e+04
1.557213880217276528e+04
1.553872331619641409e+04
1.550603908243681872e+04
1.547488837443193188e+04
1.544558352509998804e+04
1.542001572357440818e+04
1.539738458821855420e+04
1.537438593984213730e+04
1.535273667918561114e+04
1.533283793148762561e+04
1.531434670018156430e+04
1.529704168630900313e+04
1.528276370151542869e+04
1.526829919937854356e+04
1.525438573749851639e+04
1.524062926776360655e+04
1.523066966572176898e+04
1.522577032132476961e+04
1.522380169254150314e+04
1.522147057035650141e+04
1.521906645492014468e+04
1.521687267316653015e+04
1.521504030660263379e+04
1.521395783837434647e+04
1.521386396445888386e+04
1.521372542878925378e+04
1.521316664750888231e+04
1.521444275752968315e+04
1.521654872684693692e+04
1.521742956307948771e+04
1.521729527986377980e+04
1.521830027697648256e+04
1.521957640342910599e+04
1.522055702720731642e+04
1.522113430348770271e+04
1.522203298942293259e+04
1.522385830187752254e+04
1.522510256139731428e+04
1.522746854888534654e+04
1.523121607317782764e+04
1.523404430967186090e+04
1.523723279324078248e+04
1.523975113553450501e+04
1.524107804947980185e+04
1.524236493385078938e+04
1.524340362097740581e+04
1.524327752935664103e+04
1.524223228114810991e+04
1.524182049002632084e+04
1.524172608613804186e+04
1.524041167438900811e+04
1.523732792106861052e+04
1.523254851471995426e+04
1.522683608923430438e+04
1.522186442660556895e+04
1.521861464365549364e+04
1.521428923371477140e+04
1.520860992691622414e+04
1.520254060696278611e+04
1.519610887840801661e+04
1.519034047976999864e+04
1.518522424563997629e+04
1.517851730483333631e+04
1.517102029237293755e+04
1.516385206133274187e+04
1.515493415168699721e+04
1.514514321984828530e+04
1.513404050835861744e+04
1.512137657276695791e+04
1.510761079941064781e+04
1.509247276175753541e+04
1.507524649068831422e+04
1.505608207728962952e+04
1.503650746450683255e+04
1.501678117257417398e+04
1.499690480008820668e+04
1.497531721866459702e+04
1.495275156561466792e+04
1.493109116970918694e+04
1.490858696906762452e+04
1.488515950498287748e+04
1.486307023077937993e+04
1.483966478503894177e+04
1.481415710343850151e+04
1.478852072550527737e+04
1.476291862113064417e+04
1.473575173622777584e+04
1.470750409345495791e+04
1.467751594864244726e+04
1.464738423935280662e+04
1.461647143465935369e+04
1.458497878404007497e+04
1.455291300991666503e+04
1.452033733982815829e+04
1.448638656916095715e+04
1.445116006979607846e+04
1.441496403332626141e+04
1.437726756281840608e+04
1.433825085655146540e+04
1.429864379301519875e+04
1.425765620667818621e+04
1.421540571987865223e+04
1.417267476826438360e+04
1.412864534821978305e+04
1.408340735928480899e+04
1.403711391034683220e+04
1.399011099332142112e+04
1.394334000580856446e+04
1.389542859945357122e+04
1.384694727336597134e+04
1.379743172296556804e+04
1.374697650401866122e+04
1.369550957662022483e+04
1.364277815344718692e+04
1.358931603619392263e+04
1.353504233558687520e+04
1.348139098589505193e+04
1.342795489805807665e+04
1.337328168141538481e+04
1.331777378044096986e+04
1.326402746876498350e+04
1.321092833500842244e+04
1.315710591168648170e+04
1.310220665380110586e+04
1.304629709382825968e+04
1.298952598965387006e+04
1.293189597808495091e+04
1.287321549496830266e+04
1.281360878923792188e+04
1.275362542366436355e+04
1.269464477864825312e+04
1.263530387144735505e+04
1.257533493701928819e+04
1.251519035397045991e+04
1.245455433164607166e+04
1.239391719934914181e+04
1.233341743149295871e+04
1.227273913702032223e+04
1.221191041922272416e+04
1.215035519015687169e+04
1.208890867796580642e+04
1.202687181953281470e+04
1.196418320288136420e+04
1.190105997193789153e+04
1.183770659602869273e+04
1.177391718898680665e+04
1.170948057339241859e+04
1.164474648121436803e+04
1.158003961288850405e+04
1.151528101803956270e+04
1.145022933613852729e+04
1.138462863852697410e+04
1.131856393823621147e+04
1.125218085297223479e+04
1.118608295386615646e+04
1.112139529992390453e+04
1.105632190135269411e+04
1.099066024763648420e+04
1.092470168047285370e+04
1.085905952066527607e+04
1.079348125378938676e+04
1.072853274004055129e+04
1.066450859603495701e+04
1.060287377758928960e+04
1.054136868400176536e+04
1.047971237885216033e+04
1.041817375591231394e+04
1.035678283151363939e+04
1.029584983296455903e+04
1.023493777134821357e+04
1.017377913355887540e+04
1.011308526461406836e+04
1.005303841595980339e+04
9.992748031694547535e+03
9.932242417802837736e+03
9.871954852023267449e+03
9.812333873005089117e+03
9.753719729019623628e+03
9.696098928068680834e+03
9.638769220019630666e+03
9.581758670427432662e+03
9.524726461727694186e+03
9.467692426447452817e+03
9.410688393675120096e+03
9.353847556238752077e+03
9.297041559028190022e+03
9.240295931030736028e+03
9.183612781921659916e+03
9.127027085031113529e+03
9.070926399037505689e+03
9.015231214556430132e+03
8.959770942767156157e+03
8.904387692986812908e+03
8.849064723991696155e+03
8.794534446678038876e+03
8.741054552171397518e+03
8.687757658185180844e+03
8.635002725205053139e+03
8.582901878680153459e+03
8.532235295968263017e+03
8.482322654033519939e+03
8.432400408839563170e+03
8.382446876469322888e+03
8.332895976614187020e+03
8.283928226862683005e+03
8.235497802724947178e+03
8.187273566130939798e+03
8.138942210524129223e+03
8.091099021657584672e+03
8.043436009510747681e+03
7.995634397648351296e+03
7.947946755533756004e+03
7.900652935493664700e+03
7.853453731911702562e+03
7.806400197895740348e+03
7.759297329642929981e+03
7.712117542036096893e+03
7.664923047067979496e+03
7.618246652739020647e+03
7.571992313827278849e+03
7.526543559782479861e+03
7.481323197255089326e+03
7.436017416009377484e+03
7.390620597684158383e+03
7.345182040002802751e+03
7.299702563784969243e+03
7.254158383616306310e+03
7.209459586059801040e+03
7.164992648202511191e+03
7.120512093907683266e+03
7.075980691865688641e+03
7.031424506646016198e+03
6.986827464577906539e+03
6.942348985046874077e+03
6.897849465536633943e+03
6.853348663208995276e+03
6.808901847783337871e+03
6.764511148532399602e+03
6.720171678325896210e+03
6.676366389879415692e+03
6.632802584904240575e+03
6.589353833688207487e+03
6.545916558774016266e+03
6.502512710037202851e+03
6.459224201571092635e+03
6.416063713911828927e+03
6.372939485367074667e+03
6.329839282295002704e+03
6.286801069976438157e+03
6.243885868643191316e+03
6.201082430353191739e+03
6.158308566097348375e+03
6.115688753862422345e+03
6.073278378575063471e+03
6.030914889100984510e+03
5.988582419176082112e+03
5.946387700575174676e+03
5.904558566314499330e+03
5.863417811471562345e+03
5.822489232822378654e+03
5.781593725977270879e+03
5.740776601150938404e+03
5.700033112223796707e+03
5.659334585113183493e+03
5.619099266963884475e+03
5.579245879411883834e+03
5.539563731063625710e+03
5.500309649471279045e+03
5.461389264389447817e+03
5.422668178859410546e+03
5.384060208883454834e+03
5.346036713396199048e+03
5.308949211328274941e+03
5.271984759514114558e+03
5.235252509213775738e+03
5.198665278031716298e+03
5.162228884718255358e+03
5.125936473863370338e+03
5.089791939588305468e+03
5.053824083538993364e+03
5.018066045343382939e+03
4.982494251972535494e+03
4.947090772013227252e+03
4.911863900498310613e+03
4.876821097208556239e+03
4.841998332803115773e+03
4.807475560487790062e+03
4.773162688954418627e+03
4.739059725132357926e+03
4.705180425708404982e+03
4.671735565640636196e+03
4.638807699212921762e+03
4.606112887056027830e+03
4.573619806231138682e+03
4.541372443505434603e+03
4.509327838001535383e+03
4.477466762748817018e+03
4.445818266326346020e+03
4.414371156126719143e+03
4.383136052146612201e+03
4.352114186787463041e+03
4.321505208351702095e+03
4.292697640831693207e+03
4.264097533460639170e+03
4.235702062327291060e+03
4.207522671885246382e+03
4.179501269180436793e+03
4.151644765227651988e+03
4.123937607345191282e+03
4.096364691050630427e+03
4.069000323845253661e+03
4.041784868738955083e+03
4.014769242245187797e+03
3.987899745941575929e+03
3.961163297682364828e+03
3.934609549307057478e+03
3.908243925914564898e+03
3.882327033942739945e+03
3.856592452216569654e+03
3.831019906574598281e+03
3.805588655810032378e+03
3.780321323413528262e+03
3.755287086594236825e+03
3.730530422851546973e+03
3.706094434216403897e+03
3.681853698647358215e+03
3.657845204772190300e+03
3.634037277342322795e+03
3.610437194567109145e+03
3.587020246660541034e+03
3.564026079080264935e+03
3.541219653215856852e+03
3.518680989577001128e+03
3.496293910319422139e+03
3.474047859478335795e+03
3.452012198484839701e+03
3.430116826704191226e+03
3.408345006065730558e+03
3.386728530038573808e+03
3.365282339135859729e+03
3.343993670118345108e+03
3.322837596647696046e+03
3.301805368571006511e+03
3.280870719070979703e+03
3.260077107789527872e+03
3.239385864975408822e+03
3.218846278775800783e+03
3.198525077722412789e+03
3.178313236609127216e+03
3.158215832080835753e+03
3.138265110480839667e+03
3.118414941013106272e+03
3.098672834757674536e+03
3.079099401732249589e+03
3.059764740150492798e+03
3.040552667377744001e+03
3.021480921184598628e+03
3.002568505290485973e+03
2.983792067110518019e+03
2.965360799999806659e+03
2.947702259793511075e+03
2.930184951116842512e+03
2.912810667377143545e+03
2.895602048437261601e+03
2.878560208776584659e+03
2.861640435405435710e+03
2.844960970615590213e+03
2.828546985386096821e+03
2.812329584934917420e+03
2.796337235219228205e+03
2.780519841627942697e+03
2.764930547282818225e+03
2.749559599995292956e+03
2.734374241331130179e+03
2.719401902607669399e+03
2.704669150862743663e+03
2.690177283757575424e+03
2.675870118866629127e+03
2.661770589430770087e+03
2.648429495000446423e+03
2.635705735570151774e+03
2.623197746398577692e+03
2.610884143120029876e+03
2.598805488361801963e+03
2.586938076605662900e+03
2.575289067500571036e+03
2.563870101454619089e+03
2.552713945855834481e+03
2.542004028174177620e+03
2.531670809945602286e+03
2.521551032105679951e+03
2.511631231687259060e+03
2.501955295018552533e+03
2.492516794472706806e+03
2.483315660904740980e+03
2.474380313154165378e+03
2.465733875891998650e+03
2.457357757138759553e+03
2.449213463314417368e+03
2.441421655281210860e+03
2.433831508673770259e+03
2.426444884788883883e+03
2.419291033698157662e+03
2.412364205467866668e+03
2.405654775520177282e+03
2.399143471733316346e+03
2.393912990192567122e+03
2.389134070360618807e+03
2.384595442740193448e+03
2.380270723948589875e+03
2.376132262279708812e+03
2.372192243813198274e+03
2.368469952233322147e+03
2.364938712027530528e+03
2.361606246019287028e+03
2.358465600486612857e+03
2.355503931501455554e+03
2.352724792862117738e+03
2.350147200202819022e+03
2.347745268841711550e+03
2.345540125097815235e+03
2.343513188268454542e+03
2.341687918950625317e+03
2.340027146832729613e+03
2.338513555199350776e+03
2.337168613213507342e+03
2.335991561666043708e+03
2.335054134641401106e+03
2.334317251903806209e+03
2.333735347335587903e+03
2.333299626469387476e+03
2.333043659304543326e+03
2.332947001353328233e+03
2.332966164318600022e+03
2.333569828998379307e+03
2.334400614513245728e+03
2.335353348142023151e+03
2.336422351085906485e+03
2.337604329283469269e+03
2.338921745110538723e+03
2.340345506158856551e+03
2.341893113388618076e+03
2.343530613308161264e+03
2.345255055525980424e+03
2.347063676255431346e+03
2.349003108368352059e+03
2.351038252946412285e+03
2.353150654591561761e+03
2.355338506189059899e+03
2.357620235830933780e+03
2.360033660938614048e+03
2.362529475851352800e+03
2.365112981004228459e+03
2.367805571488146597e+03
2.370579682501690513e+03
2.373464501490617295e+03
2.376445479731294654e+03
2.379547065498936263e+03
2.382781950446673363e+03
2.386110410717461491e+03
2.389551161612908345e+03
2.393121487268120291e+03
2.396823632960886243e+03
2.400652872448910784e+03
2.404609728537257979e+03
2.408683193443843265e+03
2.412908158270247895e+03
2.417256654604546384e+03
2.421756572403418431e+03
2.426377798304995849e+03
2.431138077162991067e+03
2.436027283810658446e+03
2.441015630109740414e+03
2.446145723083997837e+03
2.451401741315398795e+03
2.456858231927270026e+03
2.462458754056769067e+03
2.468220341276616182e+03
2.474123219403224084e+03
2.480227763786368087e+03
2.486615710251401651e+03
2.493201935021127611e+03
2.499973157962462210e+03
2.506923602040031710e+03
2.514015218187068967e+03
2.521214028046790190e+03
2.528555132870709713e+03
2.536079303252678073e+03
2.543759050586444573e+03
2.551632874415628066e+03
2.559675981126158149e+03
2.567827861099277470e+03
2.576137501574199632e+03
2.584691616469736346e+03
2.593432849625982271e+03
2.602328903114171680e+03
2.611349179978329630e+03
2.620559933256522527e+03
2.629965019797306013e+03
2.639581174487583667e+03
2.649401332929607634e+03
2.659363298679215404e+03
2.669498243888574962e+03
2.679817252037961225e+03
2.690290376676050982e+03
2.700919662322440672e+03
2.711695817141681800e+03
2.722628399348341190e+03
2.733812074450453565e+03
2.745163826897677609e+03
2.756693046265516386e+03
2.768382378445888207e+03
2.780242347673904078e+03
2.792262811232420972e+03
2.804468845232976491e+03
2.816880827251076880e+03
2.829521757542164778e+03
2.842367173916339198e+03
2.855428713884793524e+03
2.868629339295494447e+03
2.881984044424018066e+03
2.895515212765465094e+03
2.909403630057465762e+03
2.923482864518195584e+03
2.937756946094629257e+03
2.952212306520414131e+03
2.966848475540555228e+03
2.981691290049851887e+03
2.996689835847442737e+03
3.011831632521590564e+03
3.027345123312171381e+03
3.043017183627237046e+03
3.058869476987987582e+03
3.074880553369974223e+03
3.091052902632158748e+03
3.107384880402194540e+03
3.123878165671771967e+03
3.140546162530759830e+03
3.157391889388246454e+03
3.174393900097298683e+03
3.191587359575210030e+03
3.209228589188744081e+03
3.227385701572285598e+03
3.245732657045000906e+03
3.264289767705781742e+03
3.283025943301734969e+03
3.301931028529854757e+03
3.321027704600719517e+03
3.340338946457080056e+03
3.359874163928355301e+03
3.379595266380630619e+03
3.400276616741609359e+03
3.421282031399528478e+03
3.442538596721437898e+03
3.464040808889184518e+03
3.485783009300669619e+03
3.507731878852098362e+03
3.529896352249688789e+03
3.552295841244935218e+03
3.574939127138221920e+03
3.597838296320460813e+03
3.621000338110162375e+03
3.644348999764708879e+03
3.667916958010805502e+03
3.691690870127155449e+03
3.715652673121525822e+03
3.739818331023904648e+03
3.764181138148712307e+03
3.788814919081214612e+03
3.813686631544185730e+03
3.838748150113971860e+03
3.864000519519330737e+03
3.889431844807006200e+03
3.915132614267754434e+03
3.941026566019672828e+03
3.967096606676836018e+03
3.993281297390404688e+03
4.019879430322083408e+03
4.046633062720740782e+03
4.073495475046419415e+03
4.100493400961284351e+03
4.127636246732390646e+03
4.155318451230232313e+03
4.183233542491994740e+03
4.211519524905641447e+03
4.239847789971593556e+03
4.268287658846331396e+03
4.296756295754673374e+03
4.325649370323507355e+03
4.354620926401277757e+03
4.383968528476146275e+03
4.413476132764278191e+03
4.442960021828447680e+03
4.472608209141180851e+03
4.502225403707687292e+03
4.531803822156059141e+03
4.561322652485009712e+03
4.591313664128443634e+03
4.621417906476732242e+03
4.651541280070781795e+03
4.682048593257506582e+03
4.712644088228011242e+03
4.743261516045135068e+03
4.773989717438778825e+03
4.804673070812541482e+03
4.835306948966648633e+03
4.865912737925445981e+03
4.896493642542019188e+03
4.927054150223410034e+03
4.957603308496263708e+03
4.988562224642098954e+03
5.019731792466172919e+03
5.050985272274079762e+03
5.082333681611776228e+03
5.113835886959557683e+03
5.145390389663501082e+03
5.177028920041097081e+03
5.208753955766891522e+03
5.240551462310892020e+03
5.272451967243587205e+03
5.304505257483273454e+03
5.336896416742631118e+03
5.369520632588895751e+03
5.402258909243086237e+03
5.435092259403507342e+03
5.468026371488693258e+03
5.501298985267818352e+03
5.534728312752433339e+03
5.568324703191375193e+03
5.602026024057322502e+03
5.635830879414063020e+03
5.669696910466192094e+03
5.704084059380529652e+03
5.738643546469840658e+03
5.773262594664141943e+03
5.807934582508481981e+03
5.842644235637384554e+03
5.877978924282884691e+03
5.914509316945489445e+03
5.951041624706876974e+03
5.987659219666089484e+03
6.024513823781831888e+03
6.061400649606309344e+03
6.099769395205070396e+03
6.139546612067624665e+03
6.179324190253078996e+03
6.219204423522290199e+03
6.259097456590199727e+03
6.299023321810815105e+03
6.339160669597233209e+03
6.379346235877186700e+03
6.419522301713586785e+03
6.459708407359574267e+03
6.500217367392155211e+03
6.541172370160253195e+03
6.582292040224951961e+03
6.623724672876489421e+03
6.666444366597522276e+03
6.709473569103057343e+03
6.752557498780364767e+03
6.795960008939182444e+03
6.839871096828604095e+03
6.884001363319315715e+03
6.928216960139679941e+03
6.972718027794344380e+03
7.017908357398646331e+03
7.063360812802065993e+03
7.109592077044680991e+03
7.155959844054353198e+03
7.202678997158179300e+03
7.249641483530293954e+03
7.298237520211626361e+03
7.347464590453698293e+03
7.396727849412957767e+03
7.445978942398271101e+03
7.495208976871697814e+03
7.544409375886665657e+03
7.593576612071138698e+03
7.642681555794734777e+03
7.691744546471047215e+03
7.740727919235957415e+03
7.789623998851071519e+03
7.838561912372544612e+03
7.887665559945153291e+03
7.937109029619498870e+03
7.986772613555676799e+03
8.036673320651168069e+03
8.086666260072466685e+03
8.136790570884666522e+03
8.187316456430940889e+03
8.237854256473357964e+03
8.288906319440811785e+03
8.340592484497716214e+03
8.392493161785881966e+03
8.444604484024879639e+03
