2.501826590696317908e+03
2.502076108832166028e+03
2.502329415916026846e+03
2.502553933632851567e+03
2.502750212318760987e+03
2.502926239842445284e+03
2.503088572113882947e+03
2.503220811149139990e+03
2.503341702556396740e+03
2.503433097786063627e+03
2.503501487152052505e+03
2.503541817811130841e+03
2.503558952330742159e+03
2.503558333931764082e+03
2.503539630742433474e+03
2.503517974905447318e+03
2.503464009814899327e+03
2.503376736856012940e+03
2.503256652491776549e+03
2.503116618533695146e+03
2.502973885114555742e+03
2.502834763918305725e+03
2.502697755514492201e+03
2.502530366413204320e+03
2.502342649258212532e+03
2.502125934270467042e+03
2.501948154567438905e+03
2.501758244150404607e+03
2.501550933554212861e+03
2.501323792867595330e+03
2.501079978401825883e+03
2.500841276913050024e+03
2.500581353097629744e+03
2.500301489806050540e+03
2.500008393514729505e+03
2.499682780563606684e+03
2.499339074126403830e+03
2.498991487322883131e+03
2.498672179462938402e+03
2.498328998483056694e+03
2.497992836589381568e+03
2.497657226799488853e+03
2.497319621518546228e+03
2.496971892708964333e+03
2.496602757046678562e+03
2.496225083821791486e+03
2.495841837242130168e+03
2.495470438199387900e+03
2.495107841702139922e+03
2.494734618961500018e+03
2.494382082585512308e+03
2.494027908302986816e+03
2.493649311966996720e+03
2.493253858097744796e+03
2.492832538895386278e+03
2.492395641678788706e+03
2.491939102723189535e+03
2.491513064595441392e+03
2.491084330378117556e+03
2.490654001174519635e+03
2.490208172089619438e+03
2.489774660380176556e+03
2.489366561331926277e+03
2.489019393519652112e+03
2.488688661924706594e+03
2.488342985051605410e+03
2.487987617842558393e+03
2.487628948423435759e+03
2.487294505685029435e+03
2.486964650569229434e+03
2.486663284041718725e+03
2.486390147980025631e+03
2.486107230505506777e+03
2.485883558925065699e+03
2.485651373373715614e+03
2.485404528386105994e+03
2.485151325873397582e+03
2.484871586787754040e+03
2.484610024451478239e+03
2.484344978147595612e+03
2.484050992249299270e+03
2.483729997587347498e+03
2.483392977109834192e+03
2.483101404526430088e+03
2.482822885499577751e+03
2.482519355716154678e+03
2.482207095662148731e+03
2.481913984946792880e+03
2.481615297597586959e+03
2.481337091486935606e+03
2.481043162843637219e+03
2.480765765103919875e+03
2.480487900717084813e+03
2.480201782081753663e+03
2.479877169346066694e+03
2.479542627466712474e+03
2.479189156267245380e+03
2.478909919858871035e+03
2.478667310074536999e+03
2.478393885633124682e+03
2.478096634414832806e+03
2.477800304487491758e+03
2.477474921922586418e+03
2.477175856017225669e+03
2.476955835839526117e+03
2.476743492039345256e+03
2.476527811145453597e+03
2.476273781488775967e+03
2.476008353227337466e+03
2.475702899679894472e+03
2.475447525593986484e+03
2.475173623113211761e+03
2.474865611074183107e+03
2.474547887452753457e+03
2.474243507175198829e+03
2.473923996117219758e+03
2.473555773378481717e+03
2.473148159533162470e+03
2.472763114353960646e+03
2.472392931390052581e+03
2.472072722996013454e+03
2.471766305930596445e+03
2.471452062404705430e+03
2.471169184739541834e+03
2.470843395340044481e+03
2.470501710631597234e+03
2.470157531931487028e+03
2.469811980191399016e+03
2.469505639718932343e+03
2.469205350688146154e+03
2.469017249999577871e+03
2.468871854478848945e+03
2.468733998342915584e+03
2.468650110316867995e+03
2.468563187564239342e+03
2.468478720236164008e+03
2.468394900419928490e+03
2.468302001100695179e+03
2.468230615741550537e+03
2.468129884863193183e+03
2.468005213388581524e+03
2.467819165416263331e+03
2.467581450570498419e+03
2.467328555815868640e+03
2.467082165305909257e+03
2.466818141280296004e+03
2.466529080174998853e+03
2.466183364962229916e+03
2.465808091140216675e+03
2.465483309645193003e+03
2.465239601038764249e+03
2.465030667028306198e+03
2.464828360834281739e+03
2.464624428928943416e+03
2.464430205324118560e+03
2.464291583846923459e+03
2.464193175405061083e+03
2.464127260217215280e+03
2.464037902978668171e+03
2.463911690651316803e+03
2.463816928846133123e+03
2.463717360966196793e+03
2.463627157795092899e+03
2.463554648352494041e+03
2.463480579177328764e+03
2.463428402651446504e+03
2.463394814224667243e+03
2.463299322929022310e+03
2.463155132570592286e+03
2.462988125023194243e+03
2.462859601761141676e+03
2.462798921375923328e+03
2.462695808851914990e+03
2.462585698789628623e+03
2.462418092298175907e+03
2.462229398713513092e+03
2.462117628336981397e+03
2.462025317301969153e+03
2.461956007537828555e+03
2.461870004641950345e+03
2.461761491363065488e+03
2.461658616274879023e+03
2.461547200571392750e+03
2.461431532525602961e+03
2.461419124614076281e+03
2.461399375954630614e+03
2.461430961331462640e+03
2.461419852367992007e+03
2.461395648211799653e+03
2.461414115409407714e+03
2.461466320801475376e+03
2.461486089150203043e+03
2.461451267230438589e+03
2.461423060862406601e+03
2.461413841024460453e+03
2.461371769614757795e+03
2.461343710871969961e+03
2.461333299366548090e+03
2.461407435357514260e+03
2.461453724495701408e+03
2.461459251172852419e+03
2.461428156893133746e+03
2.461360685826706685e+03
2.461227936194472932e+03
2.461056015837096311e+03
2.460828701193257075e+03
2.460571107799809852e+03
2.460276354359952165e+03
2.460029734625613855e+03
2.459757736440227745e+03
2.459438634657192779e+03
2.459151095603179783e+03
2.458936922247501570e+03
2.458650772513426546e+03
2.458266143132650086e+03
2.457818925133848097e+03
2.457371777139004735e+03
2.456941190572073538e+03
2.456468828012815720e+03
2.455964004478186325e+03
2.455399540976256503e+03
2.454774871647909094e+03
2.454135768315595669e+03
2.453496776781138578e+03
2.452810632175147930e+03
2.452224105699832762e+03
2.451624211143813227e+03
2.451028113602172198e+03
2.450433640936690153e+03
2.449781767959225817e+03
2.449126449336564292e+03
2.448422385085759743e+03
2.447666861696339765e+03
2.446856578835957407e+03
2.446001451157996144e+03
2.445219463078189165e+03
2.444372101317762372e+03
2.443413836125432226e+03
2.442413446997642495e+03
2.441375626236067546e+03
2.440274364752443034e+03
2.439106150264550706e+03
2.437856409119402088e+03
2.436550908779373913e+03
2.435222310013508832e+03
2.433801325711666323e+03
2.432394143762996919e+03
2.430994568677391726e+03
2.429605581429685117e+03
2.428188446378193021e+03
2.426802717482323715e+03
2.425404490276655906e+03
2.423972719807027715e+03
2.422567436417512454e+03
2.421087398474503971e+03
2.419490084627327178e+03
2.417794027857228684e+03
2.415994279866917168e+03
2.414142451677371355e+03
2.412256459564206580e+03
2.410353528261252904e+03
2.408499127416406736e+03
2.406616456239892614e+03
2.404726248635086449e+03
2.402764925321704141e+03
2.400821431792780004e+03
2.398866721727948971e+03
2.396845517508641024e+03
2.394838827314164064e+03
2.392850394716541359e+03
2.390839873878715480e+03
2.388803229066483254e+03
2.386722149422831535e+03
2.384585000967805172e+03
2.382429618008953184e+03
2.380281820977352254e+03
2.378087361306212188e+03
2.375911768232636859e+03
2.373773990650166070e+03
2.371699311791007403e+03
2.369590688492001846e+03
2.367409183303387636e+03
2.365243543951409720e+03
2.363004000121904937e+03
2.360733482768150679e+03
2.358455740668213366e+03
2.356114279344447823e+03
2.353747962258732969e+03
2.351311368103428322e+03
2.348858454771034758e+03
2.346329857584958972e+03
2.343724571388294862e+03
2.341085328799633317e+03
2.338524907437560614e+03
2.336081984375646243e+03
2.333712682961714108e+03
2.331328095837377532e+03
2.328953053723265384e+03
2.326548048003024633e+03
2.324113148622047447e+03
2.321693686625843839e+03
2.319251597830283572e+03
2.316861001223914172e+03
2.314486811590939396e+03
2.312069218691435253e+03
2.309599865297907854e+03
2.307072482780568862e+03
2.304542951470331900e+03
2.301966317559697927e+03
2.299382527968067279e+03
2.296787232798305922e+03
2.294247765896037436e+03
2.291715222396874196e+03
2.289216483114685161e+03
2.286708124847408726e+03
2.284176114705010150e+03
2.281624660878442228e+03
2.279091767722415625e+03
2.276509263530897442e+03
2.273948798596264623e+03
2.271380365006629290e+03
2.268832891398284119e+03
2.266265691221527049e+03
2.263705600086444974e+03
2.261178447568611773e+03
2.258676205164899329e+03
2.256109738245258995e+03
2.253587759703056690e+03
2.251103759220580287e+03
2.248681834409664134e+03
2.246207269945416101e+03
2.243715846784292808e+03
2.241171428780651695e+03
2.238678139697721690e+03
2.236272994014226242e+03
2.233844523294928877e+03
2.231446251828837376e+03
2.228980128762517325e+03
2.226543677949078756e+03
2.224175220241957959e+03
2.221744425790941023e+03
2.219313052095146759e+03
2.216856022188945644e+03
2.214353080943728855e+03
2.211803746824046812e+03
2.209185445751496445e+03
2.206504390268907628e+03
2.203786564785843439e+03
2.201010053061464532e+03
2.198218154508927000e+03
2.195393800654879669e+03
2.192582057271110898e+03
2.189683009532787310e+03
2.186801857622715033e+03
2.183935736085213648e+03
2.181118489654546920e+03
2.178351659149389889e+03
2.175558452438156564e+03
2.172678440810027496e+03
2.169744461900902024e+03
2.166740801808306514e+03
2.163705934864859046e+03
2.160718506420002541e+03
2.157809692412234654e+03
2.154841323555013332e+03
2.151801205973391006e+03
2.148889678617236314e+03
2.146022733438348951e+03
2.143184001282249483e+03
2.140378879634081841e+03
2.137491657655921699e+03
2.134551665530702849e+03
2.131618984379917038e+03
2.128772035725819478e+03
2.125947188419080248e+03
2.123169523530005790e+03
2.120458110554630821e+03
2.117738632120149759e+03
2.114989470711112517e+03
2.112159019294903374e+03
2.109234537331837601e+03
2.106308239853236046e+03
2.103443439372334069e+03
2.100628898965948792e+03
2.097690819199588077e+03
2.094657613829040656e+03
2.091549976486175183e+03
2.088399768592616056e+03
2.085194260852572825e+03
2.081999683450111661e+03
2.078780276013496405e+03
2.075515430575423125e+03
2.072198251480633189e+03
2.068799952438012042e+03
2.065391707570874132e+03
2.062027341936397988e+03
2.058668739904128870e+03
2.055288121651636629e+03
2.051903650417152676e+03
2.048456074470736894e+03
2.045031810464875434e+03
2.041593283759018050e+03
2.038070245507195750e+03
2.034615812997867124e+03
2.031160876420527984e+03
2.027626250801952665e+03
2.024033996845668526e+03
2.020440285847198538e+03
2.016779220767581137e+03
2.013102023809849015e+03
2.009444751006298929e+03
2.005697120345996154e+03
2.001905740772516310e+03
1.998099029720102635e+03
1.994287521481777503e+03
1.990408390905656688e+03
1.986578483013376399e+03
1.982722284918424066e+03
1.978800489397769070e+03
1.974904514280459807e+03
1.971077935837683754e+03
1.967234917271829090e+03
1.963359310780545457e+03
1.959493787807417448e+03
1.955583459538839634e+03
1.951631156461337241e+03
1.947644488120448614e+03
1.943623869134944016e+03
1.939571097561364695e+03
1.935485519016509215e+03
1.931309930257707265e+03
1.927166989648834715e+03
1.923047851273541710e+03
1.918893486577086833e+03
1.914635443375782415e+03
1.910368966191540267e+03
1.906062262164836966e+03
1.901753242117450327e+03
1.897459665688529412e+03
1.893319789098102774e+03
1.889102607815414558e+03
1.884812083623904755e+03
1.880538940573651416e+03
1.876345009953373165e+03
1.872218343610454667e+03
1.868104639419075284e+03
1.863905846074103692e+03
1.859674248839460006e+03
1.855391730515800191e+03
1.851043875635850782e+03
1.846630398723882081e+03
1.842202010610531033e+03
1.837738174149743145e+03
1.833269740665891504e+03
1.828842888083347134e+03
1.824381854015917270e+03
1.819911544510714293e+03
1.815381178148932122e+03
1.810781192810700077e+03
1.806138271946276063e+03
1.801552799668445914e+03
1.796897130343888875e+03
1.792200056893040255e+03
1.787464374568844960e+03
1.782769440809365278e+03
1.778063140751091851e+03
1.773335471293556793e+03
1.768563600377844523e+03
1.763758213279493248e+03
1.758962279932822184e+03
1.754137929500766631e+03
1.749325646052677030e+03
1.744463231855886761e+03
1.739564580880895846e+03
1.734599168227177415e+03
1.729663603921616641e+03
1.724834279059391520e+03
1.720029842542683127e+03
1.715224425721539092e+03
1.710405654266545525e+03
1.705549880000879966e+03
1.700656981334328975e+03
1.695772164553406583e+03
1.690849880532586894e+03
1.685837087805332430e+03
1.680793764627632072e+03
1.675784705609804860e+03
1.670785248149579957e+03
1.665747572371923070e+03
1.660737275428651628e+03
1.655714580639633141e+03
1.650660414629009665e+03
1.645527813834162316e+03
1.640355237172220995e+03
1.635208890777194938e+03
1.630124049970537726e+03
1.625051099591898037e+03
1.619950337667139593e+03
1.614849009676349397e+03
1.609762427813101112e+03
1.604647288937461781e+03
1.599559000588931895e+03
1.594495002505703724e+03
1.589389912010200533e+03
1.584284416339168729e+03
1.579182833623917077e+03
1.574055045473395239e+03
1.568895532227248168e+03
1.563642819377425440e+03
1.558374893279083835e+03
1.553067406722209398e+03
1.547733693173706342e+03
1.542349306966871609e+03
1.536962959199542638e+03
1.531577596419450174e+03
1.526189444289439052e+03
1.520733714620587307e+03
1.515242643555146287e+03
1.509725240053484413e+03
1.504171174287502254e+03
1.498550310545740558e+03
1.492956759665172285e+03
1.487340141315764640e+03
1.481776103651938001e+03
1.476233485438409389e+03
1.470651995772092960e+03
1.465070169701891928e+03
1.459431928927562467e+03
1.453771184620412896e+03
1.448132093508825847e+03
1.442497252238201327e+03
1.436801130297212694e+03
1.431144198821709097e+03
1.425434845817900850e+03
1.419680683898779989e+03
1.413851671391231548e+03
1.407997545207815620e+03
1.402185441212997375e+03
1.396274993222044486e+03
1.390325071452157545e+03
1.384372688363177986e+03
1.378450392509463427e+03
1.372503564957578874e+03
1.366518709374718128e+03
1.360493739900094624e+03
1.354505110982965562e+03
1.348578608709905893e+03
1.342657201326343284e+03
1.336780538616641479e+03
1.330854375646280459e+03
1.324874907454954382e+03
1.318799077957943609e+03
1.312631622438180557e+03
1.306426338586406928e+03
1.300167407122048189e+03
1.293903911324646288e+03
1.287703171064872322e+03
1.281577493886503817e+03
1.275413314359656852e+03
1.269180169822977859e+03
1.262894498766443803e+03
1.256593679895607238e+03
1.250294080420498176e+03
1.244072443554903202e+03
1.237790795940089538e+03
1.231452636711602281e+03
1.225130078091974383e+03
1.218759159879076833e+03
1.212338731687216750e+03
1.205908088161772639e+03
1.199429477622913055e+03
1.192921913850243982e+03
1.186343806783066611e+03
1.179662683337747012e+03
1.172904775649500834e+03
1.166107524000699641e+03
1.159354887649565626e+03
1.152548883620396737e+03
1.145714166391697290e+03
1.138807399580107358e+03
1.131817957591431650e+03
1.124760741312217533e+03
1.117776401813362781e+03
1.110785205731795486e+03
1.103742563846377152e+03
1.096668858332398031e+03
1.089586941471143291e+03
1.082443875456578780e+03
1.075303318278277857e+03
1.068137145995398896e+03
1.060989100714719825e+03
1.053804935439943165e+03
1.046541495271973645e+03
1.039230198341752612e+03
1.031909383269500495e+03
1.024548038341500842e+03
1.017191965728993864e+03
1.009851481238526844e+03
1.002504797323363164e+03
9.951257228721960928e+02
9.877209632214908197e+02
9.803696825057816113e+02
9.730710033898493521e+02
9.657861320826023075e+02
9.584876370011646713e+02
9.511628388193696537e+02
9.438110534140103027e+02
9.364525609976726628e+02
9.291289104820740476e+02
9.218252169891238736e+02
9.145372100793221080e+02
9.072740522159297143e+02
8.999449783971140278e+02
8.925549205696293029e+02
8.851191110236538861e+02
8.777035220636392978e+02
8.702640436393146501e+02
8.627857216057045662e+02
8.552906435826805591e+02
8.477996877676580425e+02
8.403737428255130908e+02
8.329502726142488882e+02
8.254411699466493246e+02
8.178973903596588571e+02
8.103206310239831964e+02
8.027398222348025456e+02
7.951691658679292232e+02
7.875916830154554873e+02
7.799872736837191951e+02
7.724491499708468609e+02
7.650378000200748829e+02
7.576562981963617176e+02
7.503073913674278401e+02
7.429682826912162454e+02
7.356046870936281721e+02
7.282026220854287430e+02
7.208287059807512378e+02
7.134761941873275646e+02
7.061845589324431103e+02
6.989445078302239835e+02
6.917417974149025213e+02
6.845300013265726875e+02
6.773445120262103956e+02
6.701901319527227088e+02
6.630391858815589785e+02
6.558660798372316094e+02
6.486757171461965754e+02
6.414868128562776519e+02
6.343776619854013461e+02
6.272787219389159645e+02
6.201796470848781837e+02
6.130725335153099422e+02
6.058872345372096788e+02
5.987226168697769708e+02
5.915326612561015054e+02
5.843767994723727952e+02
5.771957844361377283e+02
5.700295017855327160e+02
5.628542176275306019e+02
5.557210318894202601e+02
5.486335862223638742e+02
5.415672084969884281e+02
5.344949711113467856e+02
5.273749505642458644e+02
5.202161361382882205e+02
5.130757317288707782e+02
5.059103134753863742e+02
4.987275012324398631e+02
4.915751721477791989e+02
4.844443060386141724e+02
4.772832020139761653e+02
4.701475875135205342e+02
4.630298821173058172e+02
4.559683536388197354e+02
4.490094740417958974e+02
4.420803172914859260e+02
4.352094418606993145e+02
4.283436353659582210e+02
4.214841897134548390e+02
4.145999877859854905e+02
4.077493223764722643e+02
4.009376964887621284e+02
3.941155970625708278e+02
3.873702683404243317e+02
3.806456918220509920e+02
3.739632119317702745e+02
3.672663736873478797e+02
3.605609753995177016e+02
3.538925070642864625e+02
3.472301825883506581e+02
3.406880471570993336e+02
3.341121101790349712e+02
3.275364357352818843e+02
3.210563853883843990e+02
3.145985718303650742e+02
3.081935039722480951e+02
3.018213085482652787e+02
2.954745973395718579e+02
2.891152483689143651e+02
2.828255269227117310e+02
2.765744428665642545e+02
2.703646737450866908e+02
2.641216772913613227e+02
2.578555242484467840e+02
2.516302531009177414e+02
2.454862271437775689e+02
2.393588650480098181e+02
2.332488661070814544e+02
2.271791572556685423e+02
2.211313809388354628e+02
2.150415350387893909e+02
2.090701062508235282e+02
2.031013013397775353e+02
1.971202297248317166e+02
1.911701672416896258e+02
1.852435720395778844e+02
1.793174837986942975e+02
1.734808177009201700e+02
1.677201844316012398e+02
1.620035983046452088e+02
1.563359616103257395e+02
1.506634600937507003e+02
1.450080982761735413e+02
1.393767674093726328e+02
1.337188674737335248e+02
1.280883140532614561e+02
1.224211968950910432e+02
1.168155955603994585e+02
1.112182114207142263e+02
1.056327025310612129e+02
1.001039282072479608e+02
9.460112267601397207e+01
8.908243145126499485e+01
8.362692079260163780e+01
7.821025674206376266e+01
7.286398017836066288e+01
6.750406003564300761e+01
6.222592436017302475e+01
5.704830418430805139e+01
5.184480854959815588e+01
4.662308259621502771e+01
4.145045459955588285e+01
3.631074962810134821e+01
3.125671058950106840e+01
2.617118420342529816e+01
2.106331497817910758e+01
1.592585061667875834e+01
1.082181602631439432e+01
5.778202601228741742e+00
7.254922568750998835e-01
-4.339671250690685156e+00
-9.422139585598870326e+00
-1.450235793274117668e+01
-1.958312209377717750e+01
-2.471377239915977952e+01
-2.980569775527325760e+01
-3.487757155825573818e+01
-3.993119728222424669e+01
-4.490502945738759877e+01
-4.985930409076945580e+01
-5.475931052312722613e+01
-5.958807327195091830e+01
-6.438820528374381524e+01
-6.924169657460402050e+01
-7.412850092284136849e+01
-7.903900596806400358e+01
-8.396561838741449435e+01
-8.890422194515313947e+01
-9.384936050081195447e+01
-9.875224732816603535e+01
-1.036817367732641770e+02
-1.086274082705339481e+02
-1.136183598790585165e+02
-1.186231277631618468e+02
-1.236448472549699886e+02
-1.287000467982294936e+02
-1.337501833655936707e+02
-1.387902681380131753e+02
-1.438670011831628130e+02
-1.488942713618200742e+02
-1.539362372151895215e+02
-1.590124240791373609e+02
-1.640396290053313351e+02
-1.690752791560282446e+02
-1.741185848082931216e+02
-1.791778558430298176e+02
-1.842601543018383836e+02
-1.893245183870777169e+02
-1.944029900394976096e+02
-1.995332617777112318e+02
-2.047076111733809682e+02
-2.098673675703334709e+02
-2.150303009344114002e+02
-2.202458161982416414e+02
-2.254717463432258455e+02
-2.306996232165213883e+02
-2.359362274066970429e+02
-2.412095116173053384e+02
-2.465131668964754965e+02
-2.518691215357233659e+02
-2.572597070292243302e+02
-2.627003810049877757e+02
-2.681678659112664036e+02
-2.736555422644254918e+02
-2.791404906488842812e+02
-2.846217189695961451e+02
-2.901074932413595207e+02
-2.955009185483992269e+02
-3.008831501991886057e+02
-3.062856370680400460e+02
-3.116389035547744015e+02
-3.168837170497606053e+02
-3.220514613451937294e+02
-3.272174777717571601e+02
-3.324162757008282938e+02
-3.376395185159410630e+02
-3.428214273422914857e+02
-3.479825140780559991e+02
-3.531230193301140616e+02
-3.582390674430754416e+02
-3.633680019004705173e+02
-3.684892984690457070e+02
-3.736316771086470681e+02
-3.787801482504132196e+02
-3.839030883368923242e+02
-3.890173913116337303e+02
-3.941381780090685538e+02
-3.992551791250229485e+02
-4.043919548513985092e+02
-4.095622379070921397e+02
-4.147623131181691747e+02
-4.199666171618728185e+02
-4.251641009601366932e+02
-4.303440150641160926e+02
-4.354886747607207553e+02
-4.406427680184226574e+02
-4.457878971079951498e+02
-4.508532163591807489e+02
-4.558716727061890879e+02
-4.609049526963264611e+02
-4.658469368745833208e+02
-4.707662072316255717e+02
-4.757180191842888348e+02
-4.806467126070156723e+02
-4.855228414725944504e+02
-4.903792201978960748e+02
-4.951936210450013505e+02
-4.999533793964342294e+02
-5.046527285762792872e+02
-5.092872343473736692e+02
-5.138899415531747081e+02
-5.184923156067892478e+02
-5.230432695097445048e+02
-5.275891071144753823e+02
-5.320725475249805640e+02
-5.364843938299298998e+02
-5.408365636771985692e+02
-5.452060492726679968e+02
-5.495417063559060580e+02
-5.538535448411913649e+02
-5.581458415767598353e+02
-5.623925152781832821e+02
-5.665833695395194809e+02
-5.707373957874324333e+02
-5.748624101027105553e+02
-5.789477488596097601e+02
-5.829969713145080732e+02
-5.869972701455828883e+02
-5.909162669660042866e+02
-5.948215464342388259e+02
-5.986612064271573672e+02
-6.024444447920002403e+02
-6.061466035491323510e+02
-6.098018944865061712e+02
-6.133758043109902474e+02
-6.169075642355355740e+02
-6.204124157975503522e+02
-6.238394252696728017e+02
-6.272124202060739435e+02
-6.305235218843871507e+02
-6.338059982467348163e+02
-6.370338958170680144e+02
-6.401715404502277806e+02
-6.432132361440310433e+02
-6.462142087537902171e+02
-6.491889842642503936e+02
-6.521438702910539860e+02
-6.550934375728202212e+02
-6.580026001565133811e+02
-6.608225415266803111e+02
-6.636113614227889457e+02
-6.663550905798268786e+02
-6.690539891355418831e+02
-6.717406067204281044e+02
-6.743958063257083495e+02
-6.770389138352129521e+02
-6.796489974419459941e+02
-6.821851708530663245e+02
-6.846320088532660293e+02
-6.870228764055231068e+02
-6.894018865721858447e+02
-6.917521816157500325e+02
-6.940486997788810868e+02
-6.962435049442078707e+02
-6.983807962095598896e+02
-7.004983545650736687e+02
-7.025285989923069110e+02
-7.045086149008241136e+02
-7.064621487913486817e+02
-7.083941123481819204e+02
-7.102838392850708260e+02
-7.120970389255130613e+02
-7.138345275909222210e+02
-7.155607142770755900e+02
-7.172262744975887472e+02
-7.188271907268613177e+02
-7.203609799347104854e+02
-7.218400307590973171e+02
-7.232994055056992693e+02
-7.246534937023274097e+02
-7.259065069468658749e+02
-7.271240864318538115e+02
-7.282841944293638790e+02
-7.293796066646669942e+02
-7.303975853871154413e+02
-7.313994240072711364e+02
-7.323844175270942287e+02
-7.333660050797341228e+02
-7.343413441007044185e+02
-7.353014445067594806e+02
-7.362353427438545168e+02
-7.371536385653708976e+02
-7.380641391888462977e+02
-7.389696934166797746e+02
-7.398603072376620275e+02
-7.407269998994926254e+02
-7.415593448157314924e+02
-7.423520803155959129e+02
-7.430718895742098766e+02
-7.437721996028999456e+02
-7.444714314044579169e+02
-7.450910297640318731e+02
-7.456564713119341832e+02
-7.461929017150679329e+02
-7.467077769608185918e+02
-7.471880365134479689e+02
-7.475978696522479368e+02
-7.479707755118990917e+02
-7.483115965629560833e+02
-7.486476452834633619e+02
-7.489748383387934609e+02
-7.492612406151631603e+02
-7.494930141641564205e+02
-7.497067711199429141e+02
-7.498803780925534284e+02
-7.500486009002963783e+02
-7.501833665357165728e+02
-7.503132348955551834e+02
-7.504430458254380483e+02
-7.505575488264601063e+02
-7.506580590307087277e+02
-7.507037113074238732e+02
-7.507396081039375986e+02
-7.507579400929962503e+02
-7.507700384129266240e+02
-7.507814749307228794e+02
-7.507915353059777317e+02
-7.507975515228894210e+02
-7.507758666701104175e+02
-7.507282663792499307e+02
-7.506150943729800247e+02
-7.504993850984490109e+02
-7.503824974134909098e+02
-7.502638445525776660e+02
-7.501120078530695992e+02
-7.499305489533760465e+02
-7.497212864750777044e+02
-7.494972236471542146e+02
-7.492566646562181631e+02
-7.489995261819462939e+02
-7.487397233151216369e+02
-7.484731803655787417e+02
-7.481857853472426996e+02
-7.478987392432037495e+02
-7.476125275105670198e+02
-7.473151461655086223e+02
-7.470042008620374645e+02
-7.466811833385279442e+02
-7.463550890741111061e+02
-7.460247164184834219e+02
-7.456682068258090794e+02
-7.453034790430349403e+02
-7.449398615506174792e+02
-7.445751665331155209e+02
-7.441996285150387394e+02
-7.438205148672112728e+02
-7.434391642533043978e+02
-7.430580910138621675e+02
-7.426558276422557583e+02
-7.422517652645597082e+02
