1.368311164101822214e+03
1.368888762575385499e+03
1.369436845696588989e+03
1.370003534655847716e+03
1.370502792847950332e+03
1.370965457866978113e+03
1.371540054247521311e+03
1.372197004450347322e+03
1.372837304430670201e+03
1.373428030559342915e+03
1.374030435530662317e+03
1.374565479153124443e+03
1.375038055493591401e+03
1.375453579973732076e+03
1.375913857575751535e+03
1.376305746201193642e+03
1.376702211163788434e+03
1.377139361442837981e+03
1.377654245470614114e+03
1.378224865615908129e+03
1.378723108658135743e+03
1.379222743089368123e+03
1.379705708701984349e+03
1.380127913764097229e+03
1.380614474826941205e+03
1.381110234476759615e+03
1.381528442431237863e+03
1.381867968777565693e+03
1.382127658931721726e+03
1.382314395677880839e+03
1.382423918361238975e+03
1.382450064376683486e+03
1.382395085548993393e+03
1.382276995174161584e+03
1.382158193272960034e+03
1.382077515991861674e+03
1.382074915582885978e+03
1.382039588628955244e+03
1.381989852294330831e+03
1.382024876782117190e+03
1.382053930816564389e+03
1.382062811026068857e+03
1.382004260974247245e+03
1.381913602869007946e+03
1.381840411532515191e+03
1.381749436364671510e+03
1.381627553008199811e+03
1.381668242025989230e+03
1.381645794384910914e+03
1.381531520558275815e+03
1.381418284550649787e+03
1.381365618352584761e+03
1.381448232663071167e+03
1.381650674483560124e+03
1.381980149779434669e+03
1.382452035493703988e+03
1.382970495835745169e+03
1.383377503152460577e+03
1.383842934104192182e+03
1.384483764315594726e+03
1.385120580584785785e+03
1.385708802321457142e+03
1.386233541355113630e+03
1.386789068972693713e+03
1.387652071458507635e+03
1.388554816789000142e+03
1.389464890750416544e+03
1.390387077299094017e+03
1.391335614524610492e+03
1.392224327484403375e+03
1.393127069218190627e+03
1.394200805897579357e+03
1.395185895715388597e+03
1.396232856760381310e+03
1.397243287800170492e+03
1.398297150266207154e+03
1.399351953758892705e+03
1.400425850214713591e+03
1.401429505509036062e+03
1.402499276345503176e+03
1.403658166849125564e+03
1.404779918636498678e+03
1.406133335579543200e+03
1.407442557958963334e+03
1.408722045224317981e+03
1.410037470651918056e+03
1.411537610722978116e+03
1.413241841201109310e+03
1.415047768015271004e+03
1.417126188745909985e+03
1.419198682002412625e+03
1.421325457544522351e+03
1.423484173669472511e+03
1.425793045272399013e+03
1.428166266268264508e+03
1.430516220790266516e+03
1.432902119433458211e+03
1.435416543783558382e+03
1.437922968270265301e+03
1.440414907927810418e+03
1.442898759434036947e+03
1.445473604023787857e+03
1.448039382525230621e+03
1.450612866834748274e+03
1.453276801117572177e+03
1.455951008334257494e+03
1.458647543407609874e+03
1.461523200805184388e+03
1.464408128235884305e+03
1.467311379178466950e+03
1.470358594668852675e+03
1.473561276761614863e+03
1.477017971520472656e+03
1.480567301751838841e+03
1.484117200740838143e+03
1.487672440717590462e+03
1.491366037406160103e+03
1.495155628773787612e+03
1.499123263420191051e+03
1.503094964070172182e+03
1.507124464534093022e+03
1.511195943821913716e+03
1.515262693635844016e+03
1.519605063478875536e+03
1.523977521278393624e+03
1.528341509468817094e+03
1.532772908916275355e+03
1.537477608605528985e+03
1.542437798229356076e+03
1.547433001676356071e+03
1.552541828444876046e+03
1.557830493866557845e+03
1.563327422851350548e+03
1.568893380416570835e+03
1.574624176589065883e+03
1.580606358690448815e+03
1.586725732734051689e+03
1.592994357049042037e+03
1.599304570787239754e+03
1.605737228358497759e+03
1.612253198209125003e+03
1.618793677679526354e+03
1.625296101370316819e+03
1.631980723422644132e+03
1.638768141807936900e+03
1.645658548431538748e+03
1.652497705385960671e+03
1.659380452689692902e+03
1.666502210568570945e+03
1.673616440788880482e+03
1.680939828712301278e+03
1.688384678545328597e+03
1.695826754800214076e+03
1.703404151407269183e+03
1.711038788063832953e+03
1.718686107100568279e+03
1.726278494280620635e+03
1.733884010811040525e+03
1.741429566989902469e+03
1.749020936270365837e+03
1.756711372783082652e+03
1.764415213142237235e+03
1.772072173338547600e+03
1.779780368929652013e+03
1.787562212151995936e+03
1.795387723032281883e+03
1.803362243743792078e+03
1.811305598699720804e+03
1.819473127037137147e+03
1.827641963797035714e+03
1.835785478521360119e+03
1.843895738711647255e+03
1.851959266706910057e+03
1.860084542954344670e+03
1.868329230099570395e+03
1.876587476246867482e+03
1.884877915472763561e+03
1.893319892442387300e+03
1.901806670293427942e+03
1.910226837389394859e+03
1.918656277152577104e+03
1.927143684678767613e+03
1.935604530654793962e+03
1.944223390352761498e+03
1.952914698643078736e+03
1.961525229012635464e+03
1.970183587271421402e+03
1.978920815492551810e+03
1.987686685152568316e+03
1.996418995634454404e+03
2.005045339229965975e+03
2.013578717123337356e+03
2.022092414265774551e+03
2.030493117080541651e+03
2.038778411443930054e+03
2.046968712863674909e+03
2.055132128366574761e+03
2.063268965973893501e+03
2.071280460868330010e+03
2.079183765839194166e+03
2.087043085200492897e+03
2.094769305839526169e+03
2.102415532461208386e+03
2.110068385212708108e+03
2.117591903437054043e+03
2.124971640902210311e+03
2.132204901443338258e+03
2.139289007604744256e+03
2.146221301069853325e+03
2.153002900058505475e+03
2.159835921714269716e+03
2.166535362834355510e+03
2.173072270608000053e+03
2.179443931819284444e+03
2.185647650086365957e+03
2.191680745177050085e+03
2.197540551836764280e+03
2.203224418181807323e+03
2.208803476912936276e+03
2.214233712103220569e+03
2.219479990618917782e+03
2.224619427485354208e+03
2.229595890731766758e+03
2.234380225136470472e+03
2.239112560071202097e+03
2.243790813618903485e+03
2.248350998766517478e+03
2.252763415584831364e+03
2.256969286944052328e+03
2.261002644762348609e+03
2.264892826987801527e+03
2.268658623334959884e+03
2.272221397989041634e+03
2.275563023640405845e+03
2.278680703422401166e+03
2.281571729373315065e+03
2.284233492790522632e+03
2.286663494184441333e+03
2.288859352775317348e+03
2.290818815483512026e+03
2.292539765371741851e+03
2.294020229505488714e+03
2.295258386205367060e+03
2.296252571672453541e+03
2.297001285974410166e+03
2.297503198386442818e+03
2.297757152086769565e+03
2.297762168211176231e+03
2.297517449275418130e+03
2.297022381977656551e+03
2.296276539395793407e+03
2.295279682596509701e+03
2.294031761674074005e+03
2.292532916237611062e+03
2.290783475365562026e+03
2.288783957045635361e+03
2.286535067117704784e+03
2.284037697735935581e+03
2.281292925365052724e+03
2.278302008324128565e+03
2.275086915458666681e+03
2.271714392094754658e+03
2.268100474264684635e+03
2.264247045523548422e+03
2.260156156235307662e+03
2.255830020196103760e+03
2.251271010780650613e+03
2.246481656594104152e+03
2.241552771307446164e+03
2.236417059219983457e+03
2.231059339359637306e+03
2.225482640592491407e+03
2.219690122109436288e+03
2.213765657432462376e+03
2.207705095416986296e+03
2.201497495703659752e+03
2.195087593775067489e+03
2.188478967710273537e+03
2.181675290962614326e+03
2.174680325766220449e+03
2.167577426104739970e+03
2.160317645577598796e+03
2.153038782453361819e+03
2.145635945429668027e+03
2.138061179541615275e+03
2.130318409709416301e+03
2.122411600210283723e+03
2.114344747238333184e+03
2.106121870715083332e+03
2.097832141142850105e+03
2.089415479283702098e+03
2.080960769383620573e+03
2.072366110484510045e+03
2.063647603466943110e+03
2.054797208042155944e+03
2.045819679315580288e+03
2.036821882989159576e+03
2.027775838738927405e+03
2.018664905693813125e+03
2.009525989581136855e+03
2.000275913550027099e+03
1.991027394795070677e+03
1.981776765359229785e+03
1.972424002297580955e+03
1.962971855771263336e+03
1.953422978265917209e+03
1.943867679399900453e+03
1.934339701498592149e+03
1.924740758417516190e+03
1.915054360968627861e+03
1.905299413131209121e+03
1.895550220801811520e+03
1.885719212052204057e+03
1.875879245250979466e+03
1.866070167013215496e+03
1.856324312925683216e+03
1.846605812397371665e+03
1.836917871367395037e+03
1.827262401339481130e+03
1.817533432229871096e+03
1.807778190018827900e+03
1.798070736922433753e+03
1.788352395115374748e+03
1.778654416468229101e+03
1.768942381242404963e+03
1.759367360656464825e+03
1.749790091097112963e+03
1.740287004215643265e+03
1.730782989109310620e+03
1.721276161136973997e+03
1.711951537457686982e+03
1.702594420773807315e+03
1.693322534482819037e+03
1.684157020296811879e+03
1.675141811414620861e+03
1.666311695321761817e+03
1.657429949668569407e+03
1.648539394846969572e+03
1.639932827316652720e+03
1.631479012045179843e+03
1.623196045274088419e+03
1.614944192986913549e+03
1.606661832100447782e+03
1.598528231290831400e+03
1.590524781950381112e+03
1.582486003413455364e+03
1.574439933604789530e+03
1.566412842116543743e+03
1.558604430862585559e+03
1.550833424345640424e+03
1.543631162655606886e+03
1.536783784458340051e+03
1.530311369063213988e+03
1.523883221120923963e+03
1.517410857076313278e+03
1.510994744961581546e+03
1.504889610229149866e+03
1.498934956248498793e+03
1.493024655415405050e+03
1.487215089918898684e+03
1.481427050800643883e+03
1.475714656210970134e+03
1.470421329355691569e+03
1.465382955847820995e+03
1.460498737010139394e+03
1.455699758533731256e+03
1.451215961944829814e+03
1.446776277202781785e+03
1.442395723066782466e+03
1.438008613774317837e+03
1.433762667612119458e+03
1.429817757979402813e+03
1.425970738185621940e+03
1.422205211138770437e+03
1.418486533146082820e+03
1.414800482110304756e+03
1.411406397635318626e+03
1.408208450242915660e+03
1.405291541958191146e+03
1.402425995636863490e+03
1.399661478574991406e+03
1.396924246421840508e+03
1.394389623765397118e+03
1.392014894315813308e+03
1.389685333069747685e+03
1.387459126922732139e+03
1.385366726520689554e+03
1.383396198530954052e+03
1.381520990200111555e+03
1.379834501819296065e+03
1.378324589738786472e+03
1.376939449879830590e+03
1.375612984628597133e+03
1.374303220096842324e+03
1.373175090542397811e+03
1.372106349941533836e+03
1.371049112331825654e+03
1.370001342726807025e+03
1.368960899116551900e+03
1.367994955624059230e+03
1.367068515460744493e+03
1.366185853383485892e+03
1.365410017475330733e+03
1.364807287254491712e+03
1.364303442421037744e+03
1.363788542837703517e+03
1.363259510611982932e+03
1.362846850676428858e+03
1.362492510672686421e+03
1.362115701909211111e+03
1.361742110478667200e+03
1.361688013112119052e+03
1.361669208496772853e+03
1.361715652475964362e+03
1.361877634119309505e+03
1.362159667163284212e+03
1.362510551881293395e+03
1.363000634175262348e+03
1.363602195043575193e+03
1.364302360828061865e+03
1.364949934915061476e+03
1.365727762248605814e+03
1.366662464450821062e+03
1.367634869539089777e+03
1.368745537977167032e+03
1.369940865998084973e+03
1.371207529426986184e+03
1.372573074211558378e+03
1.373921858970070389e+03
1.375411311535104232e+03
1.376816342407933462e+03
1.378188656468264071e+03
1.379488836622607323e+03
1.380820802957176056e+03
1.382101681517267480e+03
1.383334730068640965e+03
1.384487477312679857e+03
1.385611657152256157e+03
1.386653934687837591e+03
1.387829848303838844e+03
1.388955980146504544e+03
1.390050014388292993e+03
1.391050392671861118e+03
1.391935175085370474e+03
1.392705916123623865e+03
1.393362858085446533e+03
1.393892559629775178e+03
1.394467496410457215e+03
1.395149990288581421e+03
1.395857833191970713e+03
1.396481282068465589e+03
1.397162118155110875e+03
1.397817334226579533e+03
1.398557291193323636e+03
1.399303278990077160e+03
1.400118805707370484e+03
1.401074091574843578e+03
1.401989526779383141e+03
1.402931881241775500e+03
1.403756781268245504e+03
1.404465006022643593e+03
1.405057392704002041e+03
1.405627133232464985e+03
1.406149900825664190e+03
1.406767321302751043e+03
1.407360319311230569e+03
1.407917547554465273e+03
1.408374119852733202e+03
1.408723483073058560e+03
1.408963660318535631e+03
1.409095550210440251e+03
1.409136875140313350e+03
1.409227658762304600e+03
1.409276393933306281e+03
1.409243878067446076e+03
1.409125830134491025e+03
1.408910517142247954e+03
1.408646749350866457e+03
1.408425633805602956e+03
1.408218081135510374e+03
1.407966095460815268e+03
1.407615584189437186e+03
1.407167259993309926e+03
1.406752690485826861e+03
1.406429274433589853e+03
1.406149595381208655e+03
1.405931397577399821e+03
1.405639089744080593e+03
1.405251267971342941e+03
1.404778862188822131e+03
1.404342539197050655e+03
1.403937169114152766e+03
1.403533986879342137e+03
1.403057008903359247e+03
1.402599436054478474e+03
1.402078484352936812e+03
1.401492013918618795e+03
1.400900403965344140e+03
1.400242291088220554e+03
1.399487458675293510e+03
1.398641890956877660e+03
1.397739850365819620e+03
1.396899130444143339e+03
1.396100795150581234e+03
1.395277644999551740e+03
1.394404284813880849e+03
1.393454617848056614e+03
1.392423599040088220e+03
1.391295072542422076e+03
1.390078024642455148e+03
1.388767008893568800e+03
1.387445778041881113e+03
1.386046129480709169e+03
1.384659148697747696e+03
1.383291022016709121e+03
1.381829015497508863e+03
1.380284369031988717e+03
1.378705819145238365e+03
1.377292279905833766e+03
1.375814803274719907e+03
1.374244783151505999e+03
1.372661856705120044e+03
1.371206747582238677e+03
1.369686064371773682e+03
1.368159442379243728e+03
1.366579292714134453e+03
1.364905660523991628e+03
1.363138895577562835e+03
1.361291952611385568e+03
1.359446408496089134e+03
1.357509059830746537e+03
1.355480426479949074e+03
1.353495307204628716e+03
1.351499981858366027e+03
1.349435196516711585e+03
1.347292986075682620e+03
1.345145684657281663e+03
1.342968078898239582e+03
1.340821584051537229e+03
1.338703376289521884e+03
1.336506288181588843e+03
1.334234841650233193e+03
1.331881357926950841e+03
1.329459511621909087e+03
1.326966114073175049e+03
1.324404674033356741e+03
1.321781868170048710e+03
1.319133214807936383e+03
1.316481592877793901e+03
1.313825548048346263e+03
1.311148436183731064e+03
1.308429863985957127e+03
1.305658337322149237e+03
1.302952059225075118e+03
1.300210059875302932e+03
1.297426123624172533e+03
1.294580799722742313e+03
1.291674576063719769e+03
1.288757203724126384e+03
1.285955462870399288e+03
1.283236140007444419e+03
1.280467413880137656e+03
1.277637916977945451e+03
1.274858512228694053e+03
1.272094217870840339e+03
1.269295331559913166e+03
1.266550890258135269e+03
1.263766586298419952e+03
1.260935389185382292e+03
1.258060066713290325e+03
1.255157512863060447e+03
1.252218253069097045e+03
1.249233583810663276e+03
1.246218075452056837e+03
1.243156392021674037e+03
1.240067967331048294e+03
1.236939427636474875e+03
1.233851359083168063e+03
1.230746051386237468e+03
1.227621958033005058e+03
1.224461928790013644e+03
1.221309449094121874e+03
1.218208995999170838e+03
1.215066995864045339e+03
1.211939365342318297e+03
1.208842511863201253e+03
1.205749496455684493e+03
1.202634197942224091e+03
1.199518151037471398e+03
1.196381128763305469e+03
1.193217175976218186e+03
1.190023778816927916e+03
1.186878314123013524e+03
1.183761488778168086e+03
1.180613174269972205e+03
1.177433892788595131e+03
1.174242069268310843e+03
1.171028045405962757e+03
1.167785101942048186e+03
1.164514078724526144e+03
1.161222880285199608e+03
1.157911246126973310e+03
1.154574043584556421e+03
1.151220479359119054e+03
1.147952319001116848e+03
1.144768707295150762e+03
1.141576744028018538e+03
1.138374758329189717e+03
1.135151500665841922e+03
1.131916570708244762e+03
1.128797743145445565e+03
1.125774222499309417e+03
1.122762054938295933e+03
1.119731434058562400e+03
1.116682609300504737e+03
1.113623153639558950e+03
1.110563360128295244e+03
1.107504335571404454e+03
1.104439333795632820e+03
1.101359348460836827e+03
1.098276087285559470e+03
1.095177948327080685e+03
1.092080450306357307e+03
1.088993275060461656e+03
1.085892886960786200e+03
1.082782461114170019e+03
1.079682425945664818e+03
1.076610607586866081e+03
1.073541673876606183e+03
1.070476203864246145e+03
1.067419771370690796e+03
1.064479131754105765e+03
1.061558361479593714e+03
1.058729426968165626e+03
1.055943343014268066e+03
1.053178703378844830e+03
1.050433943904944499e+03
1.047695183592280955e+03
1.044965943661478605e+03
1.042253999464861181e+03
1.039551415382027926e+03
1.036942376186979345e+03
1.034350997362337239e+03
1.031788347499692918e+03
1.029265552159999515e+03
1.026833447021855818e+03
1.024407112071744905e+03
1.022004737182494864e+03
1.019625876568910826e+03
1.017269192379332480e+03
1.014940473495873334e+03
1.012632347630205004e+03
1.010425548727310797e+03
1.008260737900926756e+03
1.006118871945920205e+03
1.003983459523768261e+03
1.001861612999683530e+03
9.997591139086290468e+02
9.977662649205966545e+02
9.957983988455084727e+02
9.938526062729524710e+02
9.919243342352581294e+02
9.900081615978963328e+02
9.881222001007165545e+02
9.862599437128842510e+02
9.844313665038240515e+02
9.826237627180490790e+02
9.809115215130295837e+02
9.792799060997631386e+02
9.776621270722066583e+02
9.760680657512655216e+02
9.744855371079439692e+02
9.729265761685951475e+02
9.714044370013042453e+02
9.699114462020463634e+02
9.684438674327830086e+02
9.670837595437080836e+02
9.658065482447829027e+02
9.646441594393726291e+02
9.635032008062366913e+02
9.623868901832556730e+02
9.613056632856294073e+02
9.602498444558633537e+02
9.592417839040820127e+02
9.582555737701046610e+02
9.572911903659376094e+02
9.563609293877755135e+02
9.554700254082504216e+02
9.546049702065704423e+02
9.537566606853516760e+02
9.529230580482442292e+02
9.521126051970751405e+02
9.513215994832232809e+02
9.505454542896841303e+02
9.497842227220743325e+02
9.490472762889518208e+02
9.483368106752992617e+02
9.476467121660444946e+02
9.469717498234897448e+02
9.463209138928511948e+02
9.456894204022607937e+02
9.450735440930387767e+02
9.444907992144810578e+02
9.439313955888687815e+02
9.433874135662238132e+02
9.428588798477317141e+02
9.423458108191705378e+02
9.418482109681697239e+02
9.413660713204328658e+02
9.410437086116022556e+02
9.408307974853286169e+02
9.406329953274693025e+02
9.404500914779000595e+02
9.402818639909630747e+02
9.401280818745028682e+02
9.399885073382945393e+02
9.398628980231430887e+02
9.397535450370444323e+02
9.396681631178790894e+02
9.395960142510632522e+02
9.395401352977175975e+02
9.395067726213540027e+02
9.394859448302267992e+02
9.394821801652599333e+02
9.395141668291536234e+02
9.395687741747656219e+02
9.396478121189743433e+02
9.397387408251405532e+02
9.398410707722227926e+02
9.399657082106266444e+02
9.401080928585149650e+02
9.402698685112169414e+02
9.404425417363618180e+02
9.406260178092013575e+02
9.408202131796042522e+02
9.410250547269135950e+02
9.412404789067604725e+02
9.414664308082182060e+02
9.417028631401419716e+02
9.419497351656930277e+02
9.422070116039296863e+02
9.424746615169619872e+02
9.427526572005731396e+02
9.430409730953645067e+02
9.433395847345044558e+02
9.436484677429706380e+02
9.439675969019004924e+02
9.442969452902497096e+02
9.446364835144770495e+02
9.449861790354248114e+02
9.453459955999713884e+02
9.457158927834212818e+02
9.460958256469774597e+02
9.464857445130268161e+02
9.468855948593724179e+02
9.472953173319862117e+02
9.477148478743287114e+02
9.481441179698080077e+02
9.485830549925218520e+02
9.490315826600808577e+02
9.494986562142810271e+02
9.499791563476572946e+02
9.504690035076470167e+02
9.509681138209898563e+02
9.514764032501443580e+02
9.519937884616624615e+02
9.525201877217875790e+02
9.530598199742967154e+02
9.536170446217081462e+02
9.541830577827770412e+02
9.547577938771330537e+02
9.553411933076708920e+02
9.559365755484587908e+02
9.565501819961061756e+02
9.571846569500899022e+02
9.578283243757526861e+02
9.584804743016319435e+02
9.591410972769937189e+02
9.598101930811882312e+02
9.604910105390852095e+02
9.611901194572589020e+02
9.619044276943611749e+02
9.626466900906573301e+02
9.633975605727785023e+02
9.641570905190010308e+02
9.649253370609624199e+02
9.657023619666247214e+02
9.664882303812526061e+02
9.672869395933951182e+02
9.681037284267430323e+02
9.689360527200039996e+02
9.697840289555072104e+02
9.706895572341371690e+02
9.716621094186386927e+02
9.726438290523883552e+02
9.736413881799586534e+02
9.746568171324988725e+02
9.756918745551347456e+02
9.767448637705776946e+02
9.778108675820849385e+02
9.788911446624383643e+02
9.799958178810868503e+02
9.811141784672273616e+02
9.822411106284530433e+02
9.833764995042315604e+02
9.845508653821264033e+02
9.858262323648343681e+02
9.871183456120458004e+02
9.884181742204607417e+02
9.897254734495680850e+02
9.910485776186940257e+02
9.923830770181591561e+02
9.937264800718556899e+02
9.950897280829574356e+02
9.964747827123710522e+02
9.978814782208555698e+02
9.992996267772405190e+02
1.000747077686625744e+03
1.002200475334587168e+03
1.003658479504157299e+03
1.005133865778538507e+03
1.006626174192631424e+03
1.008130426003541515e+03
1.009642660877233197e+03
1.011253386847734646e+03
1.012914553529267891e+03
1.014584488334399339e+03
1.016276868259592561e+03
1.017970670313934306e+03
1.019692676160672363e+03
1.021426375767756554e+03
1.023171546365191261e+03
1.024939248772158408e+03
1.026727975302395862e+03
1.028546153289537415e+03
1.030377160333002621e+03
1.032212440532134451e+03
1.034167760429538021e+03
1.036156689224573938e+03
1.038172977113241359e+03
1.040198130438565158e+03
1.042288890152179874e+03
1.044477738830914859e+03
1.046739379370297002e+03
1.049007203351312000e+03
1.051265474892909879e+03
1.053526196084344519e+03
1.055795265444855204e+03
1.058073668992577950e+03
1.060374137348976092e+03
1.062749841956135697e+03
1.065256516039559074e+03
1.067774029986737332e+03
1.070280087658655248e+03
1.072774014241610985e+03
1.075272431862683106e+03
1.077801120987144941e+03
1.080350711258737419e+03
1.082968697255259258e+03
1.085574733096992532e+03
1.088171615677443697e+03
1.090776311393990454e+03
1.093414191905456164e+03
1.096051259135004102e+03
1.098680418524021889e+03
1.101320380412690611e+03
1.103956279924994305e+03
1.106580302967531679e+03
1.109182964452073065e+03
1.111766385290301059e+03
1.114410269712937406e+03
1.117108553467972797e+03
1.119791415868583726e+03
1.122510563769722467e+03
1.125286674098189451e+03
1.128135040695893167e+03
1.130992371759914477e+03
1.133854417606095012e+03
1.136755302656909862e+03
1.139696075190905731e+03
1.142615133637089684e+03
1.145594101884690190e+03
1.148602489297303237e+03
1.151588484178292674e+03
1.154557087357594810e+03
1.157503330190095767e+03
1.160445970444509157e+03
1.163363737848049823e+03
1.166267106129307876e+03
1.169167154089051564e+03
1.172111681631383135e+03
1.175081853136029849e+03
1.178021737966973660e+03
1.180938198578261563e+03
1.183841970828883404e+03
1.186713825432994781e+03
1.189553186907950931e+03
1.192359461104971615e+03
1.195134034689440114e+03
1.197885300636079592e+03
1.200601569454408491e+03
1.203294016504114552e+03
1.206000216363429217e+03
1.208765228570399358e+03
1.211492610836029371e+03
1.214181132206016173e+03
1.216835522584163527e+03
1.219467408190380183e+03
1.222059927759521543e+03
1.224673690355438339e+03
1.227394626450663054e+03
1.230120651119686954e+03
1.232802615554974182e+03
1.235459252122893304e+03
1.238088689241486918e+03
1.240681508894308990e+03
1.243245086437696955e+03
1.245771655710163941e+03
1.248278197806851949e+03
1.250779568322725481e+03
1.253293338243073322e+03
1.255785654042555961e+03
1.258236499452508269e+03
1.260644818833451609e+03
1.263025431569581087e+03
1.265358621763500651e+03
1.267658466114520252e+03
1.270009807279643610e+03
1.272365813223671921e+03
1.274732362905213449e+03
1.277035598521013071e+03
1.279282572217452071e+03
1.281468960707699352e+03
1.283604473785894470e+03
1.285673910928335545e+03
1.287684209468901372e+03
1.289697471923788953e+03
1.291755739643937432e+03
1.293803005041200322e+03
1.295895249534942877e+03
1.298044105680396115e+03
1.300211939449044166e+03
1.302346371201481134e+03
1.304500525187635048e+03
1.306714218600686991e+03
1.308887892244061049e+03
1.310988411236546199e+03
1.313073630631371316e+03
1.315218422370853204e+03
1.317337278556550928e+03
1.319387723288979942e+03
1.321366301582523192e+03
1.323334047542348344e+03
1.325483511071269049e+03
1.327557702161744373e+03
1.329602629129737124e+03
1.331645520959262058e+03
1.333614423148281730e+03
1.335491644449992691e+03
1.337271330104323852e+03
1.338952488044362099e+03
1.340539033139119738e+03
1.342033586101344554e+03
1.343446795929676227e+03
1.344777514872263964e+03
1.346017086936999021e+03
1.347187171978437618e+03
1.348330897183283241e+03
1.349371863346179680e+03
1.350309976607782573e+03
1.351145251532087059e+03
1.351888126985809777e+03
1.352678200523008400e+03
1.353503312038434160e+03
1.354444463200430391e+03
1.355325540421375536e+03
1.356202858330041181e+03
1.357122106439189338e+03
1.358063995193250548e+03
1.359004633212569161e+03
1.359845071401746736e+03
1.360585826300011149e+03
1.361233698718011510e+03
1.361806210882184132e+03
1.362298147881180284e+03
1.362714354785131718e+03
1.363046798745245269e+03
1.363285147047560486e+03
1.363465819315456883e+03
1.363629141232531538e+03
1.363764764904278763e+03
1.364007482960783364e+03
1.364311539532344113e+03
1.364655679636981858e+03
1.365029200163973428e+03
1.365703290208077306e+03
1.366414880182268462e+03
1.367126778516040076e+03
1.367758548204626777e+03
1.368311164101821987e+03
