2.916987400731017033e+02
2.920056186939343661e+02
2.922903850585757937e+02
2.925523885166022637e+02
2.927909887092645818e+02
2.930055593796394646e+02
2.931954920588463551e+02
2.933601996016922726e+02
2.935052620616756940e+02
2.936308914316253436e+02
2.937946290131455385e+02
2.939723075027378059e+02
2.941221437068805358e+02
2.942436742561079086e+02
2.943364799490043993e+02
2.944107888605054200e+02
2.944581107686958603e+02
2.944757451246225060e+02
2.944634764387995460e+02
2.944211441860538230e+02
2.943525202069482702e+02
2.943116599430159113e+02
2.942979425945472940e+02
2.942539727565383032e+02
2.942559420352716870e+02
2.943640305337474956e+02
2.944419760770280732e+02
2.944898493188590010e+02
2.945179485891561626e+02
2.945191547589895436e+02
2.944908531515245613e+02
2.944472334826672864e+02
2.944801196434639792e+02
2.944845034041082386e+02
2.944690657892840022e+02
2.945139726574647057e+02
2.946608426224288451e+02
2.947809077361097820e+02
2.948746192145048326e+02
2.949820949758195070e+02
2.951308206439543937e+02
2.952547180605607764e+02
2.953871808442431757e+02
2.955693173984961959e+02
2.957729981021848857e+02
2.960252570600487161e+02
2.962589409192505627e+02
2.964712341704395726e+02
2.966627790317799054e+02
2.968342531595359901e+02
2.970109857741488781e+02
2.972506781840741610e+02
2.974724395318924053e+02
2.976769998118060698e+02
2.978651158938749859e+02
2.980375695894211390e+02
2.981951653743341808e+02
2.983387277935727866e+02
2.985198896703915352e+02
2.987441031414546160e+02
2.989567424267650608e+02
2.991586128855428797e+02
2.993505272725516306e+02
2.995333033985140219e+02
2.997077615884757620e+02
2.998747219446664189e+02
3.000350014211987286e+02
3.001894107188824137e+02
3.003486760281715533e+02
3.005067674088448939e+02
3.006613509760787224e+02
3.008131788793590999e+02
3.009629791712123961e+02
3.011114518745536657e+02
3.012592649715796824e+02
3.014070503373653196e+02
3.015553996439230673e+02
3.017048602631232939e+02
3.018734658535275344e+02
3.021327906652920205e+02
3.023944799992594312e+02
3.026587951367593519e+02
3.029259373371392030e+02
3.031960460593645053e+02
3.035582270242759364e+02
3.039405810785066251e+02
3.043258046515331330e+02
3.048013869494682240e+02
3.052978713548710630e+02
3.057989215360863682e+02
3.064929957473009381e+02
3.072391322066420116e+02
3.080589090601945372e+02
3.088781025512079168e+02
3.096958835030591217e+02
3.105113987881841240e+02
3.113353152131098796e+02
3.122398890124686091e+02
3.131625554938889877e+02
3.140793369037220941e+02
3.149893079417691979e+02
3.158915664485675165e+02
3.167852402490482291e+02
3.176694932742765332e+02
3.185435309174360441e+02
3.194436710766452734e+02
3.204137109464077184e+02
3.214651033123754473e+02
3.225033517553764568e+02
3.235277871741486706e+02
3.245378060179882027e+02
3.255328731110057561e+02
3.265125235702913074e+02
3.274971722251468123e+02
3.286294704423835924e+02
3.297730630818629152e+02
3.308998129541730577e+02
3.320094719635484353e+02
3.331687620512979606e+02
3.343499549297381463e+02
3.355317242094631638e+02
3.367840553349851689e+02
3.380187984830803885e+02
3.393026335052837226e+02
3.407756007353098653e+02
3.422894831370227280e+02
3.437859023751555583e+02
3.453386380343994801e+02
3.469066418784058214e+02
3.484575473386294107e+02
3.499915814895279595e+02
3.515090384172168569e+02
3.530102769837519077e+02
3.544957175671962091e+02
3.559658377962691134e+02
3.575261222561233012e+02
3.591795799815088799e+02
3.608194576912632670e+02
3.625520047438704410e+02
3.642717187075322727e+02
3.659790957420079849e+02
3.677344226377950918e+02
3.695294155296186318e+02
3.714152140129692157e+02
3.732905696560508773e+02
3.752534578959814553e+02
3.772995797198584000e+02
3.794644508088182988e+02
3.816201131202429906e+02
3.837667535966999139e+02
3.859045548842030939e+02
3.880336950414129547e+02
3.901543469417168808e+02
3.922666773718016202e+02
3.943708458360024451e+02
3.964670030811291213e+02
3.985552893615321750e+02
4.006358324687655568e+02
4.027087455542540511e+02
4.047741247767854702e+02
4.068320468093819500e+02
4.088825662420954359e+02
4.110084618462021808e+02
4.131503925885013473e+02
4.152847997540089864e+02
4.174115558681807556e+02
4.195305027508837270e+02
4.216414506279140824e+02
4.237441772924427710e+02
4.258384273210007791e+02
4.279239113469965901e+02
4.300003053932237549e+02
4.320672502634441230e+02
4.341243509919569874e+02
4.361711763491551324e+02
4.382072584004488931e+02
4.402320921156417626e+02
4.422451350258943421e+02
4.442458069257979787e+02
4.462334896188200446e+02
4.482075267054335654e+02
4.501672234145900120e+02
4.521118464807867099e+02
4.540406240707768006e+02
4.559527457658977028e+02
4.578473626080029817e+02
4.597235872189905876e+02
4.615804940058663419e+02
4.634182841385361371e+02
4.653398306715197350e+02
4.672389850153966790e+02
4.692547252943062404e+02
4.713179598627306177e+02
4.733550435234761267e+02
4.753646098633757333e+02
4.773452776231887356e+02
4.792956568346458539e+02
4.812143548819121293e+02
4.830999824373250817e+02
4.849511592251334378e+02
4.867665195713042294e+02
4.885447177021468974e+02
4.902844327594605716e+02
4.919843735049936413e+02
4.936432826921385413e+02
4.952599410878537469e+02
4.968331711327202243e+02
4.983618402317175651e+02
4.998947266782201382e+02
5.014372493642379709e+02
5.029320063565727423e+02
5.043780023099877781e+02
5.057743018897257343e+02
5.071200324820958372e+02
5.084143864955654522e+02
5.096566232454173360e+02
5.108460704178978062e+02
5.119821251126180073e+02
5.130642544648101193e+02
5.140919958518541080e+02
5.150649566912949240e+02
5.159828138403406683e+02
5.168453126095838570e+02
5.176522654063700202e+02
5.184035500258761431e+02
5.190991076104922968e+02
5.197389403005323629e+02
5.203231086015723577e+02
5.208517284958347773e+02
5.213249683269217485e+02
5.217430454888759641e+02
5.221062229519119455e+02
5.224404692387812474e+02
5.228094204216073422e+02
5.232221834272635306e+02
5.235812473415689965e+02
5.238869132159389892e+02
5.241395141081368365e+02
5.243394145261022459e+02
5.244870097911608582e+02
5.245827253045234784e+02
5.246270157025800245e+02
5.246203638883981739e+02
5.245632799290574440e+02
5.245211158272345529e+02
5.244709688244757899e+02
5.243719558164061709e+02
5.242246139688221547e+02
5.240295042328112913e+02
5.237872109267135556e+02
5.234983410932936749e+02
5.231635236201185535e+02
5.227834081153069974e+02
5.223586635351201721e+02
5.218899765642080411e+02
5.213780497536866960e+02
5.208235994264929332e+02
5.202273533636140428e+02
5.195900482887535645e+02
5.189124271727101814e+02
5.181952363821795871e+02
5.174392227007822385e+02
5.166451302528432734e+02
5.158136973627482575e+02
5.149456533845759623e+02
5.140417155380931717e+02
5.131025857881039656e+02
5.121289478045383703e+02
5.111214640405409000e+02
5.100807729651595537e+02
5.090074864860574166e+02
5.079021875959563204e+02
5.067654282742981877e+02
5.055977276728911534e+02
5.043995706111041955e+02
5.031714064025377979e+02
5.019136480310436923e+02
5.006266716895585205e+02
4.993108166904862060e+02
4.980134753615751038e+02
4.967469162295262777e+02
4.954521775509693953e+02
4.941293894832953697e+02
4.927786544421008443e+02
4.914000507129590574e+02
4.899936362642421273e+02
4.885594527063313990e+02
4.870975293402328248e+02
4.856078872371232933e+02
4.840905432897027367e+02
4.825455141764735458e+02
4.809728201811736881e+02
4.793724888115869476e+02
4.777445581647945687e+02
4.760890799895935857e+02
4.744061224012397702e+02
4.726957722088051810e+02
4.709581368212195116e+02
4.691933457043672888e+02
4.674046737354394168e+02
4.655990837348958280e+02
4.637668671263104443e+02
4.619082473690983761e+02
4.600614605762200995e+02
4.582569784692262829e+02
4.564267939738331847e+02
4.545711403546105203e+02
4.527018197381861455e+02
4.509021971559711801e+02
4.490778275476723138e+02
4.472289365161524302e+02
4.454609090980551969e+02
4.436698391644546291e+02
4.418548617468245538e+02
4.400907438031935044e+02
4.384100363116904759e+02
4.368430357130843618e+02
4.352526435839874921e+02
4.336389104734907392e+02
4.320019087442216232e+02
4.304349193630897048e+02
4.288578437749014256e+02
4.272577415455908181e+02
4.256347293392044548e+02
4.239889595479942841e+02
4.223206219968006963e+02
4.206299449799612376e+02
4.189171956215963633e+02
4.171826795611649459e+02
4.154393373679146748e+02
4.137685524171207589e+02
4.120770563332935126e+02
4.103652236783765375e+02
4.086557746796128185e+02
4.070107097526991993e+02
4.053465238295751192e+02
4.036636323991625090e+02
4.020504475438077634e+02
4.004376334540615403e+02
3.988593796479570415e+02
3.973182603581860803e+02
3.957604542361879680e+02
3.941863548585036483e+02
3.925963734709420123e+02
3.909909381286435632e+02
3.893704924825316880e+02
3.877354942116593861e+02
3.861422825516170860e+02
3.846580100550405632e+02
3.831944396534682369e+02
3.817179495415623478e+02
3.802289009748939748e+02
3.787541995929970540e+02
3.773473412128564632e+02
3.759289632596221509e+02
3.744993836792654065e+02
3.730589266477269916e+02
3.716079217479665431e+02
3.701467026542831036e+02
3.686756053243102542e+02
3.672345310080373793e+02
3.658508678486066401e+02
3.644582255247292437e+02
3.630568533489725951e+02
3.616469911417760841e+02
3.602914994455933879e+02
3.589714955763513444e+02
3.577570069008947371e+02
3.566335193717713992e+02
3.555020359564242085e+02
3.543624818577773112e+02
3.532339268905051881e+02
3.522189152105368635e+02
3.512819960874901426e+02
3.504273367586001200e+02
3.495635313537569004e+02
3.486902186459235509e+02
3.478070385142981422e+02
3.469136362410255856e+02
3.460096663815133979e+02
3.450947961700385349e+02
3.441687084301732966e+02
3.432311039676372957e+02
3.423824728194495037e+02
3.415271560115222087e+02
3.406594115763412560e+02
3.397789591602440282e+02
3.388855452455630939e+02
3.379789439499820105e+02
3.370707838754885870e+02
3.362740335666794067e+02
3.355391025117504569e+02
3.347901141331543613e+02
3.340268394948109858e+02
3.332490800122627093e+02
3.324803765677314118e+02
3.317793690167521277e+02
3.310633783520560769e+02
3.303322581140309353e+02
3.295858930686929966e+02
3.288241987050689659e+02
3.280471201908170542e+02
3.272546307963012282e+02
3.264467298047346162e+02
3.256923073897093559e+02
3.249631595277227802e+02
3.242283188911119964e+02
3.234913705910326485e+02
3.228319573936808524e+02
3.221571187826893379e+02
3.214668232992461867e+02
3.208534625882165869e+02
3.202383328615681535e+02
3.196897428066820339e+02
3.192556088229457032e+02
3.188054727112200339e+02
3.183391212371328720e+02
3.178861625296142392e+02
3.174929659604995891e+02
3.170828785771571461e+02
3.166556593397440906e+02
3.162110834713795953e+02
3.157611486216926551e+02
3.153574710336256999e+02
3.149788666905741366e+02
3.145820874200318826e+02
3.141669403850420395e+02
3.138198918041406387e+02
3.134750501405792420e+02
3.132161149954701500e+02
3.129380204809779684e+02
3.126405645216037215e+02
3.123235767837534809e+02
3.119869198606556893e+02
3.116304898507312373e+02
3.112542163278577618e+02
3.108580617113935887e+02
3.104420200530841498e+02
3.100339154256520828e+02
3.096974257557315013e+02
3.093411164339729567e+02
3.089650171594351491e+02
3.085744974063082395e+02
3.081720233784809579e+02
3.077499701571453556e+02
3.074105153191139266e+02
3.070557575163705337e+02
3.067617621054726555e+02
3.065097002680446394e+02
3.063091957474620699e+02
3.060892107913245468e+02
3.058496816323266785e+02
3.056598008562652922e+02
3.054871941449267752e+02
3.052947923810322095e+02
3.050825048374877611e+02
3.048502566113898524e+02
3.045979902813342051e+02
3.043314449237417421e+02
3.041582803740078020e+02
3.039649692639715681e+02
3.037514652414432135e+02
3.035177458288143839e+02
3.032638134423177121e+02
3.030708548423334605e+02
3.029617651553813857e+02
3.028726870903878421e+02
3.027633475706367676e+02
3.026337421302476969e+02
3.024838972698009911e+02
3.023195150162503069e+02
3.022355982812951538e+02
3.021316341278777031e+02
3.020077018503465069e+02
3.018639109425745346e+02
3.017003999101482350e+02
3.015173344152371442e+02
3.013149047782234220e+02
3.010933228715064160e+02
3.008606368583663766e+02
3.006144851391807151e+02
3.003707361072846425e+02
3.001140551558303287e+02
2.998945114047484140e+02
2.998979170082860719e+02
2.999904008591837510e+02
3.000876069275066698e+02
3.002130762523026419e+02
3.003808553387852953e+02
3.005306003836779496e+02
3.006621464630866285e+02
3.007753255320824906e+02
3.009280752531475400e+02
3.011172900818924631e+02
3.012934615803476390e+02
3.014504348462966732e+02
3.015879980634621234e+02
3.017059546014921239e+02
3.018075838850253376e+02
3.018988429805178271e+02
3.019700235290640649e+02
3.020210143812438446e+02
3.020517295235637221e+02
3.020621087892712353e+02
3.020521181248035987e+02
3.020217494168075518e+02
3.019710198906413439e+02
3.018999710969223429e+02
3.019118309958821555e+02
3.019079450345987539e+02
3.018954361966385704e+02
3.018627801225999860e+02
3.018100515581900254e+02
3.017373428029541742e+02
3.016780525364911227e+02
3.016719112211461038e+02
3.016460612111439445e+02
3.016005776949396022e+02
3.015355468056872041e+02
3.014510645520937260e+02
3.014319359792993964e+02
3.014275309690793279e+02
3.014044073034995677e+02
3.013627902006274439e+02
3.013230279654837886e+02
3.012685908280589047e+02
3.011951680583096618e+02
3.011326182930828850e+02
3.011276526950753123e+02
3.011038532766858680e+02
3.010612352630462283e+02
3.010886487233906905e+02
3.011276384213356323e+02
3.011621488089619447e+02
3.012711084761469920e+02
3.013811400485612353e+02
3.014764308027653783e+02
3.015525109866511571e+02
3.016093117694667853e+02
3.016581565178504434e+02
3.016892873399132213e+02
3.017010320067814177e+02
3.017039363295243106e+02
3.016899636524435095e+02
3.016938880308615580e+02
3.017605545723503155e+02
3.018079501943553851e+02
3.018361032730262536e+02
3.018450626533056038e+02
3.018348978825349604e+02
3.018152351079624509e+02
3.017801446953927780e+02
3.017262621064219275e+02
3.016537368298991169e+02
3.015627358628818797e+02
3.014534423018785674e+02
3.013260537256317093e+02
3.011807803949376421e+02
3.010305905980758325e+02
3.008632514753979308e+02
3.006787157972014484e+02
3.004772246241636822e+02
3.002590209472562037e+02
3.000243473959357061e+02
2.997734439687125700e+02
2.995065458144797503e+02
2.992238810916255147e+02
2.989534576491087137e+02
2.987460982501750664e+02
2.985235055288129047e+02
2.982857919176966561e+02
2.980330579047368360e+02
2.977653924034105444e+02
2.974828732464785048e+02
2.971855677877013591e+02
2.968735335951374168e+02
2.965468192189716774e+02
2.962054650165991916e+02
2.958581709604999332e+02
2.955006615576458557e+02
2.951285942510884865e+02
2.947419861893355346e+02
2.943408507377710066e+02
2.939296063124555189e+02
2.935124767476658008e+02
2.930808463606032888e+02
2.926389641471827758e+02
2.921913843162588478e+02
2.917293257262001021e+02
2.912638928596376786e+02
2.907989686523534942e+02
2.903301377566803581e+02
2.898493721811097998e+02
2.893541978120350109e+02
2.888446365827026057e+02
2.883616307844406492e+02
2.879332474841008320e+02
2.874998052399343464e+02
2.870519289513577519e+02
2.865895929940400038e+02
2.861127809217725257e+02
2.856214870872018423e+02
2.851157181592076881e+02
2.845954945191009529e+02
2.840608515189840659e+02
2.835229039218698404e+02
2.829806676061502912e+02
2.824292090426023378e+02
2.818636451379810524e+02
2.812841006930443655e+02
2.806907194162630503e+02
2.800836639027262436e+02
2.794631154128265962e+02
2.788414450268440987e+02
2.782205900696014282e+02
2.775868949909832963e+02
2.769406111751638377e+02
2.762836968435139511e+02
2.756260789487758416e+02
2.749567107455210930e+02
2.742846305269338245e+02
2.736057120145110275e+02
2.729170803413864519e+02
2.723260505211190434e+02
2.717609149606308279e+02
2.711858268801549912e+02
2.706035799713846473e+02
2.700224276429414658e+02
2.694321403721814363e+02
2.688329984248367737e+02
2.682252856094798972e+02
2.676092891818164503e+02
2.669852997187875303e+02
2.663536109583948246e+02
2.657197030186536608e+02
2.650942343413363460e+02
2.644673028976590103e+02
2.638404212544949701e+02
2.632138401063789388e+02
2.625813816123537663e+02
2.619441734631610643e+02
2.613139227671998128e+02
2.606858003380102673e+02
2.600590015026042465e+02
2.594333335494251287e+02
2.588131008097024619e+02
2.582087801358529191e+02
2.576056214211405972e+02
2.569993590278452871e+02
2.563902895679133849e+02
2.557787046337019490e+02
2.551648901940789074e+02
2.545491260134664628e+02
2.539316850997828396e+02
2.533128331868406349e+02
2.526928282562693937e+02
2.520719201034831656e+02
2.514503499516106046e+02
2.508283501166559404e+02
2.502061437264924564e+02
2.495839444956016564e+02
2.489655938179821533e+02
2.483570431305879254e+02
2.477490838329052281e+02
2.471418916298210604e+02
2.465356325427267166e+02
2.459304630218894658e+02
2.453265301100437341e+02
2.447239716544424653e+02
2.441229165642462249e+02
2.435234851098199442e+02
2.429257892602580569e+02
2.423299330552808613e+02
2.417360130075121560e+02
2.411441185310874857e+02
2.405543323925169545e+02
2.399667311797712159e+02
2.393813857856269181e+02
2.387983619014359817e+02
2.382177205176299140e+02
2.376395184274576309e+02
2.370638087306637090e+02
2.364906413340406175e+02
2.359200634460337938e+02
2.353521200628306644e+02
2.347868544436246907e+02
2.342243085730047767e+02
2.336645236086823445e+02
2.331141988493464510e+02
2.325730896785449318e+02
2.320391768840873681e+02
2.315297921873608402e+02
2.310235314003631117e+02
2.305202906364471289e+02
2.300201185655202778e+02
2.295230659492250709e+02
2.290291859143310376e+02
2.285385342054022431e+02
2.280511694169635462e+02
2.275671532054602437e+02
2.270865504813672544e+02
2.266094295818416242e+02
2.261358624243379154e+02
2.256659246416112694e+02
2.251996956985307463e+02
2.247372589911003899e+02
2.242787019280587799e+02
2.238241159953813906e+02
2.233862302289527122e+02
2.229529096488058713e+02
2.225238609966257002e+02
2.220991931316136743e+02
2.216790190639412685e+02
2.212634559202806201e+02
2.208526248927681763e+02
2.204466511711933663e+02
2.200456638581356117e+02
2.196497958667107184e+02
2.192591838005324973e+02
2.188739678154470596e+02
2.184942914625623587e+02
2.181203015120658506e+02
2.177521477573138782e+02
2.173899827986745663e+02
2.170339618066249159e+02
2.166842422636331378e+02
2.163409836844123788e+02
2.160043473141977302e+02
2.156744958047913769e+02
2.153515928682266178e+02
2.150358029080368283e+02
2.147272906282601923e+02
2.144358849029828491e+02
2.141630026106151661e+02
2.139033731894712105e+02
2.136516779457822963e+02
2.134080779804689314e+02
2.131727319135871141e+02
2.129457953582720506e+02
2.127274203812529834e+02
2.125177549522471736e+02
2.123169423848426902e+02
2.121251207717758689e+02
2.119438591867471757e+02
2.117834414733267465e+02
2.116323928408984898e+02
2.114908256101816164e+02
2.113588440952953817e+02
2.112365440821451443e+02
2.111240123289391875e+02
2.110213260935498738e+02
2.109285526924929286e+02
2.108457490963158136e+02
2.107729615661293394e+02
2.107102253359092856e+02
2.106575643450043742e+02
2.106149910250332482e+02
2.105825061450170779e+02
2.105600987181869073e+02
2.105477459734143793e+02
2.105454133936546839e+02
2.105530548231507169e+02
2.105706126444461290e+02
2.105980180254832987e+02
2.106351912362437417e+02
2.106820420335160406e+02
2.107384701114796712e+02
2.108043656148628031e+02
2.108796097105071397e+02
2.109640752122470246e+02
2.110576272531113489e+02
2.111601239980031153e+02
2.112714173892142639e+02
2.113913539164141184e+02
2.115197754021274648e+02
2.116565197932089291e+02
2.118014219484315674e+02
2.119543144120749787e+02
2.121150281633022701e+02
2.122956864644773987e+02
2.124845650733623472e+02
2.126807568990777781e+02
2.128840940745771206e+02
2.130944102094001096e+02
2.133115407958506466e+02
2.135353235312659024e+02
2.137655985515134773e+02
2.140022085721926999e+02
2.142449989354596198e+02
2.144938175619084575e+02
2.147485148085051492e+02
2.150089432351514915e+02
2.152749572840269536e+02
2.155464128773867003e+02
2.158231669409493634e+02
2.161050768613644095e+02
2.163919998874756629e+02
2.166837924861675049e+02
2.169803096644706955e+02
2.173599572010656402e+02
2.177716371681459009e+02
2.181874681625982362e+02
2.186072251853074988e+02
2.190418595751085604e+02
2.194818250977683931e+02
2.199250445482317673e+02
2.203712976750322809e+02
2.208283001575012463e+02
2.212930048179138964e+02
2.217601051101927112e+02
2.222357838065340729e+02
2.227201034518789129e+02
2.232062276779631134e+02
2.236966042836267832e+02
2.241988213824710954e+02
2.247245780296681801e+02
2.252552354419301537e+02
2.257868431230534156e+02
2.263192504184680729e+02
2.268572304026968709e+02
2.274038399542289426e+02
2.279508324392054988e+02
2.284980795071469117e+02
2.290454571020241872e+02
2.295928449360604588e+02
2.301401259347536268e+02
2.306871856620856249e+02
2.312339117346717217e+02
2.317801932332423291e+02
2.323339813139535295e+02
2.328920756207655245e+02
2.334493968353868070e+02
2.340058349730968530e+02
2.345705321677469328e+02
2.351379005214089943e+02
2.357040477375353760e+02
2.362731352421128008e+02
2.368495181381333907e+02
2.374243212506281111e+02
2.380103165356962620e+02
2.385946116460632140e+02
2.391769404405965531e+02
2.397571666082896797e+02
2.403351497825853755e+02
2.409107454764571514e+02
2.414838050483054985e+02
2.420545147192722197e+02
2.426374182005756950e+02
2.432279996879556734e+02
2.438154115696772806e+02
2.443994862768226426e+02
2.449800523473783755e+02
2.455667059052329364e+02
2.461527570909111660e+02
2.467347641676838066e+02
2.473125418361949812e+02
2.478859014169588022e+02
2.484546509618349717e+02
2.490185953668820105e+02
2.495775364867567419e+02
2.501426431774189041e+02
2.507040037102575525e+02
2.512597508640913588e+02
2.518096762822600567e+02
2.523547380830954125e+02
2.529054168670642184e+02
2.534523915738367918e+02
2.540141334622515785e+02
2.545708462017273916e+02
2.551204480329286355e+02
2.556627194751283980e+02
2.562063064903591680e+02
2.567570690351784037e+02
2.573104634100996577e+02
2.578603007902883633e+02
2.584017055605061159e+02
2.589344582115256799e+02
2.594583399893169258e+02
2.599731332655106257e+02
2.604786219203085125e+02
2.609745917347238446e+02
2.614608307885810632e+02
2.619429785588310438e+02
2.624221631519437210e+02
2.628910000876601885e+02
2.633492913428639213e+02
2.637968431199660131e+02
2.642334661865804719e+02
2.646589761886858696e+02
2.650811605606973558e+02
2.655072130732862661e+02
2.659243954385617030e+02
2.663297845046897123e+02
2.667232252815833249e+02
2.671045687480977335e+02
2.674830963006348270e+02
2.678528538692236793e+02
2.682101041370121948e+02
2.685547224219458258e+02
2.688865896166461198e+02
2.692055919639309423e+02
2.695116207885379254e+02
2.698045721883822239e+02
2.700862805826836848e+02
2.703658142092536423e+02
2.707121650317515105e+02
2.710710409677247412e+02
2.714244028842484227e+02
2.717688409017543449e+02
2.720993269798735241e+02
2.724205494656887936e+02
2.727357662430120513e+02
2.730366529683873296e+02
2.733462179340538682e+02
2.736442000195170294e+02
2.739275682591342616e+02
2.741962511485830873e+02
2.744603622052180185e+02
2.747125382227384307e+02
2.749498850718891845e+02
2.751723774904525044e+02
2.754263669173521407e+02
2.757265329412721826e+02
2.760235214665501076e+02
2.763054809492828099e+02
2.765723657222782776e+02
2.768282551005034975e+02
2.770779286397167880e+02
2.773191407940908562e+02
2.775515542302999847e+02
2.777688309449706026e+02
2.779709900488458061e+02
2.781580594704225291e+02
2.783300750225558886e+02
2.784870793332749486e+02
2.786291206591436662e+02
2.787562516016420204e+02
2.788685277488102656e+02
2.790796550676792549e+02
2.792815594324208632e+02
2.794686412314333666e+02
2.796408883200944615e+02
2.798947351321823476e+02
2.801434220924230658e+02
2.803831185324908688e+02
2.806147642211550988e+02
2.808345878898728643e+02
2.810489273523793941e+02
2.812588611185485661e+02
2.814557048456555322e+02
2.816372440467590081e+02
2.818054498679474591e+02
2.819693979756522140e+02
2.821180588146708033e+02
2.822514693483281576e+02
2.823696824011796025e+02
2.824727665596621478e+02
2.825608058009574961e+02
2.827115214528867568e+02
2.828889768440678267e+02
2.830516072412495419e+02
2.831994823011532958e+02
2.833326855395528128e+02
2.834547560657725853e+02
2.835744630171446943e+02
2.837876466961109827e+02
2.839954613979676310e+02
2.841890728550392851e+02
2.843685624556333664e+02
2.845340204042323080e+02
2.846927526717540218e+02
2.848434787615327082e+02
2.849804844709543659e+02
2.851038807526004462e+02
2.852137779148303025e+02
2.853102826880536327e+02
2.853934949977305564e+02
2.854635044797129240e+02
2.855310052737514752e+02
2.856810180401858474e+02
2.858814661708048561e+02
2.862175736655856895e+02
2.865402403703967025e+02
2.868727006874064500e+02
2.872105676377134387e+02
2.875434387315139020e+02
2.878617311017027305e+02
2.881772697493184978e+02
2.884784027958265256e+02
2.887638846112666329e+02
2.890333190030735864e+02
2.892869047839293444e+02
2.895407789024966405e+02
2.898787461767941522e+02
2.901988292302691548e+02
2.905004764276897049e+02
2.907831239391104532e+02
2.910461980445784889e+02
2.913704062313915983e+02
2.916987400731016464e+02
