1.800615400628438465e+02
1.818487504018008849e+02
1.836415399175044456e+02
1.854387890059065285e+02
1.872392564541536331e+02
1.890415887999484710e+02
1.908443306526741878e+02
1.926459359112050436e+02
1.944447798094915072e+02
1.962391717112714105e+02
1.980273685605415608e+02
1.998075888759265695e+02
2.015780271562120731e+02
2.033368685425587046e+02
2.050823035617768539e+02
2.068125427559404557e+02
2.085258309878337002e+02
2.102204612003680211e+02
2.118947874020659015e+02
2.135472366506436970e+02
2.151763198130830972e+02
2.167806408935199443e+02
2.183589047398052969e+02
2.199099229654121928e+02
2.214326179550592997e+02
2.229260248593351719e+02
2.243892915249766133e+02
2.258216763523020632e+02
2.272225441186298269e+02
2.285913598551223060e+02
2.299276809132116739e+02
2.312311474043017938e+02
2.325014712415106430e+02
2.337384240535691902e+02
2.349418242773409133e+02
2.363677784080986441e+02
2.377964617582351252e+02
2.391904217349069484e+02
2.405491454707382388e+02
2.418721359931224129e+02
2.431589124009436205e+02
2.444090106989360436e+02
2.456219853755425504e+02
2.468091488963482618e+02
2.479597556427062273e+02
2.490720430041285738e+02
2.501456730973134199e+02
2.511803475391406550e+02
2.521758143345377050e+02
2.531318755255557562e+02
2.540483954645224856e+02
2.549253095305172394e+02
2.557626330653986884e+02
2.565604702652215110e+02
2.573190227272214656e+02
2.580385973237926009e+02
2.587196130551006377e+02
2.593626065230592417e+02
2.599682356728811783e+02
2.605372814654290892e+02
2.610706471746958073e+02
2.615693550499092908e+02
2.620345401402846619e+02
2.624674411509432161e+02
2.628693882789982013e+02
2.632479299211241823e+02
2.636056617411376806e+02
2.639368149503191603e+02
2.642429077590993529e+02
2.645254482600241204e+02
2.648347191735859383e+02
2.655837281195404103e+02
2.663122617111244494e+02
2.670205358913088389e+02
2.677086942651224604e+02
2.683768149770835407e+02
2.690249164637112926e+02
2.696529617697819390e+02
2.702608611999439745e+02
2.708484731699375629e+02
2.714156032198295634e+02
2.719620012510808351e+02
2.724873571455175920e+02
2.729912950132453489e+02
2.734733663944002160e+02
2.739330428030964413e+02
2.743697080484243997e+02
2.747826507949779966e+02
2.751710578331342276e+02
2.755340085169345912e+02
2.758704707955496360e+02
2.761792992142717367e+02
2.764592351948724058e+02
2.767089098256141710e+02
2.769268493013607326e+02
2.771114830576191821e+02
2.772611545427328110e+02
2.773741344737185273e+02
2.774486363273015286e+02
2.774828337323349388e+02
2.774748793564945117e+02
2.774229248221149078e+02
2.773251411459139035e+02
2.771797391772320225e+02
2.769849895106576128e+02
2.767392413720213540e+02
2.764409400214407810e+02
2.763257976308749448e+02
2.763618265124381423e+02
2.764546860401565027e+02
2.764980044889188093e+02
2.764799987394422374e+02
2.763992340871299120e+02
2.762545489869939388e+02
2.760450746467387262e+02
2.757702494480532778e+02
2.754298282707308658e+02
2.750238869526865528e+02
2.749978605615268066e+02
2.750895689170579317e+02
2.751154805149077447e+02
2.750756116530381519e+02
2.749704034880521135e+02
2.748007515239435747e+02
2.745680273676574643e+02
2.742740917873028366e+02
2.739212982520271567e+02
2.735124862978472606e+02
2.730509642483391417e+02
2.725404810203933152e+02
2.719851869609546497e+02
2.713895838889233687e+02
2.707584647557073367e+02
2.700968435870850044e+02
2.694098766268550094e+02
2.687027758676445046e+02
2.679807164239335862e+02
2.672487394731213612e+02
2.665116527569957725e+02
2.657739308904998552e+02
2.650396179570368531e+02
2.645792254253339593e+02
2.642675757209798917e+02
2.639668339640412569e+02
2.636778285890400184e+02
2.634006606297320445e+02
2.631346982452818679e+02
2.628785901049481026e+02
2.626302987734387671e+02
2.623871546358778346e+02
2.621459301660183314e+02
2.619029334906205122e+02
2.616541192660862407e+02
2.613952139027697399e+02
2.611218512021694664e+02
2.608297135765763528e+02
2.605146732699831773e+02
2.601729274645340979e+02
2.598011209049994363e+02
2.593964497596732599e+02
2.592900299428502535e+02
2.591634044660765994e+02
2.589983779284972343e+02
2.590981507688600232e+02
2.593490020254366755e+02
2.595599459965615097e+02
2.597312050971364101e+02
2.598634399138268805e+02
2.602326919371039935e+02
2.618694335460410798e+02
2.634633613214396064e+02
2.650098811423833354e+02
2.665048100508935818e+02
2.679445211886944662e+02
2.693260636406141089e+02
2.706472519892008677e+02
2.721803097657662533e+02
2.737530128701527019e+02
2.752627078631992958e+02
2.767324332801135256e+02
2.781627622879763635e+02
2.795337504071807189e+02
2.808478741921950359e+02
2.821080517524196125e+02
2.833175125704017319e+02
2.844796639750380791e+02
2.855979596838788552e+02
2.866757751878511158e+02
2.877162939591975714e+02
2.888844028380700024e+02
2.900964709975121991e+02
2.912782323374881912e+02
2.924309938147853245e+02
2.935555630122441357e+02
2.946522421773655651e+02
2.964650020414072742e+02
2.982864616960603712e+02
3.000780841955295273e+02
3.018561255518757207e+02
3.035937555083694974e+02
3.052875886440983777e+02
3.069343674995506035e+02
3.085310658630926355e+02
3.100749768707481735e+02
3.115637831283519290e+02
3.129956067666158219e+02
3.143690380654376781e+02
3.156831420166577118e+02
3.169374429202581496e+02
3.181318878162727515e+02
3.192667902338849899e+02
3.203427563816138104e+02
3.213605964993379303e+02
3.223212246341193463e+02
3.232255505752019644e+02
3.240743680744777748e+02
3.248682437694791361e+02
3.256074113966105301e+02
3.262916759114061733e+02
3.269203319987253167e+02
3.274921011400104476e+02
3.280050908928267859e+02
3.284567793236718103e+02
3.289758194071135904e+02
3.298393078840265389e+02
3.308556348778769802e+02
3.318904440550869026e+02
3.328389586917575684e+02
3.336947384222821142e+02
3.344515219468275973e+02
3.351034225090537007e+02
3.356451159415390748e+02
3.360720128888531235e+02
3.363804072056621521e+02
3.365675933849539092e+02
3.366319471825693199e+02
3.365729653163529065e+02
3.363912621445803666e+02
3.360885234515754405e+02
3.356674197484235265e+02
3.351314836810135489e+02
3.348891560425706757e+02
3.357852063640347637e+02
3.365725967765663427e+02
3.372506728313103395e+02
3.378195316751422865e+02
3.382801448880886710e+02
3.386344490086177075e+02
3.388853982103887574e+02
3.390369756274986912e+02
3.390941620296619021e+02
3.390628627738728369e+02
3.389497960610551672e+02
3.387623473788065667e+02
3.385083965151111443e+02
3.381961246155488539e+02
3.378338093953073553e+02
3.377456780848247035e+02
3.376621844683369886e+02
3.375509404430795257e+02
3.374180839917047479e+02
3.372689722900376523e+02
3.371080758362153915e+02
3.369389021230207959e+02
3.367639501001887652e+02
3.365846954606591339e+02
3.364016056726096053e+02
3.362141826952581596e+02
3.360210304784054074e+02
3.358199436628369767e+02
3.356080133750780874e+02
3.353817456463152098e+02
3.351371877809216357e+02
3.348700579539397495e+02
3.345758734277884514e+02
3.342500730442416739e+02
3.338881300641856456e+02
3.334856519866801818e+02
3.330384646667761785e+02
3.325426788475726880e+02
3.319947380972155884e+02
3.313914480589260734e+02
3.307299878375214917e+02
3.300079052100156218e+02
3.292230981097105769e+02
3.283737854436437829e+02
3.274584707198152955e+02
3.276794960019386167e+02
3.278630181144815765e+02
3.279693964105873079e+02
3.279943376486762077e+02
3.279342295541344470e+02
3.277862775065061669e+02
3.275486186102736497e+02
3.272204077753409592e+02
3.268018715322634193e+02
3.262943266358921619e+02
3.257001620011837986e+02
3.250227840897038618e+02
3.242665274438504639e+02
3.234365335674297626e+02
3.225386027001209186e+02
3.215790241626627335e+02
3.205643918047923080e+02
3.204452127101426981e+02
3.205405268065273958e+02
3.205935457193097591e+02
3.206067027360734869e+02
3.205823414164964902e+02
3.205227324300997793e+02
3.204300890555612114e+02
3.203065789703949235e+02
3.201543303652117061e+02
3.199754309496653946e+02
3.197719190302677816e+02
3.195457664833373883e+02
3.192988540710596794e+02
3.190329401118668784e+02
3.187496239835123220e+02
3.184503062838198275e+02
3.181361476868360114e+02
3.178080286083819601e+02
3.174665117420133811e+02
3.171118093592400555e+02
3.167437570075593385e+02
3.163617949108684115e+02
3.159649580049806445e+02
3.155518751513639586e+02
3.151207776876385651e+02
3.146695171131329403e+02
3.141955913869905999e+02
3.136961790455357004e+02
3.131681801310382980e+02
3.126082627678545691e+02
3.120129141228381968e+02
3.113784944410318758e+02
3.107012928489568253e+02
3.099775836592590963e+02
3.092036819843529543e+02
3.083759975654126038e+02
3.074910858394198385e+02
3.065456953946310250e+02
3.055368110983137058e+02
3.044616923155837185e+02
3.033179057712484337e+02
3.021033527353121144e+02
3.008162903355698177e+02
2.994553469164824833e+02
2.980195314716973485e+02
2.965082372778437616e+02
2.952088243096980591e+02
2.938633477294479235e+02
2.924419372339761480e+02
2.909450156525089710e+02
2.893733712619404059e+02
2.877281459683227922e+02
2.860108194008467422e+02
2.842231892691348207e+02
2.823673483892197851e+02
2.805919880006401854e+02
2.790707725796107184e+02
2.774879719766783523e+02
2.758457437142276376e+02
2.741464591886332300e+02
2.723926972906760966e+02
2.705872355372497964e+02
2.687330385206119558e+02
2.668332435515317229e+02
2.648911434514740222e+02
2.629101665334025029e+02
2.608938538977210442e+02
2.588458342561125392e+02
2.567697965785226870e+02
2.546694609344243361e+02
2.525485479662719968e+02
2.504107474885747990e+02
2.482596867485794974e+02
2.460988989129279787e+02
2.439317923580759953e+02
2.417616213404066627e+02
2.395914586049924537e+02
2.374241704603614380e+02
2.352623948013041684e+02
2.331085225039207955e+02
2.309646825482203099e+02
2.288327311453759307e+02
2.267142450611049469e+02
2.246105192356520206e+02
2.225225687067222964e+02
2.204511347467185374e+02
2.183966950321486138e+02
2.163594775734602536e+02
2.143394780501915022e+02
2.123364801214423778e+02
2.103500782174357937e+02
2.083797022662205336e+02
2.064246437720267693e+02
2.044840826396459761e+02
2.025899327738084423e+02
2.007408292613503704e+02
1.989033200122353264e+02
1.970763751920341349e+02
1.952589796293920301e+02
1.934501528267326478e+02
1.916489661644648663e+02
1.898545570509618869e+02
1.880661398614163886e+02
1.862830136005699160e+02
1.845045663141216039e+02
1.827302763583215892e+02
1.811693151932876731e+02
1.799290769764450033e+02
1.786904409177967921e+02
1.774521865313649869e+02
1.762132398643547333e+02
1.749726948176366079e+02
1.737298298344528575e+02
1.724841194742313633e+02
1.712352405364382264e+02
1.699830725621447414e+02
1.687276927123376709e+02
1.674693651954995914e+02
1.662085255859800270e+02
1.649457605327150702e+02
1.636817834989274729e+02
1.624286936708584790e+02
1.615858623775612557e+02
1.607436613885630265e+02
1.599022896257496598e+02
1.591592961832923550e+02
1.584223212987746479e+02
1.576867568301934455e+02
1.569527900006561083e+02
1.562206075168184327e+02
1.554903911850672102e+02
1.548845638539331446e+02
1.543458637932799604e+02
1.538825418428502303e+02
1.534275711071932449e+02
1.529745423838703857e+02
1.525233632614489920e+02
1.520739492548698024e+02
1.516262286082177297e+02
1.511801465925438492e+02
1.507356690623543614e+02
1.502927850529332545e+02
1.498515082281992932e+02
1.494118770245956114e+02
1.489739533795477087e+02
1.485378199819331542e+02
1.481035760351695671e+02
1.476713315790651961e+02
1.472412004724582744e+02
1.468132921927537211e+02
1.463877026586116017e+02
1.459645043261977264e+02
1.456490549101289957e+02
1.456741304634795426e+02
1.457005592541268015e+02
1.457274347867755182e+02
1.457538365749916238e+02
1.457788466226863022e+02
1.458015649659994892e+02
1.458211239073769150e+02
1.458367006240251555e+02
1.458475278919391656e+02
1.458529027319316356e+02
1.458585068714317572e+02
1.458650303204947818e+02
1.458644324651922375e+02
1.458563102831324443e+02
1.458403350950781316e+02
1.458162484742328502e+02
1.457838565458899041e+02
1.457430229399789141e+02
1.456936606809859427e+02
1.456357233113417351e+02
1.455691955460378040e+02
1.454940837486591363e+02
1.454104065032140056e+02
1.453181855333126578e+02
1.452174371917615758e+02
1.451081647109270136e+02
1.449963184361081687e+02
1.448836740784152539e+02
1.447623748255802525e+02
1.446323147431985774e+02
1.444933515769057522e+02
1.443453055502485256e+02
1.441879592677526603e+02
1.440210586529763930e+02
1.438443148320980640e+02
1.436574068586199644e+02
1.434599851639977999e+02
1.432516756122419395e+02
1.430320840334931916e+02
1.428008011118746197e+02
1.425574075061514634e+02
1.423014790874383948e+02
1.420325921859152629e+02
1.417503287478015181e+02
1.414542813142504940e+02
1.411440577449654086e+02
1.408192856208421802e+02
1.404796162714877710e+02
1.401247283847858398e+02
1.397543311665513670e+02
1.393681670285663188e+02
1.389660137927911023e+02
1.385476864082020541e+02
1.381130381844835711e+02
1.376619615536680499e+02
1.371943883767866339e+02
1.367102898176996746e+02
1.362096758105626293e+02
1.356925941509098834e+02
1.351591292431779152e+02
1.346094005397036426e+02
1.340435607078917428e+02
1.334617935634234698e+02
1.328643118081169519e+02
1.322513546114194867e+02
1.316231850745318184e+02
1.309800876158894312e+02
1.303223653161504672e+02
1.296503372599929094e+02
1.289643359108953860e+02
1.282647045536594135e+02
1.275517948377153488e+02
1.268259644522154019e+02
1.260875749615426287e+02
1.253369898271274678e+02
1.245745726383568694e+02
1.238006855718712842e+02
1.230207499684062071e+02
1.222385297639794288e+02
1.214459072666539186e+02
1.206432294985429508e+02
1.198308381765973536e+02
1.190090697073872690e+02
1.181782554194650601e+02
1.173387220141624994e+02
1.165402887883056593e+02
1.158098593307599344e+02
1.150715355890403657e+02
1.143255405336808650e+02
1.135721025313124386e+02
1.128114586198660163e+02
1.120438576257775765e+02
1.112695630462238512e+02
1.104888556233874510e+02
1.097020355434242731e+02
1.089094242000974759e+02
1.081113654718418644e+02
1.073082264711470089e+02
1.065003977364000747e+02
1.056882928484517947e+02
1.048723474668851026e+02
1.040530177939707244e+02
1.032307784872623984e+02
1.024061200543935399e+02
1.015795457755542515e+02
1.007515682100500811e+02
9.992270535297390666e+01
9.909347651611454921e+01
9.847698814052313310e+01
9.787026064046955298e+01
9.726418231525498470e+01
9.665899175454411818e+01
9.605492718691448317e+01
9.546040772897518423e+01
9.487304706403556054e+01
9.428754656172090165e+01
9.370416269672683995e+01
9.312315942440085337e+01
9.254480871805375841e+01
9.196939071225318685e+01
9.139719344860549199e+01
9.082851222975332917e+01
9.026364859621527614e+01
8.970290894904825052e+01
8.914660284891070319e+01
8.859504102877097864e+01
8.804853316309521460e+01
8.750738544076048697e+01
8.697189799210060812e+01
8.644236222238347978e+01
8.591905810464095339e+01
8.540225148418078049e+01
8.489219144537364059e+01
8.438910778853323791e+01
8.389320866102393381e+01
8.340467838227023378e+01
8.292367549727217124e+01
8.245033108769570163e+01
8.198474736377745842e+01
8.152699655430640746e+01
8.107712010597025198e+01
8.063512819751620953e+01
8.020099956859276347e+01
7.977468165791634647e+01
7.935609104062520203e+01
7.894511415041702662e+01
7.854160826835565956e+01
7.814540275711463835e+01
7.775630051690885125e+01
7.737454542924089651e+01
7.701264435486135085e+01
7.666261377223464990e+01
7.632629619200392312e+01
7.599576652001869093e+01
7.567071022310102535e+01
7.535080044974615987e+01
7.503570028997771146e+01
7.472506501984392457e+01
7.441854430932708908e+01
7.411578437442486234e+01
7.381930496834738165e+01
7.353679253356503409e+01
7.325698029656359722e+01
7.297952146657198114e+01
7.270407519734199298e+01
7.243030811940451485e+01
7.215789574099176207e+01
7.188652371473136782e+01
7.161588896886499356e+01
7.134570070324294022e+01
7.107568125169665052e+01
7.080556681358464743e+01
7.053510805834879704e+01
7.026407060780722702e+01
6.999223540165455404e+01
6.971939895224552686e+01
6.944537349521098690e+01
6.916998704280774746e+01
6.889308334714353066e+01
6.861452178055466788e+01
6.833417714046143487e+01
6.805193938598910108e+01
6.776771331353732819e+01
6.748356241687281454e+01
6.720878473724368973e+01
6.693181920338120960e+01
6.665262665683900423e+01
6.637118047571584611e+01
6.608746602229219036e+01
6.580148007286368284e+01
6.551323023460841455e+01
6.522273435395571539e+01
6.493001992055356197e+01
6.463512347056874319e+01
6.433808999269628259e+01
6.403897233990952031e+01
6.373783064964869993e+01
6.343473177482891856e+01
6.312974872774358204e+01
6.282296013865560980e+01
6.251444973060021937e+01
6.220430581167120465e+01
6.189876610772174104e+01
6.159923620628950403e+01
6.129836174921162240e+01
6.099781551293126114e+01
6.070828129322756439e+01
6.041771876831545285e+01
6.012623760888266133e+01
5.983394872343119175e+01
5.954096393279971267e+01
5.925683590108420873e+01
5.897680435826118384e+01
5.869641660416543516e+01
5.841578627506201826e+01
5.813502658732660677e+01
5.785425012650614462e+01
5.757356865347673391e+01
5.729619663555214970e+01
5.702966209764681338e+01
5.676355230732567492e+01
5.649806981097169256e+01
5.624555289074501729e+01
5.599377980363931329e+01
5.574285392107039172e+01
5.549287677469728663e+01
5.524394798626799741e+01
5.499616520784212526e+01
5.474962407176317214e+01
5.450441814976858979e+01
5.426063892064702543e+01
5.402080308412450194e+01
5.379358830144884962e+01
5.356806290200832876e+01
5.334431068384188279e+01
5.312241329949451796e+01
5.290245026380618043e+01
5.269072865033291464e+01
5.248871570777867390e+01
5.228886439886927207e+01
5.209895495245766028e+01
5.191564193263457838e+01
5.173470164808117744e+01
5.155620071874690780e+01
5.138020383734383500e+01
5.120677380892291808e+01
5.103597159240527503e+01
5.086785634382442822e+01
5.070248546105022314e+01
5.053991462978112992e+01
5.038019787060714805e+01
5.022338758695840255e+01
5.006953461376930647e+01
4.991868826669966808e+01
4.977089639176774938e+01
4.962620541526001006e+01
4.948466039379490411e+01
4.934630506442680087e+01
4.921118189468700166e+01
4.907933213246676019e+01
4.895079585565698466e+01
4.882561202146607826e+01
4.870381851534551743e+01
4.858545219946014981e+01
4.847054896064535257e+01
4.835914375780109964e+01
4.826147107520466051e+01
4.817359136222000160e+01
4.810020418555206589e+01
4.803045020077908589e+01
4.796436226182983376e+01
4.790197256578277063e+01
4.784331269556309252e+01
4.778841366184133221e+01
4.773730594412040062e+01
4.769001953100063673e+01
4.764658395961535575e+01
4.760702835423060719e+01
4.757138146400590983e+01
4.753967169991346964e+01
4.751192717081581662e+01
4.748817571870230125e+01
4.746844495308673118e+01
4.745276228456918943e+01
4.745159471701728648e+01
4.745810538366711739e+01
4.746874729663288406e+01
4.748354841476905364e+01
4.750253665386834001e+01
4.752573991546397991e+01
4.755318611483401980e+01
4.758490320821305630e+01
4.762091921921782500e+01
4.766126226449245706e+01
4.770596057857846972e+01
4.775504253801503296e+01
4.780853668467344164e+01
4.786647174833022689e+01
4.792887666848178441e+01
4.800108311822034324e+01
4.808612096341406783e+01
4.817571820960746010e+01
4.826990574567704329e+01
4.836871476825636051e+01
4.847217679913931931e+01
4.858032370192252358e+01
4.869318769788157653e+01
4.881080138107520838e+01
4.893319773266944139e+01
4.906041013447273258e+01
4.919247238167102410e+01
4.932941869475074270e+01
4.947128373059494066e+01
4.961810259273704560e+01
4.976991084075421412e+01
4.992674449877986120e+01
5.008864006311428341e+01
5.025563450890792438e+01
5.042776529589205836e+01
5.060507037312679302e+01
5.078758818273608000e+01
5.097535766259472467e+01
5.116841824793164051e+01
5.136680987180884017e+01
5.157057296443474570e+01
5.177974845126500014e+01
5.199437774984302507e+01
5.221450276532767276e+01
5.244016588465201778e+01
5.267799680602264800e+01
5.292882383588158035e+01
5.318532042447505859e+01
5.344753180612863019e+01
5.371550364536516753e+01
5.398928202161698664e+01
5.426891341206898289e+01
5.455444467254217500e+01
5.484592301632440581e+01
5.514339599084686938e+01
5.544691145210242667e+01
5.575651753669379929e+01
5.607226263139474298e+01
5.639419534010186652e+01
5.672236444804605071e+01
5.705681888312918915e+01
5.739760767424144916e+01
5.774874937066584124e+01
5.811630644146725189e+01
5.849034638803573216e+01
5.887091916698674510e+01
5.925807457705432313e+01
5.965186219602565387e+01
6.005233131344328257e+01
6.045953085886754508e+01
6.087350932548260829e+01
6.129431468882224010e+01
6.172199432037839983e+01
6.215659489585048902e+01
6.259816229777830188e+01
6.304674151229593804e+01
6.350237651973066022e+01
6.396511017876253646e+01
6.443498410384803776e+01
6.491203853560348591e+01
6.539631220382990762e+01
6.588784218285442762e+01
6.638666373885048699e+01
6.689281016878990727e+01
6.740631263067112400e+01
6.792719996465660870e+01
6.845549850474645837e+01
6.899123188060278267e+01
6.953442080913787038e+01
7.008508287546520421e+01
7.064323230281435428e+01
7.120887971099936919e+01
7.178203186303340999e+01
7.236269139947516749e+01
7.295085656009904085e+01
7.354652089247773006e+01
7.414967294707521717e+01
7.476029595845470510e+01
7.537836751221429665e+01
7.600385919728329043e+01
7.663673624322248656e+01
7.727695714220251944e+01
7.792447325535474079e+01
7.857922840322760294e+01
7.924115844011579668e+01
7.991019081207892327e+01
8.058624409851722703e+01
8.126922753723198412e+01
8.196454408936527614e+01
8.267463893331451175e+01
8.339133185570214835e+01
8.411449054567640360e+01
8.484397073165411030e+01
8.557961561058361610e+01
8.632125526277684457e+01
8.706870605312781208e+01
8.782177001971878383e+01
8.858023425100616066e+01
8.935503860273988153e+01
9.013730018318155146e+01
9.092422892216420394e+01
9.171554664135049961e+01
9.251095698609825035e+01
9.331014477314514011e+01
9.411277534265288125e+01
9.491849391824111137e+01
9.572692497906922426e+01
9.653767164849448079e+01
9.735031510433032054e+01
9.816441401626569530e+01
9.897950401657038810e+01
9.979509721081795703e+01
1.006106817359933245e+02
1.014257213740181669e+02
1.022396552294346037e+02
1.030518974807088313e+02
1.038618372153762692e+02
1.046688383600185972e+02
1.054722397168552277e+02
1.062713551195217150e+02
1.070654737214057519e+02
1.078538604306851880e+02
1.086357565069736779e+02
1.094103803351848114e+02
1.101769283928893799e+02
1.109345764280114111e+02
1.116824808641847113e+02
1.124197804514434722e+02
1.131455981801026240e+02
1.138590434756917205e+02
1.145592146925687871e+02
1.152452019233541733e+02
1.159160901405076771e+02
1.165709626852132459e+02
1.172089051171555383e+02
1.178290094367346938e+02
1.184304165448354240e+02
1.190248832572908668e+02
1.195988751515587865e+02
1.201515605780057712e+02
1.206821412168793444e+02
1.211898585911613253e+02
1.216740009250782180e+02
1.221339103202986678e+02
1.225689902133361073e+02
1.229787130682829002e+02
1.233626282487957582e+02
1.237203700022409407e+02
1.240516654772254412e+02
1.243686720069458289e+02
1.246604070007437315e+02
1.249255150374581405e+02
1.251641732053308260e+02
1.253766884509902155e+02
1.255635034419510134e+02
1.257252015635538953e+02
1.258625108783630679e+02
1.259763068698887594e+02
1.260676137893081830e+02
1.261376044243122863e+02
1.261875981139826877e+02
1.262190568434043882e+02
1.262335792672184027e+02
1.262328925331356686e+02
1.262260406495214795e+02
1.262142420885827221e+02
1.261930715688671540e+02
1.261705363087706786e+02
1.261500231426070542e+02
1.261266153866395854e+02
1.261025170903342598e+02
1.260799135136643088e+02
1.260609444301301778e+02
1.260497174700845164e+02
1.260574525028782915e+02
1.260800989475397955e+02
1.261213804508414285e+02
1.261753579314848110e+02
1.262433346570730066e+02
1.263263923619037996e+02
1.264253754704258057e+02
1.265408796733205037e+02
1.266732454132835954e+02
1.268225567310190769e+02
1.269886457869713752e+02
1.271711032132692054e+02
1.273692942672736876e+02
1.275823805587718880e+02
1.278093469145820649e+02
1.280490327359454454e+02
1.283001670054176486e+02
1.285614059215381815e+02
1.288313719918666607e+02
1.291086933079563437e+02
1.293920416680839196e+02
1.296902577471068980e+02
1.299957084163909258e+02
1.303038017316922037e+02
1.306136983064108961e+02
1.309247323079858631e+02
1.312364186793353156e+02
1.315484530273361372e+02
1.318607043073178318e+02
1.321732007441087262e+02
1.324861097225407320e+02
1.327997126373330161e+02
1.339372287407175577e+02
1.351127115852174541e+02
1.362856138910566415e+02
1.374542985676836508e+02
1.386173646680992704e+02
1.397736969236837297e+02
1.409225055412803158e+02
1.420633547924584263e+02
1.431961793661962759e+02
1.443212879358852945e+02
1.454393538863853337e+02
1.465513936335397602e+02
1.476587334250813797e+02
1.487629659185324158e+02
1.498658981723310433e+02
1.509694929487928619e+02
1.525903140202301245e+02
1.542512733616985940e+02
1.559168691472288515e+02
1.575879965901440301e+02
1.592655026917230998e+02
1.609501649501620761e+02
1.626426722142126664e+02
1.643436079520533895e+02
1.660534360871686204e+02
1.677724894488595737e+02
1.695009607989491087e+02
1.712388963300904265e+02
1.729861914849641948e+02
1.747425889183722916e+02
1.765076784134490708e+02
1.782808985659029020e+02
1.800615400628437612e+02
