1.307034600300793954e+03
1.307595989267476398e+03
1.308096770938691407e+03
1.308548008847586289e+03
1.309041362484951378e+03
1.309460734336846144e+03
1.309839077968297943e+03
1.310210640382526890e+03
1.310504921375135154e+03
1.310719265006275691e+03
1.310853190883075285e+03
1.310904368140725637e+03
1.310910115879959449e+03
1.310936655711872163e+03
1.310947991303337403e+03
1.310885892797865381e+03
1.310903149222405773e+03
1.310981417284671807e+03
1.310975262788885857e+03
1.310885297865710072e+03
1.310696686325112296e+03
1.310408548984357367e+03
1.310020100412559259e+03
1.309546120291515308e+03
1.309076977388735031e+03
1.308587763124906587e+03
1.308209530914967900e+03
1.307863217767531978e+03
1.307417281036558961e+03
1.306867021023083453e+03
1.306300998836793497e+03
1.305792662070850383e+03
1.305314777166648810e+03
1.304794537615952777e+03
1.304203324594819151e+03
1.303681896484748677e+03
1.303161590728364899e+03
1.302690902191008718e+03
1.302244651563515163e+03
1.301780520680191103e+03
1.301311782284315086e+03
1.300858681537291204e+03
1.300540709816763865e+03
1.300227799931890331e+03
1.299930624974363582e+03
1.299733135757307309e+03
1.299501245832446557e+03
1.299249880524681203e+03
1.298954814948690910e+03
1.298552549146727870e+03
1.298172985015816494e+03
1.297769996025565888e+03
1.297528847471802464e+03
1.297233488914231884e+03
1.297101624679161432e+03
1.296997984060638373e+03
1.296828931397433280e+03
1.296632602436423213e+03
1.296366307261581369e+03
1.295999970819354303e+03
1.295643376395541509e+03
1.295348445359280959e+03
1.295031104886104686e+03
1.294729925446460584e+03
1.294380369579390845e+03
1.294284786630669032e+03
1.294233021483273887e+03
1.294164746953686063e+03
1.294057497628997680e+03
1.293871943460171224e+03
1.293707313768869881e+03
1.293549069380916080e+03
1.293341089461124511e+03
1.293071255832313454e+03
1.292905983227254865e+03
1.292824207632534353e+03
1.292749517874333378e+03
1.292765519928027061e+03
1.292820355733990027e+03
1.292922793386357625e+03
1.292998449743884976e+03
1.293097616832579661e+03
1.293280588385735882e+03
1.293414643420307129e+03
1.293564200976480606e+03
1.293816179912830194e+03
1.294262960852267042e+03
1.294768846553399726e+03
1.295356078990602327e+03
1.296000788595755694e+03
1.296650362745921711e+03
1.297334909736752934e+03
1.298000562544766126e+03
1.298785602578191401e+03
1.299605334798548483e+03
1.300714611014143884e+03
1.301911547070440520e+03
1.303106715767882861e+03
1.304399308371239385e+03
1.305792336295553014e+03
1.307329052065846781e+03
1.308980911575290975e+03
1.310624282751608462e+03
1.312276936419527146e+03
1.313984610752774643e+03
1.315671577857940520e+03
1.317442846794504931e+03
1.319212746382226214e+03
1.321088740184484777e+03
1.323070268880715730e+03
1.325093344029507080e+03
1.327186917777971757e+03
1.329309326287170734e+03
1.331532109984251292e+03
1.333785834774618706e+03
1.336081059153146271e+03
1.338568366885731848e+03
1.341247413349035014e+03
1.343952130927395046e+03
1.346632098948881321e+03
1.349467078340422631e+03
1.352316404109383484e+03
1.355143954974068038e+03
1.358067996948087512e+03
1.361066273730783905e+03
1.364101408429937464e+03
1.367149121183659190e+03
1.370226919575534339e+03
1.373425762715197379e+03
1.376708048885461267e+03
1.380072666437401040e+03
1.383520596988857505e+03
1.387082226941916815e+03
1.390740893855473132e+03
1.394680709335913662e+03
1.398830306303948646e+03
1.403083037917235288e+03
1.407380201372654028e+03
1.411671803106953348e+03
1.416072516314278118e+03
1.420700038512256924e+03
1.425480556056020987e+03
1.430281411410416695e+03
1.435136200789355371e+03
1.440227518148436729e+03
1.445354536151503908e+03
1.450443187236479389e+03
1.455679895934134265e+03
1.461067691235376969e+03
1.466563763231001758e+03
1.472146659122737219e+03
1.477783561241820962e+03
1.483617363135379946e+03
1.489650247085992760e+03
1.495726817223160651e+03
1.502019237688954490e+03
1.508433075440666471e+03
1.514923279619974892e+03
1.521557609471579553e+03
1.528258977760990092e+03
1.534912876339337799e+03
1.541533332299504309e+03
1.548291978666754858e+03
1.555142187020020174e+03
1.562048987862595823e+03
1.569011031656872092e+03
1.575923601707908347e+03
1.582886644528853139e+03
1.589943883387956475e+03
1.597135104181219276e+03
1.604361530285741992e+03
1.611634966140441975e+03
1.618914810589526951e+03
1.626194682305433162e+03
1.633542170557884219e+03
1.640998623882063157e+03
1.648570950866283056e+03
1.656225259520764894e+03
1.663814601911949012e+03
1.671430083387153445e+03
1.679097502032075454e+03
1.686695406816836567e+03
1.694222215275395001e+03
1.701757547560486728e+03
1.709349787907846121e+03
1.716873121835701113e+03
1.724657377222247305e+03
1.732440926985967735e+03
1.740196192088893440e+03
1.748047348267403095e+03
1.755898005914576970e+03
1.763661782943867593e+03
1.771413081602605189e+03
1.779111678034335910e+03
1.786820341021374134e+03
1.794539164714704839e+03
1.802208317921214757e+03
1.809831704772803278e+03
1.817449431480672956e+03
1.825135853844246867e+03
1.832776158727241182e+03
1.840473533891104807e+03
1.848158689738710564e+03
1.855754770260331952e+03
1.863230908297868837e+03
1.870584487750776361e+03
1.877923994749673057e+03
1.885412805636399753e+03
1.892807871695196354e+03
1.900069733945873622e+03
1.907195722349466450e+03
1.914234359358813890e+03
1.921233064387402237e+03
1.928148209999580558e+03
1.935088363915169339e+03
1.942045728431973657e+03
1.948951901964683202e+03
1.955737019490943567e+03
1.962438111250303109e+03
1.968979606616562251e+03
1.975358957112805228e+03
1.981573694306998277e+03
1.987621432025453259e+03
1.993499867588795496e+03
1.999206782111222537e+03
2.004740039917126978e+03
2.010191995635529565e+03
2.015478002101349375e+03
2.020584293436266762e+03
2.025545952385652299e+03
2.030393403942595114e+03
2.035055594592089165e+03
2.039530780828508114e+03
2.043817288796551793e+03
2.047963116223061661e+03
2.051973694969279222e+03
2.055790869305736578e+03
2.059413156749311383e+03
2.062839138675517461e+03
2.066067459919492194e+03
2.069096828419921167e+03
2.071926014929924349e+03
2.074553852815366554e+03
2.076979237957300029e+03
2.079201128771419462e+03
2.081218546353548845e+03
2.083030574756352053e+03
2.084636361398745066e+03
2.086035117605905725e+03
2.087226119274419943e+03
2.088208707653994679e+03
2.088982290234318953e+03
2.089546341723184469e+03
2.089900405099760974e+03
2.090044092725160681e+03
2.089977087490975464e+03
2.089699143985404589e+03
2.089210089655927732e+03
2.088509825947160607e+03
2.087598329392560117e+03
2.086496184208001068e+03
2.085268652510460470e+03
2.083830193123081699e+03
2.082181023260476195e+03
2.080321442949626544e+03
2.078251837033367792e+03
2.075972676923825929e+03
2.073484522071699303e+03
2.070788021121221391e+03
2.067958738458751213e+03
2.064954012732565388e+03
2.061743307953973272e+03
2.058327566714509885e+03
2.054707825605762082e+03
2.050885215671928563e+03
2.046860962378063959e+03
2.042636385081108983e+03
2.038212895997570058e+03
2.033647012866988007e+03
2.028936475879828549e+03
2.024039113306703257e+03
2.019047986431512754e+03
2.013866015779266490e+03
2.008514835724371551e+03
2.003062835863539931e+03
1.997425535055877617e+03
1.991604901668831189e+03
1.985602984748524705e+03
1.979421912625945879e+03
1.973063890985802118e+03
1.966557830075358197e+03
1.959959015607856600e+03
1.953244784472225319e+03
1.946414593692830977e+03
1.939419207989798451e+03
1.932261100036704875e+03
1.924942803402545451e+03
1.917466909964223532e+03
1.909836066828971980e+03
1.902052972780162236e+03
1.894132932460830943e+03
1.886235727901422024e+03
1.878301238988985006e+03
1.870272808597487256e+03
1.862194289009154772e+03
1.854010017275764767e+03
1.845807416869099143e+03
1.837541200941936722e+03
1.829146861883194106e+03
1.820646545675614789e+03
1.812110156406075930e+03
1.803540884931051096e+03
1.794873102564519741e+03
1.786161739405283697e+03
1.777373256981844406e+03
1.768484829210610769e+03
1.759529654361033408e+03
1.750597644390913047e+03
1.741742304606266089e+03
1.732872135147661538e+03
1.723983752911330839e+03
1.715030835943237889e+03
1.705987461871264713e+03
1.696856374496750504e+03
1.687640367934274309e+03
1.678366293369354253e+03
1.669124899989457390e+03
1.659946672474708521e+03
1.650946587959214867e+03
1.642052481889228375e+03
1.633297930279212778e+03
1.624644855322946114e+03
1.616029905265657362e+03
1.607437588645330607e+03
1.599004048413288501e+03
1.590530498969885230e+03
1.582002301265822325e+03
1.573433855964510713e+03
1.564991881091119239e+03
1.556548766042607895e+03
1.548372672882873985e+03
1.540186655611557626e+03
1.532215597495802285e+03
1.524360115882753917e+03
1.516546165528410711e+03
1.508894048245623708e+03
1.501268851466172464e+03
1.493712879785422047e+03
1.486206674352368509e+03
1.478763460096250583e+03
1.471452309036169709e+03
1.464145204234360563e+03
1.457023034001692395e+03
1.450252420858124879e+03
1.443624604192870947e+03
1.436981231473846719e+03
1.430324194572029228e+03
1.423658916310644145e+03
1.417086740156304813e+03
1.410530399058582816e+03
1.404120826899914391e+03
1.397751419339732365e+03
1.391607765750618455e+03
1.385563136368214600e+03
1.379627080602836486e+03
1.373850084734623579e+03
1.368196062955073785e+03
1.362702909971614417e+03
1.357424721027018222e+03
1.352268346462991303e+03
1.347219573663840038e+03
1.342378705795200403e+03
1.337747048788026405e+03
1.333320999095505840e+03
1.329060914608738585e+03
1.324836607353699719e+03
1.320728607723661753e+03
1.316851807328342147e+03
1.313011968102049877e+03
1.309339523931238091e+03
1.305767151014722003e+03
1.302447516652445302e+03
1.299302716202817237e+03
1.296325090023249231e+03
1.293510757889231400e+03
1.290804903962215576e+03
1.288114839870147534e+03
1.285533602750145519e+03
1.283132108926671208e+03
1.281008432039831405e+03
1.278987627434031765e+03
1.277088789510936977e+03
1.275244318117106559e+03
1.273448100709249047e+03
1.271645758044107879e+03
1.269835297780821293e+03
1.268014783774337047e+03
1.266189967318657636e+03
1.264493714157778868e+03
1.262919339213080093e+03
1.261371848973719807e+03
1.260003364503340208e+03
1.258628031419878425e+03
1.257283027596590728e+03
1.256048427319254642e+03
1.254832905800445133e+03
1.253737729439803843e+03
1.252723886403653978e+03
1.251812873021448013e+03
1.250960124858971540e+03
1.250230427269200845e+03
1.249464411525720379e+03
1.248793990527997721e+03
1.248664278847302739e+03
1.248693547311506336e+03
1.248721070692998182e+03
1.248703269901117665e+03
1.248650753251348306e+03
1.248627179350555252e+03
1.248763114826878564e+03
1.248939110494929537e+03
1.249174573986921132e+03
1.249442194893787018e+03
1.249933004549485076e+03
1.250552772762635186e+03
1.251171443443433191e+03
1.251837386550477049e+03
1.252650322689376480e+03
1.253502780594719070e+03
1.254290357633186204e+03
1.255011992720762919e+03
1.255667591687435561e+03
1.256436353418607723e+03
1.257361677362223418e+03
1.258275544250866687e+03
1.259121887947959294e+03
1.259949715902223033e+03
1.260791451224360344e+03
1.261720300082058429e+03
1.262834253754518841e+03
1.263978804405874826e+03
1.265062108252131111e+03
1.266073829175569699e+03
1.267013892353549181e+03
1.267884066188639281e+03
1.268789316218998692e+03
1.269813868610676764e+03
1.270812422361794916e+03
1.271838575409988835e+03
1.272800415346343470e+03
1.273778419029315273e+03
1.274841362163387203e+03
1.275885288696289990e+03
1.276931651731908914e+03
1.277906110335933590e+03
1.278808466764695822e+03
1.279672797805751088e+03
1.280562530294092085e+03
1.281466292139382858e+03
1.282318055814167792e+03
1.283106873940501146e+03
1.283821282461019564e+03
1.284542039916269005e+03
1.285211948984970149e+03
1.285805377462820161e+03
1.286321493214403290e+03
1.286759405085144181e+03
1.287195012974833844e+03
1.287691623765576423e+03
1.288207343016448704e+03
1.288640275999951427e+03
1.288989023535294109e+03
1.289296152071716051e+03
1.289676013015825447e+03
1.289975577181947074e+03
1.290184627026720136e+03
1.290301445925088728e+03
1.290393833878742498e+03
1.290619259813061490e+03
1.290873575829510173e+03
1.291028256367106223e+03
1.291081353957663850e+03
1.291039725189401452e+03
1.290903827437597101e+03
1.290730232209074529e+03
1.290499203171029876e+03
1.290162518814833675e+03
1.289814861820128044e+03
1.289371990732660606e+03
1.288815483752964610e+03
1.288167574398966735e+03
1.287596121920679252e+03
1.287027594684073620e+03
1.286364966664658141e+03
1.285587209728583730e+03
1.284693958816941176e+03
1.283704811022466401e+03
1.282613219704435778e+03
1.281559172231107596e+03
1.280470650542362137e+03
1.279405577730831283e+03
1.278439981554970927e+03
1.277428776860395828e+03
1.276566798082641526e+03
1.275692449457035536e+03
1.274701490652764051e+03
1.273645677525636984e+03
1.272532893093795792e+03
1.271404103617330293e+03
1.270159960898684858e+03
1.268898270250556607e+03
1.267540917855321595e+03
1.266160702592654616e+03
1.264687132243263704e+03
1.263197254784751522e+03
1.261602055088038469e+03
1.260039388307811805e+03
1.258470246550644106e+03
1.256986268383435345e+03
1.255407185966038014e+03
1.253722169784460220e+03
1.251932966747225692e+03
1.250041423353053915e+03
1.248159721171530009e+03
1.246265726590636859e+03
1.244326299131938185e+03
1.242315530036951259e+03
1.240219436857910750e+03
1.238033125670093796e+03
1.235788398871909521e+03
1.233553296632290312e+03
1.231267583468256362e+03
1.229006079852066932e+03
1.226665890767497331e+03
1.224259500612325610e+03
1.221805571225457470e+03
1.219285394244548343e+03
1.216747757493022164e+03
1.214226498703769266e+03
1.211650228704522078e+03
1.209021366133222500e+03
1.206355070359906676e+03
1.203642126805824319e+03
1.200893348375012010e+03
1.198142583919408935e+03
1.195413920975333440e+03
1.192642202727944095e+03
1.189828423529129623e+03
1.186963475223589739e+03
1.184052943062343957e+03
1.181109969637962649e+03
1.178134111096752576e+03
1.175136123369172310e+03
1.172109446822547397e+03
1.169165587659858147e+03
1.166187543570477374e+03
1.163167545350049750e+03
1.160113893673398252e+03
1.157016814954067513e+03
1.153882854781173364e+03
1.150738301411046905e+03
1.147667969390656481e+03
1.144660019174477156e+03
1.141616926911895462e+03
1.138559503061625946e+03
1.135491324914850338e+03
1.132390750271836396e+03
1.129261427270110289e+03
1.126091321959520428e+03
1.122887629175873371e+03
1.119653240256773870e+03
1.116387569429751238e+03
1.113175920893962029e+03
1.110025749457124675e+03
1.106887087114482483e+03
1.103767437316262885e+03
1.100679094433143973e+03
1.097634705026167467e+03
1.094594914299448192e+03
1.091621503863902035e+03
1.088617070923634856e+03
1.085595183053418850e+03
1.082536978865406581e+03
1.079440168776933888e+03
1.076347806649527229e+03
1.073318668885150146e+03
1.070269139859410643e+03
1.067188067147268384e+03
1.064093359019930404e+03
1.060961034088537417e+03
1.057802952419081976e+03
1.054610201758064704e+03
1.051389821648022235e+03
1.048152482071673603e+03
1.044896388042992157e+03
1.041652893658740595e+03
1.038590119973586752e+03
1.035646538967123888e+03
1.032740917330962930e+03
1.029828158656412143e+03
1.026905759223776840e+03
1.024015532611595290e+03
1.021149345539043225e+03
1.018266642632861704e+03
1.015360827664588783e+03
1.012436343294345306e+03
1.009494419491469557e+03
1.006538027368274697e+03
1.003575604543857253e+03
1.000606141667969609e+03
9.976247517466254067e+02
9.946307156396728715e+02
9.917347176467808367e+02
9.888357063976479822e+02
9.859204511980162806e+02
9.831025451305467868e+02
9.803098902987180736e+02
9.775229237908424693e+02
9.747234056475761008e+02
9.719213261544495026e+02
9.691394849164526022e+02
9.664399098214361175e+02
9.637489438524116849e+02
9.611610490826130899e+02
9.585701443394899570e+02
9.559838757121557364e+02
9.534380874628415086e+02
9.509630076207001821e+02
9.484975699291907176e+02
9.460415123241880337e+02
9.435896872582247852e+02
9.412375726061557089e+02
9.389210600639210043e+02
9.366293691182765997e+02
9.343713696789856158e+02
9.321401557653362033e+02
9.299150081747152399e+02
9.276997953879591705e+02
9.254894124975975274e+02
9.233773109949091804e+02
9.213330063204618909e+02
9.193070157631616439e+02
9.172861367338784930e+02
9.153727568653561093e+02
9.135124065869974856e+02
9.116586593804145195e+02
9.098134726831758599e+02
9.080085265135351165e+02
9.062278970470509876e+02
9.044623848683779670e+02
9.027275514035541164e+02
9.010921882166451269e+02
8.996748151925870616e+02
8.983417629531080593e+02
8.970324284414346039e+02
8.957657613042647426e+02
8.945152932040307405e+02
8.933008280937580139e+02
8.921140238935431626e+02
8.909403567332308285e+02
8.897759527320790767e+02
8.886979000392334456e+02
8.876909053989296581e+02
8.867089931162179255e+02
8.858379768861350385e+02
8.849996273583828952e+02
8.841780131139755667e+02
8.833753365235450019e+02
8.826145592945628096e+02
8.818766785508711337e+02
8.811598763123356548e+02
8.804605576820525812e+02
8.797828855063371520e+02
8.791237211265888618e+02
8.784942779218309852e+02
8.778951104371343490e+02
8.773295304961452530e+02
8.767799420774606460e+02
8.762423066077337808e+02
8.757351179458109982e+02
8.752415402084735661e+02
8.747579157561935972e+02
8.742866360502482621e+02
8.738433909462121392e+02
8.734154656430653176e+02
8.730145454023199818e+02
8.726581901081605110e+02
8.723114630377892809e+02
8.719897362623278241e+02
8.717008626410856778e+02
8.714211690936118657e+02
8.712159975669202367e+02
8.710733142378433058e+02
8.709413831303698998e+02
8.708389625139292320e+02
8.707467988414059619e+02
8.706747593195450463e+02
8.706135658888888429e+02
8.705786442774676743e+02
8.705662773139553110e+02
8.705722212676819254e+02
8.706004449105116691e+02
8.706437592925499303e+02
8.706917647483223845e+02
8.707440338371902726e+02
8.708041431881471226e+02
8.708948220088816470e+02
8.710094230456905962e+02
8.711265682005652025e+02
8.712458322757476026e+02
8.713667935053888414e+02
8.715018244003413201e+02
8.716501341268610759e+02
8.718077551041121751e+02
8.720227768025108617e+02
8.723290706314051022e+02
8.726359584378938052e+02
8.729522006920269632e+02
8.732692055668737794e+02
8.735841237698355144e+02
8.738965559015496183e+02
8.742061198208186852e+02
8.745124521547083987e+02
8.748152096792566681e+02
8.751140705667053226e+02
8.754138035720333164e+02
8.757170282928680081e+02
8.760155307402123981e+02
8.763090851632446174e+02
8.766085432745588832e+02
8.769046591541898579e+02
8.771953062950149160e+02
8.774803641838516342e+02
8.777597389267059498e+02
8.780459648386893150e+02
8.783268299866265352e+02
8.786018908242169800e+02
8.788711595589311401e+02
8.791346740327577436e+02
8.793924973022164977e+02
8.796447171633870994e+02
8.798914456297579818e+02
8.801328183702109982e+02
8.803689941138719632e+02
8.806001540278635957e+02
8.808265010732357041e+02
8.810482593435158378e+02
8.812656733894549461e+02
8.814790075326422993e+02
8.816885451697589815e+02
8.818945880683411360e+02
8.820974556540593312e+02
8.822974842886826536e+02
8.824950265371425076e+02
8.826904504213957807e+02
8.828841386581843835e+02
8.830764878772588418e+02
8.832679078162161659e+02
8.834588204877909448e+02
8.836496593152380683e+02
8.838499028646399438e+02
8.840549671964722620e+02
8.842613184737491565e+02
8.844694270762763608e+02
8.846797698410051680e+02
8.848928289179775675e+02
8.851090905679649268e+02
8.853290438999233629e+02
8.855558445556077913e+02
8.857976847675777208e+02
8.860446884380779693e+02
8.862973429708659978e+02
8.865561313934495047e+02
8.868215307408572698e+02
8.870940103905586511e+02
8.873740303541306957e+02
8.876620395323043340e+02
8.879587080275414337e+02
8.882770203952345582e+02
8.886045849492828665e+02
8.889492147077460231e+02
8.893094572199267986e+02
8.896800530253788111e+02
8.900702746019994720e+02
8.904755511561957064e+02
8.908920724379456715e+02
8.913200811161534602e+02
8.917597899587553911e+02
8.922113804842565514e+02
8.926750017340600607e+02
8.931605519939558917e+02
8.936617577835070279e+02
8.941880897951400584e+02
8.947267072355075470e+02
8.952775850728189653e+02
8.958406617520720374e+02
8.964158391919454516e+02
8.970029830015441803e+02
8.976019229246398936e+02
8.982124535174048106e+02
8.988451894658040828e+02
8.995070744158705338e+02
9.001899045101458796e+02
9.008918561662326283e+02
9.016082444072376347e+02
9.023445596043115984e+02
9.031042763677160110e+02
9.038745712295834664e+02
9.046532762652798283e+02
9.054488346548255322e+02
9.062601758368564333e+02
9.070873440893765292e+02
9.079232275541321542e+02
9.087759194475069080e+02
9.096581678794993877e+02
9.106275751796989653e+02
9.116124032453952850e+02
9.126232390448177512e+02
9.136527572930255019e+02
9.146919085612706795e+02
9.157434931048661610e+02
9.167970405505985809e+02
9.178521401991579296e+02
9.189084178430146039e+02
9.199655384363647954e+02
9.210326695975999201e+02
9.221138278995438213e+02
9.233041771775001507e+02
9.245438561450373527e+02
9.258052946413523614e+02
9.270900498894416160e+02
9.283924021638299564e+02
9.296990787728233272e+02
9.310308664480672860e+02
9.323744879956707337e+02
9.337176700151259183e+02
9.351063983980211560e+02
9.365638121709433790e+02
9.380386952679153865e+02
9.396165156360132187e+02
9.412369615956449707e+02
9.429447038219320802e+02
9.447173991131846833e+02
9.465042392179550461e+02
9.484105215938221818e+02
9.503364142180597582e+02
9.523406425942655460e+02
9.544426299941812886e+02
9.566092459442384097e+02
9.587915189030798047e+02
9.609858238093124783e+02
9.631913433107401943e+02
9.654356478668712498e+02
9.677163689425929078e+02
9.700043886738258152e+02
9.722931571586268547e+02
9.745827634656789087e+02
9.768802536803093517e+02
9.791849043789122788e+02
9.815021677033849983e+02
9.838354469363048338e+02
9.861802797715870383e+02
9.885558654355867247e+02
9.909415532080996627e+02
9.933434804973330756e+02
9.957667819667983622e+02
9.982112239961873001e+02
1.000782342600729862e+03
1.003378274569583255e+03
1.005985877564928956e+03
1.008607898946731211e+03
1.011268009710495562e+03
1.013949922189740391e+03
1.016656799094993744e+03
1.019376623974868608e+03
1.022101779454705479e+03
1.024855078536149904e+03
1.027620782561494707e+03
1.030398743016134176e+03
1.033193887783957962e+03
1.036008731517253409e+03
1.038853642123740883e+03
1.041712915239226277e+03
1.044596059195617727e+03
1.047491313714024272e+03
1.050390738497746497e+03
1.053295450253961008e+03
1.056333711165468685e+03
1.059491745242811703e+03
1.062659010823757853e+03
1.065869901754716011e+03
1.069152065973428762e+03
1.072438475638534328e+03
1.075714764297034208e+03
1.078979440662843899e+03
1.082230955180026285e+03
1.085467703957072445e+03
1.088695483750803760e+03
1.092019848973463013e+03
1.095347430955410800e+03
1.098664525147830545e+03
1.101972735988330442e+03
1.105255383476086308e+03
1.108602818803064338e+03
1.111972952631354474e+03
1.115410132649531533e+03
1.118835211401073138e+03
1.122238260319455321e+03
1.125615896976560180e+03
1.128973423356017520e+03
1.132295370013737283e+03
1.135575883541018356e+03
1.138863930890970551e+03
1.142147435265306967e+03
1.145399402551538060e+03
1.148599858197256935e+03
1.151795026257359723e+03
1.154993361716602749e+03
1.158161742863956079e+03
1.161390142627785735e+03
1.164570919254552564e+03
1.167703500924512355e+03
1.170791766762990846e+03
1.173897768688484348e+03
1.177017217439546585e+03
1.180173251169731429e+03
1.183276308972604966e+03
1.186334680599472904e+03
1.189324567822850213e+03
1.192241892999042648e+03
1.195085620726025354e+03
1.197919463943372193e+03
1.200948649657877468e+03
1.203936152228081937e+03
1.206846854693911382e+03
1.209749106944918367e+03
1.212620397842917555e+03
1.215424436838367910e+03
1.218172033762069304e+03
1.220868003379513084e+03
1.223560352306567665e+03
1.226200752703687613e+03
1.228759060591908110e+03
1.231234979782634127e+03
1.233635015789441240e+03
1.236018927397298739e+03
1.238498061265051092e+03
1.240899735538573168e+03
1.243225567165801749e+03
1.245469281929740191e+03
1.247764566491127880e+03
1.250184924785469775e+03
1.252621563788218737e+03
1.254993630860255507e+03
1.257281627198563910e+03
1.259530196562248648e+03
1.261839532223576725e+03
1.264103920721876875e+03
1.266292401355156471e+03
1.268466266512784387e+03
1.270590952691569328e+03
1.272633912291119941e+03
1.274601183636011910e+03
1.276483200276796651e+03
1.278280023870569721e+03
1.279991781357342916e+03
1.281620810203678047e+03
1.283183403275600995e+03
1.284674674309386546e+03
1.286087890867426722e+03
1.287417699638006980e+03
1.288664633556216359e+03
1.289846673160028331e+03
1.290955761814698462e+03
1.291983928974605533e+03
1.292931927430087853e+03
1.293802564914296227e+03
1.294613610211873947e+03
1.295374189437808582e+03
1.296061858853758395e+03
1.296673573174526155e+03
1.297228449362777383e+03
1.297799110811076389e+03
1.298401660556698744e+03
1.298957355957870504e+03
1.299532865729660443e+03
1.300041892996118122e+03
1.300582060149195513e+03
1.301062784775406499e+03
1.301535513461052005e+03
1.301991785157586492e+03
1.302422284477945368e+03
1.302937381291633301e+03
1.303528338545930183e+03
1.304047889035545722e+03
1.304645049566370290e+03
1.305323900862875234e+03
1.305953285896546504e+03
1.306525102366297688e+03
1.307034600300793954e+03
