1.139850967067237252e+04
1.146632439720671027e+04
1.153483062928922118e+04
1.160346443361770071e+04
1.167200269687039872e+04
1.174062655261977852e+04
1.181011144522447285e+04
1.187952897450841374e+04
1.194977805143507794e+04
1.202006065077005223e+04
1.209030796287886915e+04
1.216050334023895084e+04
1.223066497383010210e+04
1.230063236612598484e+04
1.237074019493104788e+04
1.244159077414530475e+04
1.251237363137415559e+04
1.258349036256992440e+04
1.265451980316919980e+04
1.272538982071708961e+04
1.279766709290040308e+04
1.287007471325289589e+04
1.294293772198686202e+04
1.301582728821247292e+04
1.308916018159059240e+04
1.316281344171503588e+04
1.323653319013923283e+04
1.331034846393089174e+04
1.338519908774817486e+04
1.346164825073653083e+04
1.353821405611248701e+04
1.361466913485575060e+04
1.369095273273426574e+04
1.376786290279811328e+04
1.384568459607903424e+04
1.392406571327371239e+04
1.400291364624768175e+04
1.408175705217030918e+04
1.416085420136495668e+04
1.423954608357881989e+04
1.431820137353695463e+04
1.439666815063912145e+04
1.447500595644640089e+04
1.455290384137374531e+04
1.463043893771131843e+04
1.470770069490742208e+04
1.478444220197691538e+04
1.486086021983094543e+04
1.493749220186337698e+04
1.501583207266381214e+04
1.509402027710499715e+04
1.517168800685060341e+04
1.524867873942390543e+04
1.532549294938553794e+04
1.540163965675320469e+04
1.547859199337215250e+04
1.555592799172331434e+04
1.563373985314128367e+04
1.571079259279464532e+04
1.578714566294441829e+04
1.586375367884897059e+04
1.594078412930416016e+04
1.601731405937254203e+04
1.609292962944709507e+04
1.616801716982132348e+04
1.624246011259582156e+04
1.631585681823993582e+04
1.638834429648729929e+04
1.646025099772591420e+04
1.653102809549269296e+04
1.660087067077110623e+04
1.666992193099049473e+04
1.673888827515571393e+04
1.680746597719499914e+04
1.687495521514607390e+04
1.694196213816161981e+04
1.700843337054057338e+04
1.707387000495124812e+04
1.713821230498998921e+04
1.720184140090256187e+04
1.726452524319367512e+04
1.732644984780113373e+04
1.738796433811653696e+04
1.744807224295607739e+04
1.750661071846808409e+04
1.756375587441692187e+04
1.762032465721161861e+04
1.767658505639073337e+04
1.773276631791749242e+04
1.778769805715144321e+04
1.784166248254921084e+04
1.789526700261617952e+04
1.794790686084039771e+04
1.799966207613144070e+04
1.805016150576312066e+04
1.810172941112244007e+04
1.815283738748668475e+04
1.820255707420525869e+04
1.825216356566131435e+04
1.830190616011151360e+04
1.835165460117306429e+04
1.840019785622740528e+04
1.844700035916558409e+04
1.849218260435640696e+04
1.853637334295304754e+04
1.857996654370704709e+04
1.862311439915129449e+04
1.866496152096000878e+04
1.870627846424543168e+04
1.874759475199911685e+04
1.878763827684393618e+04
1.882656578906752475e+04
1.886446405827632771e+04
1.890166944414445607e+04
1.893834060150056030e+04
1.897379449007339281e+04
1.900770387209651744e+04
1.904177616389273317e+04
1.907813556844231789e+04
1.911352223190756195e+04
1.914821837585073808e+04
1.918248023098740669e+04
1.921625854321570296e+04
1.924906679647344572e+04
1.928081691481430244e+04
1.931349654272341650e+04
1.934692862222740587e+04
1.937911520635882334e+04
1.940932167187029700e+04
1.943753256217549642e+04
1.946491819753161326e+04
1.949338160624742886e+04
1.952056578256731882e+04
1.954894182527653174e+04
1.957586676856018676e+04
1.960543494499602457e+04
1.963408002228187979e+04
1.966207991355327977e+04
1.968942491942801280e+04
1.971678855059209673e+04
1.974344605431358650e+04
1.977097322652123330e+04
1.979816733975704483e+04
1.982470640996954899e+04
1.985176985914555553e+04
1.987806698550715009e+04
1.990303413279778033e+04
1.992786788954941585e+04
1.995240496989498206e+04
1.997653819560323245e+04
2.000204971136312815e+04
2.002767357387195443e+04
2.005240881285444630e+04
2.007566790970796865e+04
2.009711985147050291e+04
2.011796609681898917e+04
2.013767723203937203e+04
2.015784401268291549e+04
2.017974284840636756e+04
2.020286346073145614e+04
2.022520536272495156e+04
2.024698866162315608e+04
2.026914015125398146e+04
2.029047464469786792e+04
2.031336166291045811e+04
2.033875405135345500e+04
2.036605621736063040e+04
2.039347372791554881e+04
2.042229376613309068e+04
2.045274735171054635e+04
2.048228614543137883e+04
2.051365237486848491e+04
2.054482724729503389e+04
2.057901713258675227e+04
2.061642920844803302e+04
2.065441992583184401e+04
2.069305502377175435e+04
2.073274469046433660e+04
2.077644573057785237e+04
2.082117564742887407e+04
2.086790470986565924e+04
2.091516457256337890e+04
2.096538475290686983e+04
2.101629569359936795e+04
2.106770534229136683e+04
2.111944216370857612e+04
2.117375995163781772e+04
2.122740251404747323e+04
2.128194439714014152e+04
2.133649444321796182e+04
2.139298197485341007e+04
2.145273347413353622e+04
2.151316371600357161e+04
2.157610713384383780e+04
2.164235369600496779e+04
2.170880388263183340e+04
2.177606581953173736e+04
2.184277787033511049e+04
2.191117475162021583e+04
2.197857342612331195e+04
2.204673495320204529e+04
2.211430279283218624e+04
2.218223658598818656e+04
2.225216680873675068e+04
2.232193305050377603e+04
2.239107451864010363e+04
2.246147054389207915e+04
2.253507265763080795e+04
2.261280507372392458e+04
2.268942012238705502e+04
2.276916685028406937e+04
2.284824979744166194e+04
2.292739483494411252e+04
2.300627215666577831e+04
2.308352188735553500e+04
2.315891586998377898e+04
2.323456852824509406e+04
2.331162018318939226e+04
2.338796446479343285e+04
2.346493513050888578e+04
2.354070352010550414e+04
2.361553248520184206e+04
2.368719756963062537e+04
2.375526766531501926e+04
2.382000181214193071e+04
2.388194529510392022e+04
2.394092168657185539e+04
2.399870549167205536e+04
2.405453570599785598e+04
2.410734289273859031e+04
2.415965262353694925e+04
2.421105415829772392e+04
2.425892299186788296e+04
2.430336889922014234e+04
2.434509844641730524e+04
2.438327222460487974e+04
2.441855667017200904e+04
2.445133881618282612e+04
2.448232073008654697e+04
2.450934078726317966e+04
2.453274270352801614e+04
2.455283097913605889e+04
2.457044604513826562e+04
2.458528002749774532e+04
2.459656729994264970e+04
2.460370346250961302e+04
2.460720524088446837e+04
2.460602387117494072e+04
2.459962356975740477e+04
2.458800582121129992e+04
2.457297153542174783e+04
2.455811212732999047e+04
2.453802145183909306e+04
2.451268255328989471e+04
2.448207955001547089e+04
2.444857538129275781e+04
2.441055234514747644e+04
2.437112332825618432e+04
2.432877653942785400e+04
2.428393148460732482e+04
2.423561178591706266e+04
2.418281916309725057e+04
2.412592729555242840e+04
2.406618067479124147e+04
2.400295906772126909e+04
2.393599984352423053e+04
2.386503735771823995e+04
2.379196171012330160e+04
2.371788266035057313e+04
2.364088232853935915e+04
2.355919132318014090e+04
2.347590171272923544e+04
2.339338277056351944e+04
2.331048325370514794e+04
2.322754734530073256e+04
2.314530238862910846e+04
2.306327646154364265e+04
2.298115110420455312e+04
2.289833240063740959e+04
2.281720678190017497e+04
2.273629933535961754e+04
2.265659487727796659e+04
2.257818034617805461e+04
2.249862149571493501e+04
2.241874958382827390e+04
2.234017631803597033e+04
2.226073792858610977e+04
2.218142981048748698e+04
2.210231062579741047e+04
2.202398019866661343e+04
2.194503018472556141e+04
2.186516959993657292e+04
2.178470758830625709e+04
2.170388180548488890e+04
2.162449006697179721e+04
2.154650898172931920e+04
2.147047898878190608e+04
2.139597977844199340e+04
2.132298467322110082e+04
2.125189417559189314e+04
2.118204556254775162e+04
2.112330190005128679e+04
2.106785894285675749e+04
2.101402798253116634e+04
2.096019321218296682e+04
2.090778509246468457e+04
2.085947415565764823e+04
2.081479388027435925e+04
2.077156634920943907e+04
2.072959841414934272e+04
2.068724467362098949e+04
2.064779802849085536e+04
2.061205467312586188e+04
2.058240348233158875e+04
2.055655511363134792e+04
2.053193469973808897e+04
2.051150503019670941e+04
2.049091257407559897e+04
2.046986866538527829e+04
2.044996123147800245e+04
2.043083550284119337e+04
2.041146739695911674e+04
2.039166015150672320e+04
2.037313809634650897e+04
2.035610431094266096e+04
2.034038463817221054e+04
2.032908571529836991e+04
2.032036569243445410e+04
2.031454695936703502e+04
2.030989761618593548e+04
2.030510615317164775e+04
2.030153679147312141e+04
2.029947667747203013e+04
2.029942175190398484e+04
2.029878047654161492e+04
2.029872174787929544e+04
2.029836914756027545e+04
2.029936730973939120e+04
2.030008461132138473e+04
2.029891757867765773e+04
2.029649182601559005e+04
2.029460825475701131e+04
2.029229043253143027e+04
2.028927568569107825e+04
2.028548540872966987e+04
2.028062931395755732e+04
2.027535006183763471e+04
2.026935235011286568e+04
2.026294697808538331e+04
2.025608230139052830e+04
2.024748621775906940e+04
2.023993705437341123e+04
2.023218615747102740e+04
2.022308933477183018e+04
2.021134023304180300e+04
2.019806120292265769e+04
2.018511240381273092e+04
2.017302115944642719e+04
2.015995034379872959e+04
2.014435739608867152e+04
2.012647261946959043e+04
2.010681917266243909e+04
2.008473566521312750e+04
2.005993702219763509e+04
2.003303747347978788e+04
2.000438572689493230e+04
1.997494943274163961e+04
1.994413777221902637e+04
1.991207305789217571e+04
1.987953198135180719e+04
1.984538516132405857e+04
1.981065591784266144e+04
1.977523243340031695e+04
1.973890802736873229e+04
1.970293504808171565e+04
1.966640956201032895e+04
1.962886370680350228e+04
1.959051968084699183e+04
1.955092165239426686e+04
1.950963186670126743e+04
1.946771082708371250e+04
1.942480226781450983e+04
1.938083071817792370e+04
1.933647726820750177e+04
1.929034768773707765e+04
1.924231988019726487e+04
1.919232258062397159e+04
1.914183145960106049e+04
1.909131622782161503e+04
1.904070104313865886e+04
1.898888971074486471e+04
1.893512432841846021e+04
1.887968603018281283e+04
1.882315869170879523e+04
1.876623956197143707e+04
1.870798475893569776e+04
1.864864370931500889e+04
1.858826918142192153e+04
1.852692620101878492e+04
1.846469664602745615e+04
1.840132313108377275e+04
1.833742189999725088e+04
1.827248909260403161e+04
1.820727476096670580e+04
1.814288853311251296e+04
1.807785530988164101e+04
1.801181151076448805e+04
1.794533953611032121e+04
1.787808758978459809e+04
1.781233714675490774e+04
1.774687989581695001e+04
1.768146734308188024e+04
1.761617739627714764e+04
1.754998735950387345e+04
1.748278269469267616e+04
1.741446638009898015e+04
1.734675671963022614e+04
1.727912695687974701e+04
1.721123063865717995e+04
1.714318730970266915e+04
1.707458501455718579e+04
1.700540808127394121e+04
1.693533258424873929e+04
1.686490283244292732e+04
1.679399355054921762e+04
1.672330076195677975e+04
1.665211643716410981e+04
1.658087475007102330e+04
1.651053834183461731e+04
1.644111316451125458e+04
1.637099854387392043e+04
1.630024538697710886e+04
1.622871412600906660e+04
1.615677385547283848e+04
1.608420990606191845e+04
1.601117362719765151e+04
1.593830698502798259e+04
1.586625833823897119e+04
1.579517757426451863e+04
1.572454491477973352e+04
1.565366625441840006e+04
1.558243041731909034e+04
1.551165642692145047e+04
1.544084115345783539e+04
1.536988723438276429e+04
1.529878829748375210e+04
1.522821695181721952e+04
1.515708955006606993e+04
1.508594802374625397e+04
1.501470812448724973e+04
1.494388446790915259e+04
1.487386431626940066e+04
1.480519306464521833e+04
1.473646223428738267e+04
1.466998940441941340e+04
1.460311151232637712e+04
1.453584514776097603e+04
1.446972207394072029e+04
1.440320502644225598e+04
1.433674092791204748e+04
1.426978677649077144e+04
1.420218692944157010e+04
1.413404675983609559e+04
1.406618622422431326e+04
1.399797629601653898e+04
1.393002681143094014e+04
1.386263921099416802e+04
1.379616209284764409e+04
1.372933234442689718e+04
1.366261731099159988e+04
1.359649068838365201e+04
1.353022273518330258e+04
1.346372596367649749e+04
1.339706637386128205e+04
1.333001280901854625e+04
1.326270855556186507e+04
1.319543224021307833e+04
1.312781635727879257e+04
1.306083470180843142e+04
1.299406114227794205e+04
1.292708568859871593e+04
1.285995388380431541e+04
1.279332027101628046e+04
1.272655707057569089e+04
1.265972924189373953e+04
1.259298015657811266e+04
1.252593962419579475e+04
1.245861123784550728e+04
1.239102196791271672e+04
1.232353284613253709e+04
1.225627576144137493e+04
1.218878278048541142e+04
1.212148440176576332e+04
1.205408774622810233e+04
1.198655025968204973e+04
1.191901850957724309e+04
1.185150884815227982e+04
1.178367368359119064e+04
1.171575480230389076e+04
1.164807518512750175e+04
1.158071433662358686e+04
1.151391658020953764e+04
1.144721208020479025e+04
1.138017272778251572e+04
1.131284688445741631e+04
1.124578412532425136e+04
1.117861222838431968e+04
1.111109663418608034e+04
1.104364735549835314e+04
1.097597770910285180e+04
1.090800672916869371e+04
1.084020525665589594e+04
1.077238920750534089e+04
1.070553975590811751e+04
1.063915227728385071e+04
1.057288892018213301e+04
1.050669385540931034e+04
1.044205222338005842e+04
1.037745569574253750e+04
1.031288490053329951e+04
1.024896437347019673e+04
1.018519204891154914e+04
1.012141724578870708e+04
1.005809866448174398e+04
9.994843996905448876e+03
9.931973902734265721e+03
9.869284167580459325e+03
9.806634169320324872e+03
9.744707113762207882e+03
9.682869846971636434e+03
9.621107258592499420e+03
9.559865067567137885e+03
9.498836881643250308e+03
9.438000547463754629e+03
9.377636413283158618e+03
9.317704079030587309e+03
9.258045347092363954e+03
9.198757445487803125e+03
9.139769431942790106e+03
9.080886909132332221e+03
9.022278306117259490e+03
8.963890499846622333e+03
8.905860140016222431e+03
8.848014511927482090e+03
8.790333854723139666e+03
8.732789322086307948e+03
8.675378751126001589e+03
8.618202559486226164e+03
8.561229575367529833e+03
8.504434283877493726e+03
8.448406849993987635e+03
8.393320769943078631e+03
8.338386968010587225e+03
8.283618957199340002e+03
8.229016654261136864e+03
8.174563498102732410e+03
8.120259068271830984e+03
8.066081079209507152e+03
8.012038574078967940e+03
7.958151535795534983e+03
7.904665171867729441e+03
7.852646927097863227e+03
7.801281751750466356e+03
7.750506213374168510e+03
7.700246598810457726e+03
7.650545396381637147e+03
7.601019084996351012e+03
7.551625185526515452e+03
7.502425297541058171e+03
7.453331421997410871e+03
7.404693265539871391e+03
7.356317494117573005e+03
7.308164765443872966e+03
7.260111542989070585e+03
7.212237318532002973e+03
7.164462578272648898e+03
7.116787600158080750e+03
7.069238370130582553e+03
7.021925114269919504e+03
6.974815063838072092e+03
6.927793717224849388e+03
6.881551703329754673e+03
6.835706395190445619e+03
6.789987813604554503e+03
6.744398420572751093e+03
6.698973834623537186e+03
6.653713223223434397e+03
6.609092608781944364e+03
6.564787378196613645e+03
6.521823334673306817e+03
6.479028964635898774e+03
6.436367159991385051e+03
6.393842772041218268e+03
6.351459089172420136e+03
6.309458516597450398e+03
6.268034926608440401e+03
6.227205780335718373e+03
6.186720066089459579e+03
6.146429122074231600e+03
6.106370589312400625e+03
6.066510866407712456e+03
6.026848992126580924e+03
5.987514272066633566e+03
5.948424692743208652e+03
5.909883847000373862e+03
5.871542342599741460e+03
5.833409671470338253e+03
5.795449937619462617e+03
5.757722503754612262e+03
5.720360840236633521e+03
5.683404568176845714e+03
5.646636662765748042e+03
5.610114112873448903e+03
5.573816702464243463e+03
5.537730908335273853e+03
5.501834491830657498e+03
5.466132956454052874e+03
5.430628970415000367e+03
5.395310374296795999e+03
5.360181672634847018e+03
5.325299176622309460e+03
5.290589727400447373e+03
5.256062894118117583e+03
5.221724397149172546e+03
5.187592546007336750e+03
5.153675795915717572e+03
5.119941251720470063e+03
5.086588306969521000e+03
5.053803036027842609e+03
5.021603960968002866e+03
4.989843392518972905e+03
4.958506719090930346e+03
4.927372231196031862e+03
4.896432916882789868e+03
4.865718176891853545e+03
4.835195031532486610e+03
4.804831753732532889e+03
4.775251768200112565e+03
4.746033600109842155e+03
4.716955422320232174e+03
4.688030993199359727e+03
4.659261957096983679e+03
4.630647106641562459e+03
4.602204134760262605e+03
4.573953572396263553e+03
4.546157526620082535e+03
4.519399301998651936e+03
4.492837597253013882e+03
4.466522392839323402e+03
4.440524794674010082e+03
4.414832438852698033e+03
4.389439079909154316e+03
4.364281064440356204e+03
4.339295140967821681e+03
4.314487231154882465e+03
4.289867101849826213e+03
4.265464213018132796e+03
4.241352066042270962e+03
4.217507094992133716e+03
4.193910649681666655e+03
4.170554205089066272e+03
4.147464623965847750e+03
4.124866845987027773e+03
4.102785156638330591e+03
4.081184189398305080e+03
4.059900447736247315e+03
4.038889851849630759e+03
4.018150117709339611e+03
3.997736052367728917e+03
3.977604003845993702e+03
3.957939637213710284e+03
3.938610946230741320e+03
3.919607300793045852e+03
3.900968930314135832e+03
3.882622738188055337e+03
3.864568543369853160e+03
3.846779872804446313e+03
3.829341251218991601e+03
3.812524480560785378e+03
3.795980745361101071e+03
3.779694165506532954e+03
3.763667623727412320e+03
3.747907155663188860e+03
3.732385345061346925e+03
3.717120014284521858e+03
3.702154943062416351e+03
3.688132347938038947e+03
3.674682489674437875e+03
3.661465962103908623e+03
3.648480154250635678e+03
3.635750223031002861e+03
3.623248632105695378e+03
3.610949596007927084e+03
3.598916919318139662e+03
3.587129997404140795e+03
3.575548256423573548e+03
3.564146199630613410e+03
3.552986514244611499e+03
3.542049870744821419e+03
3.531314361925878984e+03
3.520806127485472643e+03
3.510571118611878319e+03
3.500602508097428654e+03
3.491097772919709769e+03
3.482046854991898726e+03
3.473257050837150928e+03
3.464713458398092371e+03
3.456497517048151167e+03
3.448546031163504267e+03
3.440894569427845909e+03
3.433516469276831231e+03
3.426461413332124721e+03
3.419679598031941168e+03
3.413091512499019700e+03
3.406720647873092275e+03
3.400579766816272240e+03
3.394764447021853357e+03
3.389198035611331761e+03
3.383872861005166669e+03
3.378802203027223186e+03
3.373938303111546702e+03
3.369272190404509274e+03
3.364782957988656563e+03
3.360503607446449678e+03
3.356439549773758699e+03
3.352582120700229552e+03
3.348923143872560104e+03
3.345487456166887569e+03
3.342233845736418516e+03
3.339202178295016893e+03
3.336406136139592945e+03
3.333811118431426621e+03
3.331594225772644677e+03
3.329611947416565727e+03
3.327800065587222889e+03
3.326146800179067668e+03
3.324660558006748943e+03
3.323319409666582942e+03
3.322120789578406402e+03
3.321082813732207796e+03
3.320219718803842625e+03
3.319508872196360699e+03
3.318953435539147904e+03
3.318544574053655197e+03
3.318303779127143571e+03
3.318177226569066534e+03
3.318178800002141543e+03
3.318287694008493872e+03
3.318503924308173282e+03
3.318827533123027024e+03
3.319360758100319799e+03
3.320035549067106331e+03
3.320817912815673026e+03
3.321707899984374762e+03
3.322716067123848006e+03
3.323863025347058283e+03
3.325133804329469058e+03
3.326537487996938125e+03
3.328140896621149750e+03
3.329896689701759442e+03
3.331791648088559668e+03
3.333830218388146932e+03
3.336022172303536536e+03
3.338389675924965559e+03
3.340906929983454575e+03
3.343580443584250133e+03
3.346432887245289749e+03
3.349508905395139664e+03
3.352789357480686704e+03
3.356226436727877626e+03
3.359781329913836089e+03
3.363517788346129237e+03
3.367492880005723237e+03
3.371698067963356607e+03
3.376135342251314796e+03
3.380822712733964181e+03
3.385773388967593746e+03
3.390916528821722750e+03
3.396278909929164911e+03
3.401880288404018756e+03
3.407678620995882738e+03
3.413684049866703390e+03
3.419865070067917259e+03
3.426257203265670341e+03
3.432861441117332106e+03
3.439656690180426267e+03
3.446650437660406169e+03
3.453865069862110431e+03
3.461276901477856882e+03
3.468914545694370645e+03
3.476741998541358043e+03
3.484768979748340371e+03
3.493055776985616831e+03
3.501687827181769535e+03
3.510619465759597915e+03
3.519789294277595218e+03
3.529180510870931812e+03
3.538813739697268829e+03
3.548621139170313199e+03
3.558712007149200872e+03
3.569164149244885266e+03
3.579921278888653887e+03
3.590950228122731005e+03
3.602206220910640695e+03
3.613690345034746315e+03
3.625401683752287681e+03
3.637384694443756416e+03
3.649652047506915551e+03
3.662165613649855914e+03
3.674892462029939452e+03
3.687865286396677220e+03
3.701127181919046507e+03
3.714698425409221272e+03
3.728498613941828808e+03
3.742546426778336354e+03
3.756835526140028833e+03
3.771352667979376747e+03
3.786078305862580237e+03
3.801070116237771799e+03
3.816329150966634188e+03
3.831776356411520737e+03
3.847383481219516398e+03
3.863213148601746525e+03
3.879262531540467535e+03
3.895553430100228979e+03
3.912092768996678387e+03
3.928899673058122971e+03
3.946002325002075395e+03
3.963369687877727301e+03
3.980983842739912234e+03
3.998830809418729586e+03
4.016937411923301624e+03
4.035328625476252910e+03
4.053961140276172955e+03
4.072799203236989342e+03
4.091877094783310440e+03
4.111612115660633208e+03
4.131676855605646779e+03
4.151911776634001399e+03
4.172329838659768939e+03
4.192954115593862298e+03
4.213798707244359321e+03
4.234834470600464556e+03
4.256100631527994665e+03
4.277593493564470918e+03
4.299302479598774880e+03
4.321617913849052456e+03
4.344412117194679013e+03
4.367471108125583669e+03
4.390882845847942008e+03
4.414617661719359603e+03
4.438859208479223526e+03
4.463383084590343969e+03
4.488159645781835025e+03
4.513194378580914417e+03
4.538479247304312594e+03
4.563988522384416683e+03
4.589770028789611388e+03
4.615721892091729387e+03
4.641889907216234860e+03
4.668356750443167584e+03
4.695619780686985905e+03
4.723032705970024836e+03
4.750615441193105653e+03
4.778379376899531962e+03
4.806361578373790508e+03
4.834564055311055199e+03
4.862969185884100625e+03
4.891809130858653589e+03
4.921289998379611461e+03
4.950953345894726226e+03
4.980903503135254141e+03
5.011070490521027750e+03
5.041483610708194647e+03
5.072486167432143702e+03
5.103675562361175253e+03
5.135193531938997694e+03
5.167300589483971635e+03
5.199609301989673440e+03
5.232178435978736161e+03
5.265073987693651361e+03
5.298162378552219707e+03
5.331697259981529896e+03
5.365425456600411053e+03
5.399447935084908750e+03
5.434054576179612923e+03
5.468851952558658013e+03
5.504649864375203833e+03
5.540708006835393462e+03
5.577110177954393293e+03
5.614137582973769895e+03
5.651430951722741156e+03
5.688905903201324691e+03
5.726585165180999866e+03
5.764457040886862160e+03
5.802501034438927491e+03
5.840780364518595889e+03
5.879338052230221365e+03
5.918332787276907766e+03
5.957649238023936050e+03
5.997469314206182389e+03
6.037898628378105059e+03
6.078567760200723569e+03
6.119476680925054097e+03
6.160997658561900607e+03
6.202713388729795952e+03
6.244635008041363108e+03
6.286754545166490061e+03
6.329109493572723295e+03
6.371735608781136762e+03
6.414579183291609297e+03
6.457906609043689969e+03
6.501785222897404310e+03
6.545879226657092659e+03
6.590748832047715041e+03
6.635970741686401198e+03
6.681438134820374216e+03
6.727112649272819908e+03
6.772973898707146873e+03
6.819165284236903972e+03
6.865988701159347329e+03
6.912964806065154335e+03
6.960108434789642160e+03
7.007424175177419784e+03
7.055365600160040231e+03
7.103784914204006782e+03
7.152326647210497867e+03
7.201111095571431179e+03
7.250013366725695960e+03
7.299160650744372106e+03
7.348818048067759264e+03
7.398953514211618312e+03
7.449150325099662950e+03
7.499408009610920089e+03
7.549738381940078398e+03
7.600506730905060977e+03
7.652206097357085127e+03
7.705050626750123229e+03
7.757999521938871112e+03
7.811139213256373296e+03
7.864532187354327107e+03
7.918021796051747515e+03
7.971735742877815028e+03
8.026248491893871687e+03
8.080882522047439124e+03
8.135829660656297165e+03
8.190959722085915928e+03
8.246126802087779652e+03
8.301639128663957308e+03
8.357264050212173970e+03
8.412903102371437853e+03
8.468568098304389423e+03
8.524255270701662084e+03
8.579928390477016364e+03
8.635600093522160023e+03
8.691501654400315601e+03
8.747443587426656450e+03
8.803436563787954583e+03
8.859525156006557154e+03
8.916043740466675445e+03
8.973066508107363916e+03
9.030288277101059066e+03
9.088076712927020708e+03
9.146077947248280907e+03
9.204363119361552890e+03
9.263187682431542271e+03
9.323351093430628680e+03
9.383628939293634176e+03
9.443915092257644574e+03
9.504343832088843556e+03
9.565004060718016262e+03
9.625811926837835927e+03
9.686786028648439242e+03
9.747984040725752493e+03
9.809560046779683034e+03
9.871510996166267432e+03
9.933448431399538094e+03
9.995444053358074598e+03
1.005740957839371185e+04
1.011931799145814693e+04
1.018118070022129177e+04
1.024299507951359192e+04
1.030475149531254829e+04
1.036648677624147604e+04
1.042831189656125753e+04
1.049028689246203248e+04
1.055262302897841073e+04
1.061537096710566766e+04
1.067914221532004740e+04
1.074287651219891450e+04
1.080662725679384675e+04
1.087139219170214346e+04
1.093613159656757853e+04
1.100082438333817117e+04
1.106602297452693347e+04
1.113163963435189544e+04
1.119726578401944062e+04
1.126370095376835161e+04
1.133101939052616581e+04
1.139850967067237070e+04
