1.310847457613369334e+05
1.311329321210096823e+05
1.311769475705142249e+05
1.312176317941991438e+05
1.312538288020410691e+05
1.312853521614104102e+05
1.313123179512150818e+05
1.313351821687867632e+05
1.313534367632933427e+05
1.313681727186698990e+05
1.313802820041968371e+05
1.313881715662742208e+05
1.313920076855003135e+05
1.313911578123891377e+05
1.313852133939277846e+05
1.313754691959760676e+05
1.313635518322729040e+05
1.313487352281686326e+05
1.313301193485131080e+05
1.313081299191880971e+05
1.312836424096174014e+05
1.312558243012061575e+05
1.312237751966436917e+05
1.311887017363371560e+05
1.311502796218620206e+05
1.311087173491068825e+05
1.310641354741556570e+05
1.310167541995337378e+05
1.309672044900151668e+05
1.309148361797684047e+05
1.308598777496177063e+05
1.308020969441539928e+05
1.307422660383449838e+05
1.306803710123552592e+05
1.306170533816472307e+05
1.305522863815233577e+05
1.304844467812466901e+05
1.304145522538453952e+05
1.303420467586694285e+05
1.302686757766304072e+05
1.301946028979919502e+05
1.301192234307692415e+05
1.300421745615166001e+05
1.299627273791542830e+05
1.298820950085040386e+05
1.298002768434691534e+05
1.297174379694173113e+05
1.296335210806715622e+05
1.295490070147741208e+05
1.294629605731845513e+05
1.293768826320175722e+05
1.292919811611048353e+05
1.292081399803489912e+05
1.291260144346728921e+05
1.290452302923666866e+05
1.289651843106324377e+05
1.288863145338766044e+05
1.288082216975268093e+05
1.287302995876815403e+05
1.286544235650413466e+05
1.285801075409565819e+05
1.285069913329891860e+05
1.284357266697077139e+05
1.283660820206501812e+05
1.282995300986654183e+05
1.282342810975218599e+05
1.281719046954406658e+05
1.281129989756191935e+05
1.280567891292083223e+05
1.280028288720128185e+05
1.279522908481015329e+05
1.279052525022017217e+05
1.278614925458089565e+05
1.278207231570716831e+05
1.277845826442208781e+05
1.277548147224861605e+05
1.277310878703362396e+05
1.277122298823542660e+05
1.276988534647582565e+05
1.276906676471460960e+05
1.276862298263582925e+05
1.276867699329986644e+05
1.276957023278452252e+05
1.277104687172987906e+05
1.277317286862507171e+05
1.277594027178855031e+05
1.277937290285171184e+05
1.278340996668812004e+05
1.278804342082947987e+05
1.279349544663591660e+05
1.279979844369744824e+05
1.280686839237828972e+05
1.281487587438651390e+05
1.282371921579568589e+05
1.283336905524813046e+05
1.284379747675323451e+05
1.285512537085470249e+05
1.286736400909178628e+05
1.288060060440510570e+05
1.289464378358212707e+05
1.290957181579538592e+05
1.292552193029419432e+05
1.294244046652612160e+05
1.296034798007254140e+05
1.297929468015202146e+05
1.299913252611191128e+05
1.302005758195453964e+05
1.304212628549411020e+05
1.306526344669565733e+05
1.308941796047630633e+05
1.311457155330984679e+05
1.314074478163735475e+05
1.316795677126497030e+05
1.319639496470744198e+05
1.322576617701531795e+05
1.325627291859541729e+05
1.328808250590827665e+05
1.332115445509400452e+05
1.335551401681688440e+05
1.339104090239300276e+05
1.342773424040467944e+05
1.346554108400825644e+05
1.350423519154517271e+05
1.354399068731611187e+05
1.358488971261529659e+05
1.362689284237757674e+05
1.367001434007344069e+05
1.371429961070004501e+05
1.375967192971596960e+05
1.380613104105475941e+05
1.385365739906888921e+05
1.390224917062328313e+05
1.395197692073805956e+05
1.400318875660111080e+05
1.405557720025970484e+05
1.410919601819341769e+05
1.416383860190924606e+05
1.421969280441918527e+05
1.427673651066238817e+05
1.433483754076577898e+05
1.439406086168247857e+05
1.445444821398569911e+05
1.451601294180260156e+05
1.457859513451171806e+05
1.464217929700633103e+05
1.470684987805767159e+05
1.477255762382125540e+05
1.483919487537496607e+05
1.490690660046780831e+05
1.497573411547385331e+05
1.504561550880860595e+05
1.511653074111728638e+05
1.518827649045959406e+05
1.526089194706278213e+05
1.533435222679953149e+05
1.540859876919256058e+05
1.548354278981213283e+05
1.555923457166385488e+05
1.563578010693689866e+05
1.571312852152077830e+05
1.579131269744144520e+05
1.587024425450798590e+05
1.594981867999150127e+05
1.603006720443181111e+05
1.611098166575985961e+05
1.619249054580786906e+05
1.627447188778445416e+05
1.635708737424632127e+05
1.644007646203386539e+05
1.652344769639206643e+05
1.660728330418416299e+05
1.669153717545865511e+05
1.677608546460489160e+05
1.686086184851809521e+05
1.694582225489558768e+05
1.703091495381304703e+05
1.711621033122361696e+05
1.720177034686371917e+05
1.728746867271539813e+05
1.737329511562228145e+05
1.745922240517652535e+05
1.754518639189673704e+05
1.763107136984862445e+05
1.771698849855370936e+05
1.780289090066965146e+05
1.788872019802233845e+05
1.797422276395808440e+05
1.805933900219507632e+05
1.814404484374037420e+05
1.822845527856725384e+05
1.831256678809002042e+05
1.839646716158045165e+05
1.848001779591098311e+05
1.856310125053422526e+05
1.864573874343874049e+05
1.872787695585243055e+05
1.880941819448364258e+05
1.889025887942020781e+05
1.897031870367467345e+05
1.904964489980846411e+05
1.912816750890682160e+05
1.920585907067631488e+05
1.928275712273859244e+05
1.935875545693478489e+05
1.943385588868171617e+05
1.950803768369877944e+05
1.958129584184739215e+05
1.965351472336125153e+05
1.972474254205441684e+05
1.979488199292093632e+05
1.986389271639509825e+05
1.993169931636027177e+05
1.999824113700094749e+05
2.006349968450120068e+05
2.012742521517626301e+05
2.019002262964467227e+05
2.025121587785340962e+05
2.031101812607896863e+05
2.036935722118443809e+05
2.042623672722349293e+05
2.048155940867883037e+05
2.053540586778944707e+05
2.058785668842896412e+05
2.063877870822691184e+05
2.068810711141956854e+05
2.073586319177575060e+05
2.078202092828665918e+05
2.082657449581140245e+05
2.086942316819510306e+05
2.091054242423242831e+05
2.094999106723382138e+05
2.098772094591452333e+05
2.102366494830357842e+05
2.105778205145241227e+05
2.109010671104621724e+05
2.112059505201196880e+05
2.114925729525442002e+05
2.117609718839626585e+05
2.120106026947222126e+05
2.122407837142186472e+05
2.124521039836376440e+05
2.126445013532078592e+05
2.128171608145568753e+05
2.129707252106159576e+05
2.131041844811675546e+05
2.132173491219911375e+05
2.133105652210210683e+05
2.133833754408865352e+05
2.134355314462177921e+05
2.134670122435220401e+05
2.134785474675880978e+05
2.134716185318360804e+05
2.134440028631892346e+05
2.133956946857412113e+05
2.133267065883618197e+05
2.132376178377443575e+05
2.131280934765898564e+05
2.129986647934018984e+05
2.128495024568209192e+05
2.126809470703546540e+05
2.124927911814404069e+05
2.122849883702541701e+05
2.120576343637228711e+05
2.118115025512345310e+05
2.115470533704456175e+05
2.112639248908713344e+05
2.109622564667624538e+05
2.106424605454567354e+05
2.103040078911765013e+05
2.099471012523668760e+05
2.095722281717892620e+05
2.091798981986199797e+05
2.087700012961110042e+05
2.083431221282793558e+05
2.078990276507433446e+05
2.074379995121215470e+05
2.069605152338392509e+05
2.064675152614917024e+05
2.059587248218032182e+05
2.054347228130245348e+05
2.048956524536764773e+05
2.043417819324734737e+05
2.037727623702504206e+05
2.031896017871383810e+05
2.025928135038802284e+05
2.019816505146798445e+05
2.013563473393685999e+05
2.007171829493919504e+05
2.000652224868423655e+05
1.994008195490665967e+05
1.987233966022806126e+05
1.980336586510094930e+05
1.973329821869807201e+05
1.966221653238575964e+05
1.959015524080729811e+05
1.951706537442609551e+05
1.944301365946730366e+05
1.936802425592432264e+05
1.929210260273017921e+05
1.921528704987568199e+05
1.913757971402279218e+05
1.905905092961354530e+05
1.897970127153387002e+05
1.889972623062931816e+05
1.881914697237318323e+05
1.873810893515480857e+05
1.865651609740633867e+05
1.857433285875539877e+05
1.849148850781592773e+05
1.840817724745764572e+05
1.832445842741154484e+05
1.824037650736049109e+05
1.815590289469116833e+05
1.807120996017906873e+05
1.798631126551782945e+05
1.790128852218879911e+05
1.781606550161544583e+05
1.773054753706603078e+05
1.764485525628436299e+05
1.755913949810731865e+05
1.747339424767094024e+05
1.738765664000529214e+05
1.730198941273360106e+05
1.721636238357167458e+05
1.713093512139555241e+05
1.704590089843880560e+05
1.696103942246922525e+05
1.687628265244242211e+05
1.679178762618883338e+05
1.670757104336520715e+05
1.662363382650454296e+05
1.654021649482821231e+05
1.645732103655575775e+05
1.637464304273652961e+05
1.629229015415964241e+05
1.621039684176674928e+05
1.612893769742175355e+05
1.604802042448210414e+05
1.596769443427057413e+05
1.588802647530141985e+05
1.580907455837434682e+05
1.573078086743347230e+05
1.565320424656239047e+05
1.557630085420531395e+05
1.550018023466302839e+05
1.542485280101959361e+05
1.535035204954414512e+05
1.527671547154926811e+05
1.520393504938723636e+05
1.513196594853970455e+05
1.506104477696226095e+05
1.499117922304350650e+05
1.492226866997881734e+05
1.485430656159099308e+05
1.478717046326604905e+05
1.472110519760706811e+05
1.465602433445999923e+05
1.459209624860668264e+05
1.452910252320244617e+05
1.446714566716138215e+05
1.440623107240800746e+05
1.434631496283356391e+05
1.428755655582477048e+05
1.422989448041010473e+05
1.417332415093321179e+05
1.411786487528824364e+05
1.406346526779852866e+05
1.401017850900058984e+05
1.395808803357169090e+05
1.390721025089518516e+05
1.385743790890306991e+05
1.380903404170150461e+05
1.376196724576567067e+05
1.371609295014850795e+05
1.367134509721010982e+05
1.362774687331893656e+05
1.358541268868976040e+05
1.354420813317582360e+05
1.350419500597379811e+05
1.346542963202164974e+05
1.342790328984399966e+05
1.339144985720923287e+05
1.335620600733929896e+05
1.332200098493474070e+05
1.328878196782469167e+05
1.325668451375052100e+05
1.322573553868266172e+05
1.319596127438113326e+05
1.316716149867513741e+05
1.313936745078558451e+05
1.311270706667588966e+05
1.308730408759314450e+05
1.306288761276341393e+05
1.303947321241571917e+05
1.301700931746504357e+05
1.299543321025288460e+05
1.297499041703573021e+05
1.295564999497677782e+05
1.293732198901964002e+05
1.291992134236562124e+05
1.290330055534095736e+05
1.288774748217184679e+05
1.287317005709219957e+05
1.285949348362742458e+05
1.284680424218076223e+05
1.283505911785253556e+05
1.282411337601443229e+05
1.281405620893727173e+05
1.280469454596009164e+05
1.279621667322015855e+05
1.278874223814772558e+05
1.278196667385608307e+05
1.277592218017693376e+05
1.277058272696469212e+05
1.276604572675200616e+05
1.276208889150587784e+05
1.275876419402459142e+05
1.275614121829361247e+05
1.275429918820400635e+05
1.275313541779794905e+05
1.275264864022882975e+05
1.275270757240373641e+05
1.275336583720825292e+05
1.275451126091377519e+05
1.275609832385054324e+05
1.275826745132505312e+05
1.276102952513918281e+05
1.276432726309692371e+05
1.276812087142007949e+05
1.277228898509766295e+05
1.277684585053578485e+05
1.278172962355084455e+05
1.278695961603093019e+05
1.279252257613332040e+05
1.279830027263288357e+05
1.280440605321013863e+05
1.281083044527781603e+05
1.281758067593870510e+05
1.282466518628001504e+05
1.283206062219817250e+05
1.283970499196792953e+05
1.284752837754352513e+05
1.285549005549239810e+05
1.286355617782191985e+05
1.287171112368173199e+05
1.288003606997983588e+05
1.288848186028095370e+05
1.289706073731670040e+05
1.290573623331016133e+05
1.291437229512145568e+05
1.292295154147793801e+05
1.293140514610099053e+05
1.293969684173624555e+05
1.294791393928755715e+05
1.295617297498173139e+05
1.296451614469750057e+05
1.297288346021226171e+05
1.298121889206683845e+05
1.298953563137356978e+05
1.299775863553561358e+05
1.300592130765776092e+05
1.301388442510609748e+05
1.302174872397287400e+05
1.302948561975971825e+05
1.303691308245758119e+05
1.304412806747345603e+05
1.305117701093247888e+05
1.305798308569298970e+05
1.306461324155036709e+05
1.307101072651454888e+05
1.307715426987638057e+05
1.308300218241978291e+05
1.308861537581894954e+05
1.309389339174667402e+05
1.309890284979017160e+05
1.310355192815324554e+05
1.310801769806188822e+05
1.311222379049608135e+05
1.311617854877966456e+05
1.311978758347624098e+05
1.312302329437955050e+05
1.312588032477511442e+05
1.312844730369120371e+05
1.313066559687829285e+05
1.313245048266732192e+05
1.313380116022156435e+05
1.313462664193165838e+05
1.313500967602536548e+05
1.313506807685898384e+05
1.313482896062631335e+05
1.313415477264900401e+05
1.313298326020913373e+05
1.313144519133581489e+05
1.312947594031037879e+05
1.312707670052819594e+05
1.312428267786180659e+05
1.312117965517968405e+05
1.311768054174456047e+05
1.311370882650113199e+05
1.310931529032443068e+05
1.310450944972596481e+05
1.309928732983475056e+05
1.309363727666869672e+05
1.308743762231730507e+05
1.308070446601796430e+05
1.307344129473242356e+05
1.306571955740606063e+05
1.305770043399335991e+05
1.304932479413897672e+05
1.304051698041531490e+05
1.303127946412171441e+05
1.302157234572869056e+05
1.301146736893699999e+05
1.300091125760873401e+05
1.298988333145520155e+05
1.297849360469809035e+05
1.296666896704894170e+05
1.295438038125338644e+05
1.294174289415624226e+05
1.292872516682455025e+05
1.291531329720859067e+05
1.290153989816190151e+05
1.288738990934249596e+05
1.287286894541660004e+05
1.285794855055269145e+05
1.284260972341041197e+05
1.282701366321948735e+05
1.281111676353859075e+05
1.279491262873812811e+05
1.277835716921240382e+05
1.276146019016867940e+05
1.274416904250655789e+05
1.272647866514933412e+05
1.270835819419487234e+05
1.268992679990469042e+05
1.267112716585929011e+05
1.265202321753618598e+05
1.263265426257753134e+05
1.261292193555459962e+05
1.259287610284149559e+05
1.257253715559077682e+05
1.255190115129283949e+05
1.253093244177310262e+05
1.250956214556219202e+05
1.248787605203992571e+05
1.246581698119918437e+05
1.244351153791867546e+05
1.242095010985016124e+05
1.239808519305455411e+05
1.237500355170081311e+05
1.235165040095001896e+05
1.232808094990399841e+05
1.230428274224095658e+05
1.228024712532487174e+05
1.225603536300444102e+05
1.223162511126217869e+05
1.220702411771112820e+05
1.218223287958303699e+05
1.215726875046126079e+05
1.213202150631588302e+05
1.210645931374065112e+05
1.208074574192466243e+05
1.205488060950343934e+05
1.202887181878219999e+05
1.200272087182512914e+05
1.197645161970304325e+05
1.195012430819586589e+05
1.192372575876612536e+05
1.189716623326018744e+05
1.187036173185578664e+05
1.184341229492799612e+05
1.181633500174744840e+05
1.178910759899025870e+05
1.176185764686423063e+05
1.173455205149873218e+05
1.170712892725692946e+05
1.167961216702007223e+05
1.165205549820713059e+05
1.162438522138803091e+05
1.159662860320264735e+05
1.156877685462529043e+05
1.154091695540896908e+05
1.151306404442790663e+05
1.148519234075634013e+05
1.145730491864827636e+05
1.142943565471593902e+05
1.140150353710161435e+05
1.137356334086117276e+05
1.134565718863546790e+05
1.131780795411256549e+05
1.129002030964045553e+05
1.126226149581224308e+05
1.123449842552532064e+05
1.120680216046409914e+05
1.117921141005007084e+05
1.115160767793350242e+05
1.112403326904474816e+05
1.109657189583217405e+05
1.106918675157499383e+05
1.104185469137264299e+05
1.101465676569365023e+05
1.098758420251246716e+05
1.096058554425446491e+05
1.093373670827393216e+05
1.090696615502524073e+05
1.088028956430720427e+05
1.085369766868246952e+05
1.082725003623032972e+05
1.080090579082320182e+05
1.077470757350915228e+05
1.074861307294006692e+05
1.072264618119711085e+05
1.069689953388734284e+05
1.067134283748654416e+05
1.064598372317247558e+05
1.062078427557891409e+05
1.059576349743178143e+05
1.057094198331518419e+05
1.054630175949790428e+05
1.052179031677035382e+05
1.049741925053507730e+05
1.047311242031170841e+05
1.044891355307013146e+05
1.042484035131046840e+05
1.040096343652430223e+05
1.037725089605727699e+05
1.035367514861553209e+05
1.033032165548386256e+05
1.030712739817321271e+05
1.028414293740866124e+05
1.026139084506080981e+05
1.023885882261585357e+05
1.021654925111195480e+05
1.019450980721908854e+05
1.017265600901496218e+05
1.015100338703283924e+05
1.012958092363240285e+05
1.010841063885024923e+05
1.008744377868783922e+05
1.006669659166515630e+05
1.004620037173961173e+05
1.002600014111744531e+05
1.000604181990970828e+05
9.986322791987659002e+04
9.966876642943266779e+04
9.947725014589515922e+04
9.928855025754071539e+04
9.910230896684907202e+04
9.891886403367634921e+04
9.873854528513927653e+04
9.856047415602176625e+04
9.838499484639652655e+04
9.821189305563167727e+04
9.804171673546981765e+04
9.787395515195354528e+04
9.770877538271130470e+04
9.754634663188051491e+04
9.738720388206512143e+04
9.723046349430766713e+04
9.707668699031701544e+04
9.692545312196091982e+04
9.677685171698794875e+04
9.663036368310652324e+04
9.648678496210064623e+04
9.634568986548784596e+04
9.620688784776453394e+04
9.607072821717760235e+04
9.593694354515369923e+04
9.580502393909466628e+04
9.567571752562942856e+04
9.554948041586091858e+04
9.542584270220999315e+04
9.530407726101257140e+04
9.518441275270133337e+04
9.506708451390583650e+04
9.495245381761222961e+04
9.484058961787800945e+04
9.473083785034304310e+04
9.462351276935360511e+04
9.451857769060174178e+04
9.441604974337715248e+04
9.431607952223382017e+04
9.421840254405373707e+04
9.412299384435758111e+04
9.403009341196788591e+04
9.393933253606459766e+04
9.385028290628529794e+04
9.376291665060630476e+04
9.367774477733473759e+04
9.359474218199728057e+04
9.351382224587671226e+04
9.343551616100361571e+04
9.335932925135330879e+04
9.328489363325819431e+04
9.321250710963753227e+04
9.314204856334092619e+04
9.307312204950532760e+04
9.300568065856516478e+04
9.293995980278593197e+04
9.287584840222718776e+04
9.281344905398359697e+04
9.275299849091131182e+04
9.269427564867470937e+04
9.263727943687583320e+04
9.258205730541050434e+04
9.252830262902672985e+04
9.247623838419659296e+04
9.242618869597025332e+04
9.237783611183734320e+04
9.233083165943381027e+04
9.228524515667511150e+04
9.224131363832259376e+04
9.219896057447632484e+04
9.215814014026094810e+04
9.211890672292653471e+04
9.208077292771985231e+04
9.204404014312416257e+04
9.200878307279523870e+04
9.197500557060369465e+04
9.194223402025840187e+04
9.191077302030354622e+04
9.188060860368958674e+04
9.185194298561743926e+04
9.182475180739497591e+04
9.179869686154625379e+04
9.177395752953889314e+04
9.175046741088487033e+04
9.172821477683079138e+04
9.170730667760048527e+04
9.168757320340108708e+04
9.166905948524692212e+04
9.165176994614134310e+04
9.163569144989937195e+04
9.162075622535494040e+04
9.160689682616929349e+04
9.159391431867837673e+04
9.158199494488025084e+04
9.157103463963126705e+04
9.156104537219737540e+04
9.155192043119182927e+04
9.154385519221311552e+04
9.153691530604628497e+04
9.153103416534948337e+04
9.152605571562108526e+04
9.152198765105399070e+04
9.151869514050363796e+04
9.151632667314290302e+04
9.151471115556143923e+04
9.151385421336576110e+04
9.151376149384900054e+04
9.151471230300032767e+04
9.151659749095900042e+04
9.151930231107317377e+04
9.152279365579588921e+04
9.152709993136777484e+04
9.153229107378909248e+04
9.153858462539318134e+04
9.154588134240201907e+04
9.155435346111534454e+04
9.156377331892648363e+04
9.157420218560496869e+04
9.158554732878865616e+04
9.159798393726478389e+04
9.161167914190550800e+04
9.162646574627936934e+04
9.164240029568727186e+04
9.165955837220139802e+04
9.167793191045378626e+04
9.169760679661843460e+04
9.171863988592049282e+04
9.174086926909579779e+04
9.176432560082987766e+04
9.178891486619490024e+04
9.181479133203145466e+04
9.184181200178015570e+04
9.187005948260432342e+04
9.189986340952776663e+04
9.193137788714180351e+04
9.196455116338930384e+04
9.199947800425122841e+04
9.203577360390733520e+04
9.207347520975754014e+04
9.211268586037668865e+04
9.215385951664687309e+04
9.219656879697777913e+04
9.224056990118912654e+04
9.228627135801003897e+04
9.233333967736760678e+04
9.238199439445057942e+04
9.243214532486924145e+04
9.248360198030853644e+04
9.253658546891610604e+04
9.259142123195072054e+04
9.264828895293016103e+04
9.270662482194727636e+04
9.276659421274342458e+04
9.282836376696595107e+04
9.289208996011200361e+04
9.295792194473020209e+04
9.302575035416075843e+04
9.309502874872360553e+04
9.316595705588100827e+04
9.323869389867427526e+04
9.331362040459408308e+04
9.339076333616941702e+04
9.346990864779749245e+04
9.355109441888013680e+04
9.363391180785413599e+04
9.371864694726152811e+04
9.380524034099795972e+04
9.389384787593979854e+04
9.398487365354619396e+04
9.407832072692908696e+04
9.417417118397908052e+04
9.427259576185443439e+04
9.437373392498615431e+04
9.447742768054985208e+04
9.458336319432849996e+04
9.469164777524981764e+04
9.480231658136224723e+04
9.491526171833476110e+04
9.503106781014314038e+04
9.514908692658712971e+04
9.526905860288273834e+04
9.539162502754539310e+04
9.551667809986200882e+04
9.564368768093461404e+04
9.577338871981659031e+04
9.590511271412730275e+04
9.603916537223785417e+04
9.617567185451743717e+04
9.631458663101856655e+04
9.645638470351685828e+04
9.660036358716756513e+04
9.674691901557220262e+04
9.689654203365984722e+04
9.704859986102340918e+04
9.720292776790770586e+04
9.735962317643330607e+04
9.751878787045559147e+04
9.768040360288388911e+04
9.784473037226950692e+04
9.801130870981277258e+04
9.818014510393654928e+04
9.835146020944812335e+04
9.852534392744599609e+04
9.870167342881864170e+04
9.887997089735492773e+04
9.906040947450036765e+04
9.924356769198963593e+04
9.942923454040591605e+04
9.961692418970356812e+04
9.980668625219368550e+04
9.999850293856229109e+04
1.001925871610015747e+05
1.003893374002514029e+05
1.005892310139043257e+05
1.007909758640269865e+05
1.009946514552199369e+05
1.012006695525717951e+05
1.014090796382917615e+05
1.016195157097178017e+05
1.018326519535144471e+05
1.020475625049796945e+05
1.022648610277641856e+05
1.024844518458468374e+05
1.027058754811882827e+05
1.029292474318745662e+05
1.031541503201927262e+05
1.033806668095631758e+05
1.036091631988666486e+05
1.038398508080553293e+05
1.040727365935364360e+05
1.043078781374733080e+05
1.045453556636793219e+05
1.047849506146849162e+05
1.050268257276989461e+05
1.052700748463003692e+05
1.055146806742078625e+05
1.057613654792320594e+05
1.060092042403520172e+05
1.062582320725001337e+05
1.065088689782853762e+05
1.067603669001750386e+05
1.070129979259181855e+05
1.072667604476055712e+05
1.075217222100443323e+05
1.077779081453270774e+05
1.080347214187313657e+05
1.082930413174349233e+05
1.085533296778985678e+05
1.088148103624426003e+05
1.090771187293566618e+05
1.093403125373411604e+05
1.096037028773388010e+05
1.098681412109880184e+05
1.101333968107603578e+05
1.103987144994032715e+05
1.106647291249675036e+05
1.109316008116825251e+05
1.111994033733495307e+05
1.114677349645582726e+05
1.117368990522242966e+05
1.120063840671364451e+05
1.122761600455321168e+05
1.125466749269954453e+05
1.128174237958746380e+05
1.130884388497177424e+05
1.133597027652937104e+05
1.136311056270172849e+05
1.139024047586981906e+05
1.141734230482180283e+05
1.144444559085701621e+05
1.147158665962282394e+05
1.149875392677909986e+05
1.152584831828008901e+05
1.155290068089478591e+05
1.157998458832212345e+05
1.160699406370038632e+05
1.163393864917909086e+05
1.166089459119107050e+05
1.168776985363213171e+05
1.171458095141024241e+05
1.174127130348772334e+05
1.176795831534825265e+05
1.179459462380178156e+05
1.182112036511002516e+05
1.184753886839061743e+05
1.187382162485243171e+05
1.189995938010051468e+05
1.192600738204863737e+05
1.195184808372097323e+05
1.197754764370195335e+05
1.200305067762551771e+05
1.202841182275701722e+05
1.205363674798350694e+05
1.207869990523426677e+05
1.210362331261962972e+05
1.212832291244046646e+05
1.215281594194886420e+05
1.217716899993484549e+05
1.220124078855525440e+05
1.222513800616250955e+05
1.224887731496785709e+05
1.227242041440566245e+05
1.229576613836246834e+05
1.231886997031627398e+05
1.234170022861917387e+05
1.236430270291031920e+05
1.238666736572342634e+05
1.240878818187023571e+05
1.243063234147675976e+05
1.245224004146603547e+05
1.247357890203929128e+05
1.249469603441170475e+05
1.251561145655938599e+05
1.253626705172664952e+05
1.255664536858490319e+05
1.257674456354511058e+05
1.259659423771256552e+05
1.261620535432902980e+05
1.263552480660598376e+05
1.265459470518537273e+05
1.267339998933587049e+05
1.269193350957307703e+05
1.271013187306335167e+05
1.272785887244691112e+05
1.274531986366830097e+05
1.276251489252030879e+05
1.277943186408123584e+05
1.279603642530846992e+05
1.281233349424514017e+05
1.282832637159712613e+05
1.284394039252855291e+05
1.285912065779755940e+05
1.287384468164034188e+05
1.288822192739879974e+05
1.290232844739805296e+05
1.291613667025222094e+05
1.292950846499275067e+05
1.294241702182224544e+05
1.295491776220425381e+05
1.296699734097081819e+05
1.297870474527983461e+05
1.299002256700754951e+05
1.300085467770998366e+05
1.301118326227914367e+05
1.302106574489202467e+05
1.303046709732461313e+05
1.303946184170193446e+05
1.304813230797802389e+05
1.305642317220022378e+05
1.306434633040608751e+05
1.307181102927572501e+05
1.307888518825450010e+05
1.308553079112369887e+05
1.309184133505805803e+05
1.309771447837927117e+05
1.310323725663542864e+05
1.310847457613369043e+05
