9.696485543218965176e+03
9.696486074370415736e+03
9.696406897153008686e+03
9.696269916937479138e+03
9.696101092165250520e+03
9.695868125577613682e+03
9.695573517464774341e+03
9.695208815990372386e+03
9.694773217934227432e+03
9.694291015884125954e+03
9.693742980888604507e+03
9.693133597077265222e+03
9.692452813872150728e+03
9.691696641973732767e+03
9.690886677494681862e+03
9.689997068049160589e+03
9.689015780971023560e+03
9.687967133544438184e+03
9.686882042858327623e+03
9.685740921146696564e+03
9.684502343553227547e+03
9.683256023288029610e+03
9.681947658959956243e+03
9.680624171584462601e+03
9.679240366397025355e+03
9.677795453596418156e+03
9.676265047220345878e+03
9.674716064452788487e+03
9.673186104833628633e+03
9.671585242284929336e+03
9.669962369599632439e+03
9.668272450952372310e+03
9.666542267109465683e+03
9.664755042519193012e+03
9.662923673287077690e+03
9.661080133109144299e+03
9.659190866637412910e+03
9.657255369923224862e+03
9.655357907966572384e+03
9.653473117435441964e+03
9.651605163526523029e+03
9.649702514412181699e+03
9.647800956533170393e+03
9.645885328337215469e+03
9.643989199102707062e+03
9.642093309268981102e+03
9.640189831224879526e+03
9.638260034135726528e+03
9.636331045848808571e+03
9.634439903379554380e+03
9.632502607277425341e+03
9.630472196652390267e+03
9.628421030604324187e+03
9.626380954021540674e+03
9.624309791101146402e+03
9.622279534426972532e+03
9.620271718241958297e+03
9.618253395475927391e+03
9.616158323249068417e+03
9.614037104458171598e+03
9.611962928021017433e+03
9.609894001623028089e+03
9.607841023732538815e+03
9.605749185583785220e+03
9.603611588543748439e+03
9.601536269050468036e+03
9.599607583518365573e+03
9.597717244938976364e+03
9.595784317382222071e+03
9.593882001649177255e+03
9.591977054901532028e+03
9.590089708189410885e+03
9.588240949139337317e+03
9.586432362405084859e+03
9.584613200667638012e+03
9.582827954269570910e+03
9.581074989543536503e+03
9.579314633167341526e+03
9.577531531377368083e+03
9.575735610177433045e+03
9.574016111354922032e+03
9.572378960441785239e+03
9.570792514854099863e+03
9.569241374271039604e+03
9.567784640263551410e+03
9.566383600458713772e+03
9.565020745813048052e+03
9.563597996182345014e+03
9.562120580059237909e+03
9.560590129030428216e+03
9.558994460186049764e+03
9.557424902894796105e+03
9.555864494275523612e+03
9.554286571899945557e+03
9.552673860725997656e+03
9.551021393121605797e+03
9.549394030623619983e+03
9.547780600665671955e+03
9.546165556350943007e+03
9.544535672688007253e+03
9.542953573217870144e+03
9.541394173644392140e+03
9.539927630890169894e+03
9.538525864787861792e+03
9.537043229361006524e+03
9.535657770920974144e+03
9.534294512517783005e+03
9.533045737067737718e+03
9.531765186687740425e+03
9.530523668571529925e+03
9.529390598781770677e+03
9.528278104574965255e+03
9.527156803870684598e+03
9.526017419432319002e+03
9.524840808898852629e+03
9.523641511325407919e+03
9.522520547164072923e+03
9.521528766650639227e+03
9.520584769149936619e+03
9.519783672199489956e+03
9.518972421500031487e+03
9.518203382571375187e+03
9.517434831391705302e+03
9.516656258443206752e+03
9.515882819032878615e+03
9.515224571465168992e+03
9.514584449198728180e+03
9.513940350883742212e+03
9.513245090165090005e+03
9.512530926155737689e+03
9.511813794949503063e+03
9.511103331226124283e+03
9.510317087863193592e+03
9.509533674370879453e+03
9.508765933663542455e+03
9.508043849068846612e+03
9.507282609509875329e+03
9.506544587875083380e+03
9.505941994314227486e+03
9.505337214471190237e+03
9.504797373922343468e+03
9.504292961521045072e+03
9.503803598426169629e+03
9.503368001214665128e+03
9.502927195851041688e+03
9.502493187376852802e+03
9.502082764122016670e+03
9.501736821845959639e+03
9.501403434860318157e+03
9.500981743067408388e+03
9.500646806400147398e+03
9.500334264210618130e+03
9.499910618042697024e+03
9.499629104170579012e+03
9.499407632424237818e+03
9.499243843870031924e+03
9.499091208565465422e+03
9.498971117397959461e+03
9.498955120366928895e+03
9.499099949955278134e+03
9.499371840315334339e+03
9.499773087385641702e+03
9.500157857706277355e+03
9.500571582420870982e+03
9.501008601448957052e+03
9.501362358481059346e+03
9.501683104907473535e+03
9.502024666407120094e+03
9.502417885650116659e+03
9.502859164410499943e+03
9.503360442734350727e+03
9.503943841653652271e+03
9.504485152404105975e+03
9.504996198773791548e+03
9.505595474358975480e+03
9.506220261190510428e+03
9.506818182738741598e+03
9.507457531409281728e+03
9.508140635667276001e+03
9.508853535871383428e+03
9.509505745097658291e+03
9.510158577521027837e+03
9.510897524329395310e+03
9.511505834543817400e+03
9.512109894152452398e+03
9.512680118956513979e+03
9.513376805322639484e+03
9.514064039113516628e+03
9.514715228420882340e+03
9.515355183659681643e+03
9.515938989968777605e+03
9.516348064863286709e+03
9.516629623380404155e+03
9.516877990347658852e+03
9.517130164246855202e+03
9.517227321864131227e+03
9.517380580992654359e+03
9.517412522905711739e+03
9.517335898505072691e+03
9.517254524933945504e+03
9.517045895968512923e+03
9.516746242550756506e+03
9.516415785563955069e+03
9.515999081353598740e+03
9.515581946584681646e+03
9.515016029125306886e+03
9.514282822719271280e+03
9.513480671593093575e+03
9.512588000584144538e+03
9.511515079989534570e+03
9.510413560566566957e+03
9.509153167376758574e+03
9.507792656729088776e+03
9.506460308784089648e+03
9.505174636426907455e+03
9.503818589647209592e+03
9.502373780844216526e+03
9.500893884689090555e+03
9.499317679184248846e+03
9.497531919614328217e+03
9.495520297381284763e+03
9.493212154280223331e+03
9.490816675258132818e+03
9.488415701166495637e+03
9.485976484164071735e+03
9.483416390531781872e+03
9.480573302710097778e+03
9.477618413031164891e+03
9.474601615396619309e+03
9.471465652119235529e+03
9.468293436708843728e+03
9.464994590060472547e+03
9.461540507072368200e+03
9.457906796416096768e+03
9.454034701226028119e+03
9.450134961113060854e+03
9.446086340050727813e+03
9.441782951033776044e+03
9.437285958536611361e+03
9.432786761103126992e+03
9.428199965648642319e+03
9.423466261306357410e+03
9.418604661542536633e+03
9.413693909350871763e+03
9.408650319601169031e+03
9.403339206665006714e+03
9.397929684303522663e+03
9.392336345206189435e+03
9.386533122097789601e+03
9.380503800134809353e+03
9.374434297404288372e+03
9.368167444939903362e+03
9.361784405717480695e+03
9.355283987500228250e+03
9.348560085968860221e+03
9.341683602613717085e+03
9.334577198421820867e+03
9.327327118688088376e+03
9.319845414936855377e+03
9.312188547535803082e+03
9.304347174241971516e+03
9.296446464329941591e+03
9.288431798350684403e+03
9.280233476772034919e+03
9.271971986393862608e+03
9.263698239421928520e+03
9.255410971132963823e+03
9.247010158685978240e+03
9.238617860372560244e+03
9.230278742489126671e+03
9.221939426250824908e+03
9.213505060971663625e+03
9.204954349850237122e+03
9.196432265671504865e+03
9.187842893830345929e+03
9.179116163366799810e+03
9.170170965551633344e+03
9.161114817823576232e+03
9.151967774170469056e+03
9.142657601979963147e+03
9.133315029644571041e+03
9.123976854982287477e+03
9.114531971450895071e+03
9.105161868423856504e+03
9.095737707855925692e+03
9.086194475931657507e+03
9.076522056150075514e+03
9.066858703242965930e+03
9.057184192714905294e+03
9.047436614627735253e+03
9.037606818521968307e+03
9.027647872767940498e+03
9.017699223670788342e+03
9.007631826381268183e+03
8.997462456860122984e+03
8.987151725980020274e+03
8.976699808236526223e+03
8.966226259538767408e+03
8.955855243981604872e+03
8.945365717298520394e+03
8.934799781101370172e+03
8.924258694157348145e+03
8.913739909241649002e+03
8.903234166410029502e+03
8.892573508978084647e+03
8.881881444717559134e+03
8.871085463981313296e+03
8.860244527811779335e+03
8.849438523380236802e+03
8.838653518188111775e+03
8.827783041287975720e+03
8.816838352133632725e+03
8.805935058807484893e+03
8.794959232205550506e+03
8.783892062446851924e+03
8.772916760737298318e+03
8.762083588223078550e+03
8.751341656963651985e+03
8.740543488045710546e+03
8.729724467922053009e+03
8.719035110313476252e+03
8.708392609718062886e+03
8.697812827992394887e+03
8.687241111556841133e+03
8.676648148737178417e+03
8.665858771679597339e+03
8.654986196137335355e+03
8.644139519950620524e+03
8.633215562305860658e+03
8.622152048611837017e+03
8.610933894280955428e+03
8.599735234619807670e+03
8.588610993959866391e+03
8.577502669244162462e+03
8.566555389563092831e+03
8.555551459538561176e+03
8.544557275223216493e+03
8.533484214564447029e+03
8.522375520130870427e+03
8.511311757497722283e+03
8.500226492538766252e+03
8.489285643034158056e+03
8.478321992192846665e+03
8.467262258607539479e+03
8.456134236808380592e+03
8.444961712457441536e+03
8.433628864128117129e+03
8.422154913672358816e+03
8.410625847306651849e+03
8.399094260055573613e+03
8.387595649845141452e+03
8.376116479725720637e+03
8.364624998463134034e+03
8.353073883940855012e+03
8.341498078028187592e+03
8.329783484238849269e+03
8.317934294755408700e+03
8.306082414248383429e+03
8.294270041393916472e+03
8.282431954565687192e+03
8.270522211413332116e+03
8.258793744690918174e+03
8.246970581343161030e+03
8.235072562797606224e+03
8.222986789983155177e+03
8.210827040714062605e+03
8.198761967744065259e+03
8.186474439107955732e+03
8.174149989554412969e+03
8.161916344834437041e+03
8.149728729033132367e+03
8.137586668052370442e+03
8.125428542177186500e+03
8.113284255354739798e+03
8.101217590429710071e+03
8.089056105221307007e+03
8.076846599544784112e+03
8.064497026457024731e+03
8.052062370377214393e+03
8.039488454707575329e+03
8.026698654086380884e+03
8.013754147012277826e+03
8.000807600982479926e+03
7.987752123639510501e+03
7.974510171229275329e+03
7.961076289465303489e+03
7.947550734060718241e+03
7.934051500376218428e+03
7.920536977177902372e+03
7.907024747306057179e+03
7.893577365942090182e+03
7.879973833007612484e+03
7.866230479681254110e+03
7.852421862949128808e+03
7.838526157487610362e+03
7.824538429430608630e+03
7.810419456012336013e+03
7.796198781294158834e+03
7.781795196944249255e+03
7.767306657239639208e+03
7.752740785759763639e+03
7.738138033029844337e+03
7.723456900300518100e+03
7.708870413464802368e+03
7.694209767131987064e+03
7.679533486819812424e+03
7.664757887756137279e+03
7.649957165539317430e+03
7.635083475499248379e+03
7.620129591355887896e+03
7.605173352242864894e+03
7.590090121229454780e+03
7.574861954255041383e+03
7.559564714862530309e+03
7.544175864400271166e+03
7.528591970548652171e+03
7.512903380943502270e+03
7.496978357931084247e+03
7.480862981328216847e+03
7.464490238268243957e+03
7.448001509467099822e+03
7.431464093934569064e+03
7.414885944394648504e+03
7.398318528970327861e+03
7.381732570122840116e+03
7.365023577620402648e+03
7.348215499416231069e+03
7.331345213861177399e+03
7.314327620637105611e+03
7.297460496371442787e+03
7.280508360338276361e+03
7.263359120031764178e+03
7.246159181334986897e+03
7.228940696768935595e+03
7.211685059978441132e+03
7.194324924328431734e+03
7.176830477607359171e+03
7.159302081187649492e+03
7.141582307807627330e+03
7.123577978595549212e+03
7.105339657348381479e+03
7.086990399700718626e+03
7.068764562380443749e+03
7.050332621802549511e+03
7.031743902013485240e+03
7.013028417020910638e+03
6.994054010781439501e+03
6.974894328429059897e+03
6.955736411085352302e+03
6.936518843033781195e+03
6.917184092721481647e+03
6.897953581205172668e+03
6.878791362361913343e+03
6.859475933453601101e+03
6.840003914095901564e+03
6.820420269088172063e+03
6.800727682747358813e+03
6.781093313715809018e+03
6.761230289265789906e+03
6.741273799279319064e+03
6.721441065782651094e+03
6.701646547222046138e+03
6.681850608350758193e+03
6.661922256264757380e+03
6.641854597086164176e+03
6.621524193492639824e+03
6.601019995864521661e+03
6.580466923350179059e+03
6.560002439269939714e+03
6.539526950859065437e+03
6.518826720631361241e+03
6.497886829135774860e+03
6.476895119803911257e+03
6.455900595665952096e+03
6.434812243892034530e+03
6.413837237153655224e+03
6.392988432401297359e+03
6.372123792684502405e+03
6.351109604943254453e+03
6.330034783442793923e+03
6.309018201199131909e+03
6.287996210850923489e+03
6.266922615815747122e+03
6.245776367534826932e+03
6.224660042514475208e+03
6.203449901677342496e+03
6.182060281517191470e+03
6.160590851215174553e+03
6.139048141505861167e+03
6.117305057700516045e+03
6.095363358498163507e+03
6.073172944663221642e+03
6.050901472175191884e+03
6.028853790523779935e+03
6.006988006557225162e+03
5.985087164281473633e+03
5.963092432744492726e+03
5.940923766445517685e+03
5.918731384131430787e+03
5.896525835943428319e+03
5.874310532911924383e+03
5.852196915797221664e+03
5.830108667971315299e+03
5.808049005201219188e+03
5.786094445664590239e+03
5.764195950231845927e+03
5.742223014457973477e+03
5.720148835868746573e+03
5.698254640912575269e+03
5.676249311084964575e+03
5.654285827584400067e+03
5.632265086350690581e+03
5.610179215972852035e+03
5.587993823655639972e+03
5.565736624498686979e+03
5.543381882070585561e+03
5.520967913708683227e+03
5.498606909986201572e+03
5.476252742848113485e+03
5.453828676717927920e+03
5.431276606450890540e+03
5.408612723204001668e+03
5.385936477797880798e+03
5.363368267954169823e+03
5.340693847447704684e+03
5.317960462016541896e+03
5.295223639490347523e+03
5.272649298633757098e+03
5.250055426352480936e+03
5.227350492349409251e+03
5.204560783519091274e+03
5.181704927797361051e+03
5.158980371523963186e+03
5.136244124069561622e+03
5.113438246760697439e+03
5.090565991608288641e+03
5.067544738432316080e+03
5.044550160560219410e+03
5.021571536742720127e+03
4.998441088433430195e+03
4.975209432987854598e+03
4.951787876354238506e+03
4.928410437983523479e+03
4.905044609873812988e+03
4.881800462012559365e+03
4.858582426421111450e+03
4.835200288020546395e+03
4.811744099392851240e+03
4.788345957901923612e+03
4.765039401839382663e+03
4.741770697376281532e+03
4.718555111877981290e+03
4.695271491051640623e+03
4.671960553600005369e+03
4.648646323001177734e+03
4.625266551933566006e+03
4.601773488673627071e+03
4.578156437780163287e+03
4.554447417127903464e+03
4.530755952462273854e+03
4.507004381809108963e+03
4.483229624928962039e+03
4.459299441904111518e+03
4.435320657980427313e+03
4.411293417423952633e+03
4.387334660046853060e+03
4.363456679537712262e+03
4.339412415935194986e+03
4.315400971966319958e+03
4.291327683459133368e+03
4.267031095711075068e+03
4.242559902058935222e+03
4.218224138756907450e+03
4.193749066541229695e+03
4.169086881086488575e+03
4.144322889662390480e+03
4.119632354679067248e+03
4.094929983360540973e+03
4.070117122514356652e+03
4.045213790809839338e+03
4.020309351734427764e+03
3.995291033107537260e+03
3.970075794762010446e+03
3.944701688050376106e+03
3.919418185859963160e+03
3.894210809571434311e+03
3.868861644088338380e+03
3.843445947547727883e+03
3.818020290390170885e+03
3.792361123710906213e+03
3.766533559549228357e+03
3.740586575492371139e+03
3.714614424700888776e+03
3.688509772104749572e+03
3.662390271135471721e+03
3.636288134972513944e+03
3.610149422164484804e+03
3.583835973359070977e+03
3.557497417450889770e+03
3.531308988477066123e+03
3.504996287995610146e+03
3.478557325015595779e+03
3.452121139298892558e+03
3.425750597020312853e+03
3.399262248929442649e+03
3.372678952209023919e+03
3.345997284365588712e+03
3.319163106944960418e+03
3.292337726350931462e+03
3.265515347646872669e+03
3.238687402141062194e+03
3.211829012377239906e+03
3.184942910495359683e+03
3.158097496280913219e+03
3.131183966470823179e+03
3.104368884318789696e+03
3.077662573433747639e+03
3.050851700261358928e+03
3.024008586858523813e+03
2.997016712445663870e+03
2.969914680672970462e+03
2.942774904166925353e+03
2.915543637721407322e+03
2.888210411502670468e+03
2.860855917870450412e+03
2.833395203442357342e+03
2.805843103721032548e+03
2.778271810798216393e+03
2.750645889779921163e+03
2.723016571354652569e+03
2.695455456660404707e+03
2.667845287784915399e+03
2.640229560548654263e+03
2.612657656871157087e+03
2.585118238620993907e+03
2.557684687076563023e+03
2.530119196152676523e+03
2.502666849462270875e+03
2.475218465751211170e+03
2.447611261685864520e+03
2.420016525904508853e+03
2.392348426019520048e+03
2.364677082499419612e+03
2.337036644446250648e+03
2.309410180135856535e+03
2.281751632497682294e+03
2.254038780672541179e+03
2.226518666567471882e+03
2.198937236213178039e+03
2.171367025992593881e+03
2.143914094847106753e+03
2.116559078329245949e+03
2.089226008005719905e+03
2.061876729766174321e+03
2.034563906598286394e+03
2.007389660226006526e+03
1.980292856977486053e+03
1.953194568843440720e+03
1.926103192210840461e+03
1.899063179670888985e+03
1.871946364230251675e+03
1.844872746368263051e+03
1.817861048311205650e+03
1.790893632195866530e+03
1.763922118950785716e+03
1.737062711718582023e+03
1.710391578038507987e+03
1.683805790968365272e+03
1.657341653095085576e+03
1.631000077813145481e+03
1.604645264159704084e+03
1.578349076442804517e+03
1.552111427742766864e+03
1.525876282839843270e+03
1.499600998250634575e+03
1.473144439178926405e+03
1.446567200338716702e+03
1.419938008864399080e+03
1.393238970811408535e+03
1.366474897242030465e+03
1.339687217100071621e+03
1.312903667282790138e+03
1.286159668119393928e+03
1.259622095316016839e+03
1.233348349668423452e+03
1.207261179064594899e+03
1.181251814079649193e+03
1.155189001276284671e+03
1.129026213905141958e+03
1.102955972149879244e+03
1.077072763917470866e+03
1.051172590852812846e+03
1.025322379792805123e+03
9.995335034211542506e+02
9.737406999695066361e+02
9.480635857041746704e+02
9.224858286847158979e+02
8.969792061969858423e+02
8.715681421792542096e+02
8.464331581773795961e+02
8.214262383053185204e+02
7.963912968248939706e+02
7.712742337208794652e+02
7.462428876127319199e+02
7.212538990088501123e+02
6.963893650362026619e+02
6.715553275246479643e+02
6.467458659850574350e+02
6.219192570030654679e+02
5.971433289897101986e+02
5.724200771867158437e+02
5.478428866256787160e+02
5.232753469469788570e+02
4.987649815129087187e+02
4.742930160216077411e+02
4.499251113319264732e+02
4.257476452203070494e+02
4.017445726193698761e+02
3.779988720176864945e+02
3.543819949155424638e+02
3.308025196294486250e+02
3.072187959768381802e+02
2.835886685771466205e+02
2.601159252986746537e+02
2.366473237659392339e+02
2.131784198335460019e+02
1.897958257857357012e+02
1.665313319125128828e+02
1.433466251912692542e+02
1.201575209650436022e+02
9.706595990619240411e+01
7.416100804803778601e+01
5.128558535634931559e+01
2.851547623244925944e+01
5.833975908926902321e+00
-1.673845003968915535e+01
-3.938175665056354546e+01
-6.194061290965476019e+01
-8.437239368018703090e+01
-1.067922693378938561e+02
-1.291862844190366673e+02
-1.515397411514297232e+02
-1.738233319462612485e+02
-1.959526495440359213e+02
-2.181195559345396759e+02
-2.402686529260569728e+02
-2.623611818516397989e+02
-2.844473503830658956e+02
-3.066139795495811882e+02
-3.287655368272980922e+02
-3.509915648663843513e+02
-3.732170385356355951e+02
-3.953152557005207655e+02
-4.173193935336983031e+02
-4.392307235427758769e+02
-4.610570805079512411e+02
-4.829507363087547560e+02
-5.048556067408379704e+02
-5.266923288065366933e+02
-5.485681918622276498e+02
-5.704017705265601990e+02
-5.922944763441780651e+02
-6.141216038054928958e+02
-6.359632080681155912e+02
-6.575945660325503468e+02
-6.791014084384663647e+02
-7.006519796955207084e+02
-7.221958870362201424e+02
-7.438129447484899401e+02
-7.654774371876217174e+02
-7.870933701825117623e+02
-8.086574267255689392e+02
-8.301227218728270145e+02
-8.516834854346187740e+02
-8.731421991550434996e+02
-8.946058924866263169e+02
-9.161128729758121381e+02
-9.376670201654522998e+02
-9.592954584016976014e+02
-9.807517661449099933e+02
-1.002226259455964509e+03
-1.023632032583487671e+03
-1.045109453552696550e+03
-1.066540504190998035e+03
-1.087910010620523963e+03
-1.109111704205902697e+03
-1.130285161313216349e+03
-1.151543287798755955e+03
-1.172804663073861548e+03
-1.194039606745621313e+03
-1.215350137903885980e+03
-1.236636796420212477e+03
-1.257938653508337666e+03
-1.279229395117209378e+03
-1.300470082713321744e+03
-1.321753632516088146e+03
-1.343105405277238333e+03
-1.364379663863326869e+03
-1.385461614999692301e+03
-1.406474078253748758e+03
-1.427415941984999563e+03
-1.448352265438162704e+03
-1.469291428036790649e+03
-1.490231108085567485e+03
-1.511115210241063323e+03
-1.531904661011577673e+03
-1.552652105547720339e+03
-1.573344468212209222e+03
-1.593860126431574599e+03
-1.614291880730753292e+03
-1.634726732799138063e+03
-1.655049041008524682e+03
-1.675320934393283324e+03
-1.695517815714171093e+03
-1.715673303655186601e+03
-1.735632096860623733e+03
-1.755491682837716098e+03
-1.775330627252528302e+03
-1.795117782892749347e+03
-1.814654115681362555e+03
-1.834166085580816571e+03
-1.853647202103311429e+03
-1.873149937986265968e+03
-1.892627435776311358e+03
-1.912064729871533245e+03
-1.931493094043913743e+03
-1.950900560615471477e+03
-1.970068589380925687e+03
-1.989220239811660122e+03
-2.008282373896337276e+03
-2.027198162776974186e+03
-2.046019737772016015e+03
-2.064740839532142218e+03
-2.083280090537836259e+03
-2.101582658697429906e+03
-2.119756658190634425e+03
-2.137815926233469781e+03
-2.155734055407826872e+03
-2.173505232223189523e+03
-2.191147144301557091e+03
-2.208653408981037501e+03
-2.225946459631959442e+03
-2.243136591863892590e+03
-2.260256835784070972e+03
-2.277356525871933172e+03
-2.294407481181970070e+03
-2.311459589278573731e+03
-2.328434315488237189e+03
-2.345258186940282030e+03
-2.361975807461301883e+03
-2.378562624517348922e+03
-2.395045408505137402e+03
-2.411424622142989847e+03
-2.427598884496837400e+03
-2.443391348891914731e+03
-2.458918747055395215e+03
-2.474320048007192781e+03
-2.489614681589732299e+03
-2.504807276864170490e+03
-2.519824437901444071e+03
-2.534699328860312107e+03
-2.549486051367302025e+03
-2.564135723287346082e+03
-2.578704196193316420e+03
-2.593266871403202003e+03
-2.607759827549050897e+03
-2.622118830392600103e+03
-2.636365496230535882e+03
-2.650442703401385643e+03
-2.664293414390762791e+03
-2.678004848117575420e+03
-2.691623913063978307e+03
-2.704993332139613813e+03
-2.718207628102426042e+03
-2.731268017715001406e+03
-2.744171145389708727e+03
-2.756981960331299888e+03
-2.769630518628379832e+03
-2.782151926416344395e+03
-2.794541690963851579e+03
-2.806779650505698100e+03
-2.818941671121133822e+03
-2.830911935552887371e+03
-2.842749920728640063e+03
-2.854499439317753513e+03
-2.866159885677857801e+03
-2.877726755334577774e+03
-2.889154291423478753e+03
-2.900388388016710906e+03
-2.911516623159890514e+03
-2.922507988207763447e+03
-2.933386771128869896e+03
-2.944188154873517306e+03
-2.954767593740625216e+03
-2.965241344092157760e+03
-2.975655363749632215e+03
-2.985947013577318558e+03
-2.996117636377008694e+03
-3.006162007250137322e+03
-3.016089392274924649e+03
-3.025915019505724104e+03
-3.035545820452026874e+03
-3.045031116744649808e+03
-3.054353818282177599e+03
-3.063456081129840641e+03
-3.072379279992564079e+03
-3.081054376658152705e+03
-3.089501302352969560e+03
-3.097803831983994314e+03
-3.105981461995560949e+03
-3.114080422530412307e+03
-3.121996631186436389e+03
-3.129697467928088372e+03
-3.137259752510391081e+03
-3.144710592270887901e+03
-3.152074945746995127e+03
-3.159349275722253424e+03
-3.166479822510158101e+03
-3.173437061398809419e+03
-3.180267115487192768e+03
-3.187020561789070143e+03
-3.193694357497821784e+03
-3.200291913508730431e+03
-3.206782645185821821e+03
-3.213140738478261028e+03
-3.219378196134695827e+03
-3.225493876276203991e+03
-3.231537938229435440e+03
-3.237525938923316062e+03
-3.243448327375930148e+03
-3.249237679196911813e+03
-3.254841402912598824e+03
-3.260266001426593448e+03
-3.265612180631097999e+03
-3.270791698314875248e+03
-3.275794472364328158e+03
-3.280581430231127342e+03
-3.285152036107959702e+03
-3.289546360948055735e+03
-3.293795454038869593e+03
-3.297937592516197583e+03
-3.301908527677123402e+03
-3.305794075277948195e+03
-3.309639203613369318e+03
-3.313324149057882096e+03
-3.316906610225094937e+03
-3.320394487243408548e+03
-3.323771166996642478e+03
-3.327060650415293821e+03
-3.330218237635932383e+03
-3.333294819812457263e+03
-3.336218839168709110e+03
-3.339016316283600645e+03
-3.341717376119857363e+03
-3.344352338006329774e+03
-3.346858782531429370e+03
-3.349137091770462575e+03
-3.351324633601104324e+03
-3.353344086824522492e+03
-3.355260393587631825e+03
-3.357094197950731996e+03
-3.358858395845257292e+03
-3.360549262312546489e+03
-3.362091390619965750e+03
-3.363570184946989684e+03
-3.364940946409904882e+03
-3.366225001255520510e+03
-3.367418375236134580e+03
-3.368530505355613968e+03
-3.369594246670890698e+03
-3.370610486809373015e+03
-3.371510854278995339e+03
-3.372293065646088507e+03
-3.373003529213325692e+03
-3.373672422805934730e+03
-3.374277258189527856e+03
-3.374836087278777086e+03
-3.375343005835944496e+03
-3.375746083660438217e+03
-3.376085566267689956e+03
-3.376301627109753099e+03
-3.376472539770761614e+03
-3.376597564651625817e+03
-3.376653489063925917e+03
-3.376650138862337371e+03
-3.376592236476863491e+03
-3.376470515467171026e+03
-3.376284567809560940e+03
-3.376013355203361698e+03
-3.375689563750461275e+03
-3.375315444525149360e+03
-3.374916162673103827e+03
-3.374436153199833370e+03
-3.373879004532330327e+03
-3.373289040214722263e+03
-3.372641427730650321e+03
-3.371915299859743300e+03
-3.371124181955658969e+03
-3.370300388621210459e+03
-3.369439741110904379e+03
