5.738210592857711845e+02
5.743256576519453347e+02
5.748640368584129874e+02
5.753732220113444100e+02
5.758523176851675771e+02
5.763002970333429857e+02
5.769578302865147634e+02
5.783018151992359890e+02
5.796370297315780817e+02
5.809304989384512510e+02
5.821788633507361510e+02
5.833792739261759834e+02
5.845413129209696308e+02
5.856532167338436921e+02
5.867128149903911662e+02
5.877202854554749365e+02
5.886766516946921683e+02
5.895837509364440621e+02
5.904441701735904644e+02
5.912611543826183151e+02
5.922251538700440960e+02
5.943640875169020319e+02
5.964664099898063796e+02
5.985320473229159006e+02
6.005614500485244207e+02
6.025556825192685437e+02
6.045164928169019731e+02
6.064463592275050132e+02
6.083485102529978121e+02
6.102269162675780763e+02
6.120862521434484051e+02
6.139318313900378143e+02
6.157822497743419490e+02
6.176319670104492161e+02
6.194866585985579377e+02
6.213530451619525365e+02
6.232397590866785322e+02
6.254057683291166541e+02
6.278656799447772983e+02
6.303607049832422717e+02
6.328947814684084960e+02
6.359389523532973953e+02
6.391294447755047941e+02
6.423636181770065150e+02
6.456406882784164054e+02
6.489589198557421241e+02
6.523156356373457356e+02
6.557710079756923278e+02
6.596722136361713638e+02
6.635975072367261873e+02
6.675399696301992662e+02
6.714920896794790224e+02
6.754458919329608761e+02
6.793930729636697379e+02
6.833251439365441229e+02
6.872335767411432244e+02
6.911099507905203154e+02
6.949460973587854369e+02
6.987342381339184385e+02
7.024671145267894872e+02
7.061381042319806056e+02
7.097413216091918002e+02
7.132716986697064385e+02
7.167250438268263224e+02
7.200980761085074846e+02
7.233884332287859706e+02
7.265946527530489902e+02
7.297161265392808218e+02
7.327530296500091254e+02
7.358023792190114136e+02
7.388160269097185164e+02
7.417491678149001473e+02
7.455652385063601741e+02
7.503109549198001105e+02
7.549740451823927287e+02
7.595648220158901722e+02
7.640998823488223479e+02
7.686677532656251515e+02
7.732571619380256607e+02
7.777523611223967919e+02
7.821526207554627490e+02
7.864579103553949153e+02
7.906688937591865169e+02
7.947868984665290100e+02
7.988138612154059501e+02
8.027523637912252070e+02
8.067654414811187280e+02
8.108100153542360431e+02
8.148144310922904197e+02
8.187427026972153499e+02
8.225980846655156711e+02
8.265718780729489481e+02
8.306183472488271491e+02
8.345997334772962404e+02
8.385764568701944199e+02
8.425084812339416658e+02
8.463789730689369435e+02
8.501880857816050820e+02
8.539354254202521588e+02
8.576200468225429177e+02
8.612404619528302874e+02
8.647946591698945440e+02
8.682801319788607088e+02
8.716939157140525367e+02
8.750326305644055083e+02
8.782925293795062771e+02
8.814695487708589781e+02
8.845593621375585371e+02
8.876437790299995640e+02
8.906530155114905938e+02
8.935608909252482590e+02
8.963624861957449639e+02
8.990528802838665570e+02
9.016271960394245752e+02
9.040806425138383702e+02
9.064085534770813410e+02
9.086064219733875689e+02
9.106699308248159923e+02
9.126061702071896207e+02
9.144886294363801653e+02
9.163733798768453198e+02
9.181084808292088155e+02
9.196906072259390612e+02
9.211167410584085928e+02
9.223841820378071361e+02
9.234905544782822062e+02
9.244338105086071664e+02
9.252122297679995881e+02
9.259373238185014543e+02
9.265191021899548787e+02
9.269969510465856501e+02
9.273059123183211341e+02
9.274547515651911453e+02
9.275517379802196274e+02
9.279718315462308738e+02
9.282799613277053368e+02
9.285207747362400141e+02
9.287125459938538370e+02
9.287341059329304471e+02
9.285857664967544451e+02
9.282681925454259044e+02
9.277824174308287866e+02
9.271332528337798067e+02
9.263294150054738338e+02
9.253627732982980660e+02
9.242863395802111199e+02
9.232176042798606659e+02
9.219945472303282941e+02
9.206205429719431095e+02
9.190992782301548232e+02
9.174347221335390259e+02
9.156695024012894919e+02
9.139583322346119303e+02
9.121261998750940165e+02
9.101917739469116668e+02
9.082766799099383661e+02
9.062445703906811332e+02
9.040998057273787936e+02
9.018466657130393287e+02
8.995349748319760010e+02
8.977328677020900614e+02
8.958539258597604658e+02
8.938799442986571648e+02
8.918273820655045938e+02
8.898217789512051468e+02
8.878240835417273047e+02
8.857416478669648541e+02
8.837016354797054873e+02
8.817115233218455614e+02
8.796507339714030422e+02
8.775773374182271027e+02
8.755602381653467319e+02
8.738768887750807153e+02
8.721071239537703832e+02
8.702757426404548369e+02
8.684029783369893494e+02
8.664409264140961113e+02
8.643890988604931636e+02
8.622473684367251963e+02
8.600160232514296013e+02
8.576958081862180734e+02
8.552879516681235827e+02
8.527941767590160680e+02
8.502204806729934035e+02
8.476631225066711295e+02
8.452139161293443976e+02
8.427205931634198350e+02
8.401561350510447710e+02
8.377571629487883911e+02
8.367253142568376916e+02
8.359003238776092530e+02
8.350401731971919617e+02
8.342841777170986006e+02
8.336104690463757834e+02
8.334094992953477004e+02
8.332412731483360631e+02
8.331986995506374569e+02
8.333873428803013894e+02
8.335136084581397427e+02
8.335783092721912908e+02
8.335828145234173689e+02
8.335290160297224702e+02
8.334192659364487099e+02
8.333465378794162461e+02
8.342234075495698562e+02
8.350511326419643865e+02
8.359942730094503531e+02
8.377692670552961545e+02
8.396786792006095084e+02
8.418283060472293755e+02
8.439247679119987424e+02
8.459650966141826984e+02
8.479802345252845726e+02
8.499771904067320065e+02
8.519078199675445831e+02
8.537683162865941995e+02
8.555547023334164578e+02
8.572663184174217577e+02
8.595384161825398905e+02
8.619592593327719214e+02
8.648808999201949064e+02
8.682184330144813202e+02
8.718804415181707554e+02
8.756082279729505444e+02
8.792106126710651779e+02
8.831372787070072263e+02
8.871232955490896757e+02
8.914256744001330617e+02
8.961091767822524616e+02
9.007269046373319270e+02
9.051876826962205769e+02
9.094905658622134297e+02
9.136364777028531989e+02
9.176281031867765705e+02
9.214697079784891685e+02
9.253801482889547287e+02
9.302135582204242610e+02
9.360479552090770312e+02
9.428936776786837299e+02
9.496221289709828852e+02
9.562081433477036398e+02
9.626499211043820878e+02
9.689467184694790376e+02
9.750989010571786366e+02
9.811079427554615222e+02
9.869763692632310494e+02
9.927076483456221467e+02
9.983060315584533555e+02
1.003776354542643162e+03
1.009123804879264299e+03
1.014353667836341970e+03
1.019471061082138931e+03
1.024480669581640086e+03
1.029386491467187852e+03
1.034191604747432621e+03
1.038897963382052239e+03
1.043506229609867887e+03
1.048015647588028969e+03
1.052423961491018190e+03
1.056727379332534611e+03
1.060920581998917442e+03
1.064996775389965251e+03
1.068947782203222914e+03
1.072764168802902986e+03
1.076435401799011288e+03
1.079950028424353150e+03
1.083705245031507729e+03
1.087480352263084342e+03
1.091058750228833560e+03
1.094426115974917366e+03
1.097588531190220692e+03
1.100642361001092695e+03
1.103444519764277629e+03
1.105982942039712952e+03
1.108246653890573498e+03
1.110328870250574937e+03
1.112926935523221573e+03
1.115812546801477311e+03
1.118386531631187154e+03
1.120832542393464337e+03
1.123193343804107144e+03
1.125224193426051443e+03
1.126922575981981709e+03
1.128288054065003053e+03
1.129322241745465362e+03
1.130850695788725716e+03
1.132426088371978267e+03
1.133679852688267601e+03
1.134617109699686125e+03
1.135244696983323820e+03
1.135571045135946633e+03
1.135606004651805051e+03
1.135360625835660358e+03
1.134846896333448285e+03
1.134077442818217378e+03
1.133797320521767915e+03
1.133610215345163169e+03
1.133200934219142937e+03
1.132590964064701666e+03
1.131775391074937261e+03
1.130761592835403007e+03
1.129555928852834995e+03
1.128163601768059607e+03
1.126696909661940481e+03
1.125875412563212421e+03
1.125064182677421741e+03
1.124159586068687076e+03
1.123222629434128976e+03
1.122093200759075444e+03
1.120765508364631614e+03
1.119233158320695566e+03
1.117489374580809681e+03
1.115527219478448160e+03
1.113339805140073395e+03
1.111345574946684110e+03
1.109327222129323445e+03
1.107153201061614027e+03
1.104727728997884924e+03
1.102045569700871738e+03
1.099102311994232423e+03
1.095894378000051120e+03
1.092418998146443982e+03
1.089589076147846072e+03
1.087737307161025001e+03
1.085647105344298325e+03
1.084162731877990382e+03
1.082380208507521274e+03
1.080292971788235263e+03
1.077965606454308045e+03
1.075359295729276027e+03
1.072442997282675378e+03
1.069220543212624762e+03
1.065698766817678916e+03
1.061887488842059156e+03
1.057799415940702374e+03
1.053449953420699330e+03
1.048856936507550017e+03
1.044040286288797233e+03
1.039021598123770445e+03
1.033823671725411714e+03
1.028469993385439466e+03
1.022984181998892836e+03
1.018048746495557111e+03
1.013285744293736684e+03
1.008659474059434274e+03
1.004106828213580457e+03
9.997277023901311850e+02
9.953176372994456642e+02
9.908838445733550770e+02
9.864302398704380721e+02
9.819573192997017941e+02
9.774621444750464434e+02
9.729384480968061553e+02
9.683768682674801767e+02
9.637653147272403658e+02
9.590894639343621293e+02
9.543333726539774489e+02
9.494801918432616503e+02
9.445129546586637161e+02
9.394154049977311161e+02
9.342668843189268273e+02
9.290105095346590360e+02
9.235871471024400989e+02
9.179909017119647388e+02
9.122198658023339704e+02
9.062763103524889630e+02
9.001666510581154625e+02
8.939454463092611149e+02
8.886799641177721014e+02
8.848931933766192515e+02
8.809806040272524115e+02
8.769494867160326521e+02
8.739717660864184836e+02
8.725451337555208511e+02
8.716904131462107443e+02
8.711101433456535688e+02
8.704171721734840048e+02
8.696119934870819179e+02
8.686976906500533460e+02
8.676798531757145838e+02
8.665663296189470657e+02
8.653668423600616961e+02
8.640924984817507948e+02
8.627552361188313625e+02
8.613672472287370283e+02
8.599404158144789108e+02
8.584858056770004850e+02
8.570132244776461903e+02
8.555308821143507885e+02
8.540451520827314198e+02
8.525604355018660954e+02
8.510791196166070449e+02
8.496016164479991630e+02
8.481264632342856657e+02
8.466504645329878258e+02
8.451795119727511292e+02
8.438212231897597349e+02
8.424436362504993667e+02
8.410381386277654201e+02
8.412935836505947691e+02
8.421610436751335556e+02
8.429524401031673051e+02
8.436472254677012188e+02
8.442257567216087182e+02
8.446698083429913595e+02
8.449629863743147098e+02
8.450910338546079856e+02
8.450420242456617643e+02
8.448064453283252533e+02
8.443771813146088334e+02
8.437494053062491730e+02
8.429203975315301705e+02
8.418893069014912953e+02
8.406568743290102930e+02
8.392251360204970752e+02
8.375971237224091510e+02
8.357794836660634701e+02
8.337845051050043139e+02
8.316055745517832065e+02
8.295237400056118986e+02
8.273240295069066406e+02
8.250457701985764061e+02
8.226678536831639121e+02
8.201239748120232207e+02
8.174168015192984740e+02
8.145488265999720170e+02
8.115224428009246367e+02
8.083400301544652393e+02
8.050040488522048463e+02
8.015171315065285853e+02
7.978821693964207498e+02
7.941320598168672404e+02
7.902626689818581553e+02
7.862561189999578346e+02
7.821169251843724624e+02
7.778500787421621681e+02
7.734610355134171868e+02
7.691225060759568350e+02
7.652540302940839183e+02
7.613682404272523172e+02
7.573825498718163090e+02
7.533025880038698006e+02
7.491715123061202348e+02
7.450108873341232538e+02
7.407740370032526016e+02
7.364671633020665240e+02
7.320964653846913279e+02
7.276680706966965317e+02
7.231879674520054095e+02
7.186619409116384531e+02
7.140955158665728959e+02
7.094939075902826744e+02
7.048619832935919476e+02
7.002042357814198112e+02
6.955247705791432509e+02
6.908273072733560412e+02
6.861151952122604598e+02
6.813914430565304201e+02
6.766587609905884619e+02
6.719196137310386803e+02
6.671762818417654444e+02
6.624309283241586854e+02
6.577195284225383602e+02
6.530430763058523098e+02
6.483710153702992329e+02
6.437056585346235806e+02
6.390494895093067953e+02
6.344051873550680511e+02
6.297756338475907114e+02
6.251639025928928959e+02
6.205732298338573401e+02
6.160069679232570934e+02
6.114685234474617346e+02
6.069612829025052179e+02
6.036029573456672779e+02
6.004246250977930686e+02
5.972788446196587984e+02
5.941643778341332336e+02
5.910801201731990204e+02
5.880251958535637868e+02
5.849990358838521161e+02
5.820014360159501621e+02
5.790325928929403290e+02
5.760931177368203180e+02
5.731840279954262769e+02
5.703067183685593591e+02
5.674629135055165534e+02
5.646546053691013185e+02
5.618839787674138506e+02
5.591533288515516915e+02
5.564649803404853401e+02
5.538345013419342422e+02
5.512506825530692822e+02
5.487154082914777291e+02
5.462302692049216830e+02
5.437965042490695851e+02
5.414149548664756821e+02
5.390860321592818991e+02
5.368096972832124720e+02
5.345854547829793546e+02
5.324163015681566549e+02
5.303065086120715250e+02
5.282446932619238851e+02
5.262286949422513089e+02
5.242560218094573656e+02
5.223238974472418477e+02
5.204397659866909862e+02
5.186007807364989048e+02
5.167976280182126629e+02
5.150221012281377853e+02
5.132707746515610552e+02
5.116073786148598401e+02
5.100677586140036510e+02
5.085421181694803181e+02
5.070271956855336271e+02
5.055199102793445149e+02
5.040173913449226006e+02
5.025170026907276224e+02
5.010163611755969555e+02
4.995133498532699150e+02
4.980149838820016726e+02
4.965159639246931533e+02
4.950098734823220070e+02
4.934956873676809437e+02
4.919726351191279718e+02
4.904401850826776013e+02
4.888980247678184128e+02
4.873460378980750534e+02
4.857842786039092857e+02
4.842129432263694184e+02
4.826323402143235057e+02
4.812138185256621341e+02
4.800099040449781000e+02
4.787970350246841349e+02
4.775750061950417944e+02
4.763436132070031590e+02
4.751841373907211619e+02
4.740725813207117199e+02
4.729510396708035955e+02
4.718188148759401201e+02
4.706798217987208659e+02
4.695384525333408874e+02
4.683846889019654327e+02
4.672177622733639737e+02
4.660367758206201643e+02
4.648406858238274140e+02
4.636282822438482754e+02
4.624068463081039226e+02
4.611711290717598786e+02
4.599142712617332336e+02
4.586341978820470899e+02
4.573285683180471324e+02
4.559947583061746741e+02
4.546298434083812481e+02
4.532305844238912300e+02
4.517934151918652788e+02
4.503144332584180916e+02
4.487893939010712074e+02
4.472137080234698487e+02
4.455824444534417239e+02
4.438903371979881172e+02
4.421317982291869271e+02
4.403009363941368974e+02
4.383915830584205651e+02
4.363973251037231762e+02
4.343115459031427008e+02
4.321274748884322889e+02
4.298382462970048437e+02
4.274411092459621386e+02
4.249463467390493179e+02
4.223259956524489098e+02
4.195775861611132314e+02
4.167088530282436523e+02
4.137023265466375506e+02
4.105469887233435884e+02
4.072484049478835004e+02
4.037961957291257136e+02
4.001983141479618666e+02
3.964404151765344295e+02
3.925226774022785321e+02
3.884467675873776784e+02
3.842159739186868137e+02
3.798353214654096064e+02
3.753116628516011701e+02
3.706537364774343928e+02
3.659474471650477199e+02
3.612118641966134760e+02
3.563920998049278523e+02
3.514911502548916928e+02
3.465262455161339972e+02
3.415167394166977601e+02
3.364933149030806021e+02
3.314628223972488854e+02
3.264479649533129759e+02
3.214731273627244832e+02
3.165461198687272031e+02
3.116821831310483049e+02
3.068940588172779371e+02
3.021914711984462656e+02
2.975807009344121639e+02
2.930642881143073168e+02
2.886408990259818665e+02
2.843053851141811492e+02
2.800490529394522241e+02
2.758601508194954590e+02
2.717245618155554325e+02
2.676266748935441910e+02
2.635543264511351822e+02
2.594971581684058037e+02
2.554321956996330698e+02
2.513481887110997377e+02
2.472373144257462343e+02
2.430957358624064852e+02
2.389238562532918877e+02
2.347262359291729297e+02
2.305111670813385274e+02
2.262899332107484724e+02
2.233664583136670103e+02
2.236096656397744482e+02
2.238619302242293543e+02
2.240998109998964765e+02
2.243105629161572097e+02
2.244867951535214274e+02
2.246252565602622155e+02
2.247270866173324748e+02
2.247977202876035960e+02
2.248464683163564359e+02
2.248904380238118677e+02
2.249483195701894545e+02
2.250347513344316042e+02
2.251643085680844081e+02
2.254151131226737448e+02
2.260800024933477346e+02
2.268385994527047274e+02
2.276890136263784257e+02
2.286261530548952408e+02
2.296626528103202531e+02
2.307823538443678331e+02
2.319774585459992409e+02
2.332376894354616184e+02
2.345502024455595631e+02
2.359001205498251750e+02
2.376370643391343265e+02
2.395005395029940303e+02
2.413485693262481675e+02
2.431726425391821351e+02
2.449487984857035201e+02
2.466568418873301027e+02
2.482815157429824922e+02
2.498091793302161250e+02
2.512279755751867185e+02
2.526377389870733055e+02
2.540773742260559800e+02
2.555869685960371100e+02
2.569664763079675822e+02
2.582095979666967196e+02
2.593098633053353410e+02
2.602673447696627704e+02
2.610878039869820100e+02
2.617912755717816253e+02
2.623730779021365720e+02
2.628244877401391477e+02
2.631508390330490670e+02
2.633686291280774867e+02
2.634947869034272117e+02
2.635218273390632362e+02
2.634501978393863624e+02
2.633111077701873910e+02
2.630880430487210901e+02
2.627954683758562737e+02
2.624358259885502775e+02
2.620218141927941247e+02
2.615528682448834275e+02
2.610316674260006380e+02
2.604749190916579664e+02
2.598789840297426963e+02
2.592470878710493025e+02
2.585839520973862591e+02
2.578939321785022685e+02
2.571810184402422692e+02
2.564488409253061150e+02
2.557006776099155445e+02
2.549394653922151974e+02
2.541785210991452857e+02
2.534286124379135288e+02
2.526812785840884317e+02
2.519295254176319361e+02
2.511748600591430431e+02
2.504460898756357778e+02
2.497392314891080218e+02
2.490367420541276431e+02
2.483435012856528488e+02
2.476560933864499816e+02
2.469798907013392295e+02
2.463149938828699703e+02
2.456608332225293623e+02
2.450298144026997988e+02
2.444029949002785997e+02
2.437771569964960463e+02
2.431519699104374013e+02
2.425270455941499677e+02
2.419019492336438759e+02
2.412762089248853954e+02
2.406738327755426212e+02
2.400860516356065375e+02
2.394971480545403324e+02
2.389233329102193863e+02
2.383547549863389463e+02
2.377923110953123569e+02
2.372292545243839186e+02
2.366613827793186147e+02
2.360882106685060080e+02
2.355212668484702192e+02
2.349489707547367061e+02
2.343700619467984154e+02
2.337841593305401773e+02
2.331909135033077689e+02
2.325969818034847378e+02
2.320019361628698391e+02
2.314149463319162976e+02
2.308387501787247800e+02
2.302623876443363713e+02
2.296883377287382473e+02
2.291055305452409812e+02
2.285166503539129792e+02
2.279300534492867030e+02
2.273364238703847775e+02
2.267495371033908498e+02
2.261644444537571133e+02
2.255710181350852110e+02
2.249694890697339815e+02
2.243601354025074386e+02
2.237432831038442487e+02
2.231193065020604251e+02
2.224886287254968522e+02
2.218610395277461294e+02
2.212357914743966489e+02
2.206225331367622857e+02
2.200120867581368600e+02
2.193978003508454151e+02
2.187803938792251301e+02
2.181606344293262509e+02
2.175393348957451565e+02
2.169173522929284843e+02
2.162955856558854748e+02
2.156749734974273451e+02
2.150564907923045723e+02
2.144411454630082972e+02
2.138299743476428318e+02
2.132240386371870500e+02
2.126244187777069499e+02
2.120322088426324001e+02
2.114485103910703003e+02
2.108744258401831075e+02
2.103110513928268404e+02
2.097594695757148031e+02
2.092207414581349383e+02
2.086958986363894439e+02
2.081859350842997571e+02
2.076917989848939214e+02
2.072143846722935621e+02
2.067545248253061914e+02
2.063129830647405356e+02
2.058904471143830506e+02
2.054875226903046155e+02
2.051070619999686642e+02
2.047586078034094896e+02
2.044310446218038351e+02
2.041246102483346192e+02
2.038394464134616726e+02
2.035839861843887491e+02
2.033546389518947990e+02
2.031464350198488944e+02
2.029591635769118625e+02
2.027925414438102223e+02
2.026558796660696942e+02
2.025558201733141743e+02
2.024765126639996140e+02
2.024162125142338198e+02
2.023873429035269282e+02
2.023773053610297552e+02
2.023848661905765880e+02
2.024095949319001306e+02
2.024511027023494023e+02
2.025116842025372534e+02
2.025997580907366284e+02
2.027038059965850039e+02
2.028237087868899096e+02
2.029594305853182163e+02
2.031110205388863790e+02
2.032786120022840635e+02
2.034624191144116594e+02
2.036627308222620911e+02
2.038799024886280904e+02
2.041170257184134016e+02
2.043831179619297984e+02
2.046674207951189430e+02
2.052310544635879239e+02
2.060344065622634275e+02
2.068560141838167112e+02
2.076954489503928585e+02
2.085523115069870244e+02
2.094262449064542579e+02
2.103274365406272750e+02
2.112621734518498613e+02
2.122132753670787793e+02
2.131923362666274784e+02
2.141894419143899029e+02
2.152028879213100652e+02
2.162328228531135608e+02
2.172794671869126262e+02
2.183431059838387966e+02
2.194240795113583431e+02
2.205282272310640224e+02
2.216720588456741154e+02
2.228446428715694481e+02
2.240391766484336813e+02
2.252531495458569282e+02
2.264869645941921590e+02
2.277409849152915342e+02
2.290155202103004797e+02
2.303108142292710170e+02
2.316525760580225892e+02
2.330175004754461270e+02
2.344110151116246925e+02
2.358317040402529301e+02
2.372730466673850174e+02
2.387370927341036975e+02
2.402316323014555906e+02
2.417454918450453647e+02
2.432780051626276929e+02
2.448283989348653620e+02
2.463957971198294672e+02
2.479792265166926768e+02
2.495776233506670962e+02
2.511898407291334081e+02
2.528146568210526368e+02
2.544507836175658611e+02
2.560968761405613918e+02
2.577515419772511791e+02
2.594133510318472418e+02
2.610844575192456887e+02
2.627700382818201206e+02
2.644678395995376832e+02
2.661758582579618064e+02
2.679014307191736748e+02
2.696288501235255808e+02
2.713531862799859482e+02
2.730730636162219298e+02
2.747871554863990013e+02
2.764941931478107904e+02
2.781929746036794313e+02
2.798823733229057211e+02
2.815613468457646036e+02
2.832289452803880181e+02
2.848843196884397457e+02
2.865267303496627846e+02
2.881555548841221821e+02
2.897702961980418763e+02
2.913726303651228591e+02
2.929714552980382791e+02
2.945555340364272752e+02
2.961249452944784366e+02
2.976799278444324841e+02
2.992208857628088481e+02
3.007483927787778839e+02
3.022631955466370073e+02
3.037774602387021332e+02
3.052954216128474059e+02
3.068055578251268685e+02
3.083077264297497777e+02
3.098035377367962155e+02
3.113076284602950636e+02
3.128122085796645138e+02
3.143281710728720100e+02
3.158456907789690149e+02
3.173670430562416414e+02
3.188945827909087143e+02
3.204307198737927820e+02
3.219778918749260583e+02
3.235385341337736236e+02
3.251150475855143895e+02
3.267097647538295178e+02
3.283249144549565131e+02
3.299625858725060539e+02
3.316246927731216374e+02
3.333129387339974414e+02
3.350287843385277142e+02
3.367734173593818809e+02
3.385477269823701931e+02
3.403522831230205838e+02
3.421873218448374701e+02
3.440527377988608464e+02
3.459480844649904157e+02
3.478725827853933765e+02
3.498327613292372007e+02
3.518251603178194955e+02
3.538425973450366087e+02
3.558884310588600783e+02
3.579776799801681477e+02
3.600859940203712313e+02
3.622112108929584906e+02
3.643511822092676198e+02
3.665038345869563727e+02
3.686672282578645650e+02
3.708396107970409048e+02
3.730194636587871173e+02
3.752055393866813802e+02
3.773968876621763116e+02
3.795928687629366891e+02
3.817931535024088703e+02
3.839977092941792876e+02
3.862067726004089536e+02
3.884208086506031918e+02
3.906404599204325336e+02
3.928664854054008515e+02
3.958342843243108859e+02
3.991096282553410219e+02
4.023927982407685136e+02
4.056862064755069355e+02
4.089795654089957111e+02
4.122822106778825173e+02
4.155801618108422986e+02
4.188719867665085985e+02
4.221565481375700983e+02
4.254330101083552904e+02
4.287008317150776406e+02
4.319597470275040791e+02
4.352097334170108525e+02
4.384509695405897673e+02
4.416847263965978527e+02
4.449220855203629981e+02
4.481519078110389387e+02
4.513746260581193042e+02
4.545905860806722671e+02
4.577999896112502256e+02
4.610028422015446381e+02
4.642119150531751757e+02
4.674279240423111901e+02
4.706358089643834433e+02
4.738344189960172343e+02
4.770222640411253110e+02
4.802093291000129511e+02
4.833827479797255364e+02
4.865389233337226074e+02
4.896750751003033884e+02
4.927881546734284370e+02
4.958748783624849921e+02
4.989317649370242975e+02
5.019551761939867447e+02
5.049413595221322453e+02
5.078864915007015952e+02
5.107867216501668963e+02
5.136382155461163848e+02
5.164371966070889357e+02
5.191799859688434253e+02
5.218630399569469773e+02
5.244829847637289504e+02
5.270366480223037797e+02
5.295210870481878374e+02
5.319336135873734293e+02
5.342719222665075449e+02
5.365464068612332085e+02
5.387426347450179946e+02
5.408591110912902877e+02
5.428946648596480600e+02
5.448484519398076600e+02
5.467199549080210090e+02
5.485089795253196598e+02
5.502156481295066897e+02
5.518403900957144970e+02
5.533839295637304758e+02
5.548472706540295576e+02
5.562370429675819423e+02
5.575579946102058102e+02
5.588032613118641621e+02
5.599747790888071677e+02
5.610746616395173305e+02
5.621051762878091722e+02
5.630687194425014468e+02
5.639677918593248478e+02
5.648049739618935519e+02
5.655829014395385457e+02
5.663042412921925006e+02
5.669716684388142767e+02
5.675878429498588957e+02
5.681553879106641034e+02
5.686768678769933558e+02
5.691547678520660156e+02
5.695914727022575335e+02
5.700808093407571278e+02
5.706246460347073253e+02
5.711333594376139899e+02
5.716085557710918010e+02
5.720516561855700957e+02
5.724638841622623886e+02
5.728462543349194220e+02
5.731995633324634127e+02
5.735243833574553491e+02
5.738210592857710708e+02
