2.886319899790953968e+03
2.898408084967641116e+03
2.910488460541542736e+03
2.922773479535559090e+03
2.934798752611657619e+03
2.946574498021506315e+03
2.958101685815343444e+03
2.969383196178530397e+03
2.980607639197409299e+03
2.992249410444753266e+03
3.003811870642728536e+03
3.015129636882689738e+03
3.026182873651971022e+03
3.036961488517119960e+03
3.047464853351811598e+03
3.058062568637486038e+03
3.068721264331883049e+03
3.079230075540373036e+03
3.089464121110356245e+03
3.099604512736906599e+03
3.109584578326120209e+03
3.119513164598358344e+03
3.129159368313460618e+03
3.138627227131025847e+03
3.147817094629192979e+03
3.157066598355911538e+03
3.166127986145851537e+03
3.175089519821443901e+03
3.183874621841408043e+03
3.192472909034594977e+03
3.203631690882174553e+03
3.215222510312684790e+03
3.226937302738451308e+03
3.238658085187797496e+03
3.250118144130458859e+03
3.261317886026746237e+03
3.272256172017137942e+03
3.283683405747649886e+03
3.295139563090096090e+03
3.306342849045594903e+03
3.317367909831357792e+03
3.328422596934777175e+03
3.339466370104884390e+03
3.350256056966736651e+03
3.360999477010781902e+03
3.371661486927340775e+03
3.382132736214689885e+03
3.393456009709761929e+03
3.404528774303260889e+03
3.415336147922842429e+03
3.425871347970560237e+03
3.437487405618063349e+03
3.448940437344965630e+03
3.460187788272997295e+03
3.471131264554230256e+03
3.481872033769983318e+03
3.493033003877081683e+03
3.504217251597160612e+03
3.515098579318512293e+03
3.525871980152438027e+03
3.536881230332025552e+03
3.547507100534751771e+03
3.557698117127618389e+03
3.567447462784274649e+03
3.576750696109001183e+03
3.585615716486074234e+03
3.594220504406919645e+03
3.603277447000367829e+03
3.613843849464697996e+03
3.624745698483344313e+03
3.635342430294605037e+03
3.645484846311504043e+03
3.655205602215487488e+03
3.664587138026528919e+03
3.673530553576509192e+03
3.682284503206183217e+03
3.691914319034373875e+03
3.701254758356746606e+03
3.711159252064868724e+03
3.721857580811015396e+03
3.732089058966243556e+03
3.741836518746112688e+03
3.751502786305195059e+03
3.761056118854184206e+03
3.770279246133814468e+03
3.779253598862634135e+03
3.788666662135992738e+03
3.797872063908264863e+03
3.806532123297703947e+03
3.815003443604885888e+03
3.823000036051215830e+03
3.830399005595477320e+03
3.837305771052826458e+03
3.843612283411503540e+03
3.849317900178847140e+03
3.854942649946907295e+03
3.860253355121029927e+03
3.864995368088540999e+03
3.869187690162536455e+03
3.872980038545654224e+03
3.877221579384580764e+03
3.881349917305116833e+03
3.885485766471036641e+03
3.890064919665292564e+03
3.896532187604805586e+03
3.903166544095328845e+03
3.911379838575988288e+03
3.919889837903388070e+03
3.929452764287114405e+03
3.938742804222276391e+03
3.947986606976950497e+03
3.956974207632678826e+03
3.966258735886720842e+03
3.976246195167873793e+03
3.985864485202659125e+03
3.995151043741794183e+03
4.004078357322413467e+03
4.012893191688118350e+03
4.021347550418964147e+03
4.029381376019753588e+03
4.037156063165261912e+03
4.044769219188197894e+03
4.052001001561946396e+03
4.058913350241032276e+03
4.065424756686417822e+03
4.071535516127967639e+03
4.077443304670370708e+03
4.084720109780777875e+03
4.094328775742010293e+03
4.103853102956158182e+03
4.113765947560024870e+03
4.124286184478214636e+03
4.134398480754280172e+03
4.144094458662458237e+03
4.153554996880378894e+03
4.165262836108024203e+03
4.178312341597546038e+03
4.191109234532184018e+03
4.203472436247488986e+03
4.215886928099272154e+03
4.228671442960855529e+03
4.241070641814565533e+03
4.254046919339594751e+03
4.267084169816071153e+03
4.279967045136248998e+03
4.292886038163329431e+03
4.305318513003809130e+03
4.317376492268982474e+03
4.328907868935926672e+03
4.340103433347028840e+03
4.351346245309892765e+03
4.363355176667629166e+03
4.374829659483324576e+03
4.385678181451581622e+03
4.395952808738199565e+03
4.406122538247767807e+03
4.415726524290921589e+03
4.424588223782377099e+03
4.433177755337032067e+03
4.442265231182222124e+03
4.450854470639684223e+03
4.458754287326904887e+03
4.465895953945218935e+03
4.472380792102294436e+03
4.480161783024912438e+03
4.489521125525327079e+03
4.498359106122492449e+03
4.506484397079952032e+03
4.514628315229359941e+03
4.522479688536492176e+03
4.529950545695180153e+03
4.536745927147625480e+03
4.543349317289346800e+03
4.550412763031650684e+03
4.557007164136892243e+03
4.563205917045907881e+03
4.568975750864722613e+03
4.574468719674177919e+03
4.579442266866171849e+03
4.584196223448385354e+03
4.589569797557733182e+03
4.595247203691473260e+03
4.600555800955983614e+03
4.605305578751947905e+03
4.609500980119727501e+03
4.613201990510675387e+03
4.616789178863822599e+03
4.620117359804351509e+03
4.623072028015450996e+03
4.626075144335308323e+03
4.629069038838562847e+03
4.631983824058461323e+03
4.634443398336655264e+03
4.637913041970726226e+03
4.641353556080426642e+03
4.644628536027128575e+03
4.649148208654731206e+03
4.653258119425734549e+03
4.657453041736218438e+03
4.661996211495858915e+03
4.665998139429013463e+03
4.670048007870788751e+03
4.673675130554536736e+03
4.676823135335669576e+03
4.679652587570937612e+03
4.682643942298541333e+03
4.685434617295321004e+03
4.688464839362350176e+03
4.691409963325817444e+03
4.694103650833325446e+03
4.696681433042207573e+03
4.699135977079655277e+03
4.701393790680492202e+03
4.703824436951075768e+03
4.705839469749658747e+03
4.707159868288441430e+03
4.707761008228437277e+03
4.708216542865012343e+03
4.710131615020009122e+03
4.711813803980120611e+03
4.712824732935406246e+03
4.714139287364981101e+03
4.717310072453727116e+03
4.720996254199982104e+03
4.725568946234466239e+03
4.729597627903420289e+03
4.733332274707606302e+03
4.737160128516072291e+03
4.740982120374103033e+03
4.744186631702397790e+03
4.747557374605572477e+03
4.750756820890289418e+03
4.754985431637977854e+03
4.758841818551062715e+03
4.762416498132329252e+03
4.765482784791446647e+03
4.768058479824034293e+03
4.770618950584062986e+03
4.772806242989199745e+03
4.774502998660485900e+03
4.776186938947402268e+03
4.778242658099065920e+03
4.780749072358653393e+03
4.783023611217067810e+03
4.784830552631974570e+03
4.786151956131903717e+03
4.787006844449389064e+03
4.788033191744210853e+03
4.789425215424062117e+03
4.790473326922274282e+03
4.790988201821444818e+03
4.791002822286001901e+03
4.790588112045687012e+03
4.790271745547477622e+03
4.789601165140114972e+03
4.788508546358230888e+03
4.788134007250579089e+03
4.789446225729696380e+03
4.790147705719247824e+03
4.790683667450353823e+03
4.790568255521016908e+03
4.790166829029519249e+03
4.789564581164953779e+03
4.788213706168358840e+03
4.786173149300106161e+03
4.783522330324734867e+03
4.780235173718407168e+03
4.776812340443479115e+03
4.773159337214166953e+03
4.769145167723578197e+03
4.765613266171978466e+03
4.762676464989889610e+03
4.760472388624280029e+03
4.757621344635363130e+03
4.754145194276016809e+03
4.750483312315198418e+03
4.747623139433766482e+03
4.745597794417178193e+03
4.743489166466376446e+03
4.742564774503272020e+03
4.742044013077663294e+03
4.741007572368172987e+03
4.739539208674414112e+03
4.737632930013271107e+03
4.735383393576158596e+03
4.733603128976118569e+03
4.731452911523660077e+03
4.729119796990973555e+03
4.727233671254914043e+03
4.724901379600099972e+03
4.722497910805204810e+03
4.719613028077005765e+03
4.716262404978657287e+03
4.713112570914446223e+03
4.709419161586774862e+03
4.705169023390125403e+03
4.701145178678803859e+03
4.696938281834813097e+03
4.692154002480504460e+03
4.686887089866429960e+03
4.682699155670074106e+03
4.681790681008622414e+03
4.680691471832981733e+03
4.679004748161543830e+03
4.677545851385315473e+03
4.676780042110507566e+03
4.677175096761927307e+03
4.677034060545111970e+03
4.676648195179030154e+03
4.676349305920051847e+03
4.675590239254551307e+03
4.674311376441042739e+03
4.673201343445551174e+03
4.673975717995721425e+03
4.674296097032734906e+03
4.674899331894366696e+03
4.675696669577100693e+03
4.676334293646248625e+03
4.676604407693645953e+03
4.676307346323915226e+03
4.675549193031955838e+03
4.674669289463312452e+03
4.673446232203806176e+03
4.672536709169244205e+03
4.671250501227175846e+03
4.669682439695983703e+03
4.667660305016481288e+03
4.665067210644059742e+03
4.661979523454580885e+03
4.658532577437376858e+03
4.654784717248716333e+03
4.650989034150417865e+03
4.647146489975662007e+03
4.642920486593106034e+03
4.638477914566917207e+03
4.633780382801002816e+03
4.629046822966343825e+03
4.624583199479428913e+03
4.619723364643569766e+03
4.614707282141180258e+03
4.609688732812628587e+03
4.604641845881651534e+03
4.598969706084501013e+03
4.592895435337561139e+03
4.586156119361827223e+03
4.578753701148647451e+03
4.571514983531998041e+03
4.564833597927894516e+03
4.558286327281579361e+03
4.551315055452005254e+03
4.543660448475355224e+03
4.535414726666620481e+03
4.526566392007609466e+03
4.517359056686260374e+03
4.507510175665212955e+03
4.497190516853487679e+03
4.486281960512091246e+03
4.474955178909141978e+03
4.463451271991353678e+03
4.451680199661393090e+03
4.439698445566049486e+03
4.427562444189409689e+03
4.416070654886652846e+03
4.404078317628069271e+03
4.391595299431963213e+03
4.378804347017398868e+03
4.365661750021865373e+03
4.353365737877980791e+03
4.341426792786180158e+03
4.329025365986013639e+03
4.316633646255668282e+03
4.304235268798034667e+03
4.291645601749572961e+03
4.279935754181266020e+03
4.268047820051378949e+03
4.255981396441427933e+03
4.243408419642669287e+03
4.230389576946210582e+03
4.218076502357862410e+03
4.207961863957365495e+03
4.197782013392139561e+03
4.187219285648630830e+03
4.176337034641050195e+03
4.164986189254382225e+03
4.154301943356394986e+03
4.144378284319051090e+03
4.133862734749474839e+03
4.122784067489641529e+03
4.112240886244906505e+03
4.101467509957102266e+03
4.090233149378330381e+03
4.078939983736595423e+03
4.067541234929559778e+03
4.056072939254542689e+03
4.044024616458700621e+03
4.031481766511969909e+03
4.018606648179077638e+03
4.005721249267343410e+03
3.993268353038428359e+03
3.981238331837583246e+03
3.968981788535073065e+03
3.956662164315334394e+03
3.944102752769880681e+03
3.931920761721014060e+03
3.920579204548715097e+03
3.909716815414334633e+03
3.899547225928931766e+03
3.890179563137732657e+03
3.881781507677099398e+03
3.873529005443921960e+03
3.865454137397579871e+03
3.857199073968305129e+03
3.848869904739724007e+03
3.840441917681745963e+03
3.832006601870420127e+03
3.823265759405458539e+03
3.814817321190844268e+03
3.806922991462678056e+03
3.798700489933287827e+03
3.790436618734395779e+03
3.782206939297007921e+03
3.775173509798989926e+03
3.768291074435720475e+03
3.760971958277676549e+03
3.753471755981810929e+03
3.745748022054000103e+03
3.737812222013309110e+03
3.731057208817021092e+03
3.727351646582949343e+03
3.723276714313045886e+03
3.718826147577858137e+03
3.714310216795136967e+03
3.709718173281098643e+03
3.705675574812380546e+03
3.701273756584971125e+03
3.696530469524956061e+03
3.691452247295624602e+03
3.686341288195992092e+03
3.681316125319563071e+03
3.676568266522525846e+03
3.673061725722754090e+03
3.670562346890034405e+03
3.667815547621238693e+03
3.664821772092325773e+03
3.661647256994204326e+03
3.658443740491717108e+03
3.656207204227942384e+03
3.653929160992571269e+03
3.651465206129109902e+03
3.648636824340198473e+03
3.645471042472268891e+03
3.642364706004764230e+03
3.638985390550677039e+03
3.635256863609561151e+03
3.631422538982926199e+03
3.627229438499865864e+03
3.623335367808340834e+03
3.620194962310145456e+03
3.617586618021086906e+03
3.615448978247773084e+03
3.612850494497083218e+03
3.610052171816681039e+03
3.607357785232106835e+03
3.604486605555393908e+03
3.601105834157513982e+03
3.597265205730938305e+03
3.593064293921953322e+03
3.588253162836774663e+03
3.583030165455384122e+03
3.577934636839894665e+03
3.572954927822070204e+03
3.568112096436205775e+03
3.562990795278796213e+03
3.557577133573888204e+03
3.552167073380861893e+03
3.546243259396420854e+03
3.539811721293086521e+03
3.533101486226880297e+03
3.526788806681865481e+03
3.520170530521353157e+03
3.513297885084849440e+03
3.506499173320516547e+03
3.499239138210431975e+03
3.491683404327720837e+03
3.484048941259111416e+03
3.476038662180185383e+03
3.467588646948354835e+03
3.458704222516778373e+03
3.449391118724220632e+03
3.439655577340809032e+03
3.429515477127758913e+03
3.419451098508996893e+03
3.409793524930710646e+03
3.399750404396017984e+03
3.389345329203299571e+03
3.379133883647186394e+03
3.368594095364258465e+03
3.357706233303757472e+03
3.346461500464855817e+03
3.336404702118731166e+03
3.326331085733303098e+03
3.316049291326582534e+03
3.305575461844767233e+03
3.294771508621326575e+03
3.283680941380859622e+03
3.272456827570191308e+03
3.261362360368556438e+03
3.250036070052872219e+03
3.238440812189032386e+03
3.226941688890662590e+03
3.215728754211650084e+03
3.204426766576304544e+03
3.192876449306005725e+03
3.181084118728248541e+03
3.169066047730620994e+03
3.156978883509148091e+03
3.145078501548132863e+03
3.133326727001670861e+03
3.122870513253180434e+03
3.112989188293818188e+03
3.102906728545243823e+03
3.092580951552976785e+03
3.082137958355594947e+03
3.071593604548108942e+03
3.060846845792093973e+03
3.049885847137989003e+03
3.038644301851557429e+03
3.027124608752430959e+03
3.015326310383818054e+03
3.003247792299377579e+03
2.991477911731040876e+03
2.979947108240742637e+03
2.968167241636679137e+03
2.956118063115516634e+03
2.943806218287801130e+03
2.933032354224275878e+03
2.922198392178222093e+03
2.911143047219850814e+03
2.900716328844460804e+03
2.890628304466209556e+03
2.880360895672844890e+03
2.869892301744088400e+03
2.859362609517421333e+03
2.848962037674832573e+03
2.838390964776090186e+03
2.827644109104343443e+03
2.816741058814657663e+03
2.805954531575263900e+03
2.795097984338309743e+03
2.784121131647132643e+03
2.773044562110167135e+03
2.761999037172548014e+03
2.751186533832962596e+03
2.740705205443836803e+03
2.730174356738557435e+03
2.719630849974191733e+03
2.709607350060809949e+03
2.699687333545891761e+03
2.689741024352626937e+03
2.679767244406703412e+03
2.669753575121882022e+03
2.659687909923281040e+03
2.649564997529890206e+03
2.639378713585153946e+03
2.629150375125770552e+03
2.618964315235171853e+03
2.608704751173640034e+03
2.598384852523096470e+03
2.588003819126008239e+03
2.577540456952186105e+03
2.566966585275836223e+03
2.556277271275598650e+03
2.545480722604765106e+03
2.535120614577523156e+03
2.525001124140143929e+03
2.514777723077446353e+03
2.504465578906356313e+03
2.495265714200277671e+03
2.485960877244741368e+03
2.476658594020845158e+03
2.467213838543174006e+03
2.457616295322407950e+03
2.447869305647408510e+03
2.437981634676837530e+03
2.427931756955302262e+03
2.417889150347752548e+03
2.407699474057404586e+03
2.398064804592562723e+03
2.388752348273962070e+03
2.379292457739258225e+03
2.369676486658330759e+03
2.359987653328320448e+03
2.350273960736637036e+03
2.340411292857581429e+03
2.330420900031673227e+03
2.320521821866951541e+03
2.310484325574983814e+03
2.300312432667127723e+03
2.290010438591925322e+03
2.279591764641119426e+03
2.269229970762030462e+03
2.259225893950556383e+03
2.249123888109535983e+03
2.238946380247572961e+03
2.228681085668961714e+03
2.218351203388845533e+03
2.207963995066938423e+03
2.197501587252268109e+03
2.187376524727406832e+03
2.178075171071463956e+03
2.168710862044274108e+03
2.159265987470924301e+03
2.150027367807449082e+03
2.140890001347800535e+03
2.131676974369488562e+03
2.122400975863931762e+03
2.113057771432576828e+03
2.103654774723804621e+03
2.094186855870839281e+03
2.084659581030905429e+03
2.075103817860838262e+03
2.065507452781328993e+03
2.055874489148307021e+03
2.046338489617508458e+03
2.036872047419598402e+03
2.027686268664941963e+03
2.018620176184306956e+03
2.009563482941596476e+03
2.000502228442696605e+03
1.991521450470420405e+03
1.982631919318754626e+03
1.973736105860519729e+03
1.964831490807344380e+03
1.955923116821320264e+03
1.947022638986683432e+03
1.938149302862578679e+03
1.929289237989092499e+03
1.920431484326786176e+03
1.911571001787254318e+03
1.902715248823875299e+03
1.893869834141733691e+03
1.885010644894080087e+03
1.876318726559749848e+03
1.867670880075331070e+03
1.859030032862406415e+03
1.850658687406653371e+03
1.842329688827414884e+03
1.833980640293925489e+03
1.825593827308188793e+03
1.817176209963977954e+03
1.808725347665166055e+03
1.800247483267113239e+03
1.791734072196307807e+03
1.783923440687140101e+03
1.776292043888015087e+03
1.768639635922656907e+03
1.760947184627049410e+03
1.753217753098172125e+03
1.746152369935549814e+03
1.739283975226817802e+03
1.732479401529040615e+03
1.725631666343953384e+03
1.718745794966804169e+03
1.711835315508428494e+03
1.704938593558941420e+03
1.698024018015313231e+03
1.691092089938025765e+03
1.684739252976699845e+03
1.678612282724887791e+03
1.672488051554760204e+03
1.666384546951498578e+03
1.660476940361528023e+03
1.654651291086215906e+03
1.648843630935893771e+03
1.643206889385200611e+03
1.637661381783966135e+03
1.632147697387088556e+03
1.626658812826084613e+03
1.621226956078853618e+03
1.615855745845657111e+03
1.610560174629095854e+03
1.605714765788242403e+03
1.600962899856327567e+03
1.596242235899327397e+03
1.591553254682128227e+03
1.586910456911431083e+03
1.582315699876463896e+03
1.577756164256214333e+03
1.573235994503180564e+03
1.568767933018857093e+03
1.564335799216530631e+03
1.559927031352836821e+03
1.555548662278276652e+03
1.551209310291521660e+03
1.546889833202945283e+03
1.542604893886824811e+03
1.538347460023103849e+03
1.534120106486786426e+03
1.529936520681470711e+03
1.526093082270039076e+03
1.523058921163200466e+03
1.520039596048660314e+03
1.517082076956726041e+03
1.514148133146091368e+03
1.511240420039372566e+03
1.508349245308538229e+03
1.505489734088450632e+03
1.502637400794341829e+03
1.499798095437972506e+03
1.496959223634313730e+03
1.494144847804076107e+03
1.491337544286257526e+03
1.488640949967960751e+03
1.486522634275834662e+03
1.484515186535386420e+03
1.482505544283514610e+03
1.480501007875620417e+03
1.478533195640397707e+03
1.476599666919370065e+03
1.474667629441581994e+03
1.472747016273938243e+03
1.470863019896912874e+03
1.469018457380434484e+03
1.467202969653817718e+03
1.465408848001202841e+03
1.463618463427461847e+03
1.461843768879586150e+03
1.460088873821369361e+03
1.458332633543609518e+03
1.456575371533208227e+03
1.454857470026115152e+03
1.453143763011372812e+03
1.451435774192794270e+03
1.449723317580325329e+03
1.448008285232916933e+03
1.446282074149040227e+03
1.444561042899907761e+03
1.442851225531950604e+03
1.441129507867469556e+03
1.439417907812746989e+03
1.438351774216728245e+03
1.437281647296935262e+03
1.436216938423488045e+03
1.435209559175662434e+03
1.434244468400250071e+03
1.433262019571451674e+03
1.432273324600533897e+03
1.431503961662440815e+03
1.430743458073336797e+03
1.429964982385682106e+03
1.429168950252613740e+03
1.428366155999907278e+03
1.427554956482720627e+03
1.426738438440483606e+03
1.426140811001791462e+03
1.425726330551738101e+03
1.425324992594028117e+03
1.424929476199753481e+03
1.424529763911259579e+03
1.424129653937231751e+03
1.423721919535721554e+03
1.423320778039249490e+03
1.422914769206453911e+03
1.422512603135794052e+03
1.422116054631878796e+03
1.421846773969472906e+03
1.421810882457579055e+03
1.421789770952901563e+03
1.421779532248247733e+03
1.421787898419991052e+03
1.421834162875878974e+03
1.421897654354930864e+03
1.421970228461289253e+03
1.422039844339957654e+03
1.422111028675859416e+03
1.422208079410309438e+03
1.422318784589066127e+03
1.422433722214174850e+03
1.422577109092208275e+03
1.422756652388225120e+03
1.423195136252121301e+03
1.423797539458860228e+03
1.424415148121861876e+03
1.425039598409534619e+03
1.425691616770865494e+03
1.426357110668238420e+03
1.427035170049588487e+03
1.427734362699264693e+03
1.428445332238102083e+03
1.429203684271406246e+03
1.430494126023155331e+03
1.431991153327741813e+03
1.433514988659758274e+03
1.435052728264943198e+03
1.436608670350570719e+03
1.438178094026220606e+03
1.439787146643899632e+03
1.441405699058534310e+03
1.443033666335808903e+03
1.444686297193044084e+03
1.446404534475943819e+03
1.448167936154755353e+03
1.449955777359172544e+03
1.451762805004957045e+03
1.453625312135749027e+03
1.455533329749929408e+03
1.457475323441911769e+03
1.459456734989250435e+03
1.461491670377651189e+03
1.463574163813788346e+03
1.465904239168366985e+03
1.468311902241434382e+03
1.470798145724669666e+03
1.473332232895725383e+03
1.475925419756143128e+03
1.478581851401281710e+03
1.481306783010820027e+03
1.484131679190403702e+03
1.487094976478548688e+03
1.490116747068380391e+03
1.493186554269026146e+03
1.496297731860276826e+03
1.499463105544907421e+03
1.503059528611978294e+03
1.506717204755175999e+03
1.510416983866112105e+03
1.514143028623600003e+03
1.517989626465164747e+03
1.522130627905779193e+03
1.526298326994843819e+03
1.530522495493994029e+03
1.534784887205343239e+03
1.539073328474000391e+03
1.543387652757986871e+03
1.547723722255776011e+03
1.552084145339678344e+03
1.556463362280153206e+03
1.560853201477166294e+03
1.565253688244564501e+03
1.569777162802252860e+03
1.575025739369181110e+03
1.580284003247283636e+03
1.585548760267798571e+03
1.590821490790889584e+03
1.596095390128365352e+03
1.601383573812157010e+03
1.606697199413752514e+03
1.612052624623231850e+03
1.617427790142625781e+03
1.622992057820146783e+03
1.628755813620502522e+03
1.634527913627537146e+03
1.640305350139923121e+03
1.646245167159971061e+03
1.652647916145248473e+03
1.659065456376836664e+03
1.665479845433366791e+03
1.671922173682333550e+03
1.678387835331191582e+03
1.684858546979327230e+03
1.691337579530615585e+03
1.697841066472433795e+03
1.704341756492724471e+03
1.710828828974284306e+03
1.717311945057933826e+03
1.723871997063905383e+03
1.730434243815632499e+03
1.737447890254114554e+03
1.744529434579575081e+03
1.751650447294996866e+03
1.758759470825359813e+03
1.765828769295348138e+03
1.772894061186572344e+03
1.779934993397487233e+03
1.786952789501259304e+03
1.793915372926416239e+03
1.800816853863228971e+03
1.807682188258763745e+03
1.814571387401055063e+03
1.821444132416420643e+03
1.828260100680960250e+03
1.835024236400618975e+03
1.841838826336631655e+03
1.848691627469804644e+03
1.855494288167631566e+03
1.862224549390916081e+03
1.869297732991748262e+03
1.876650533890940096e+03
1.883951363005496205e+03
1.891185981889397226e+03
1.898362452477452507e+03
1.905516612998387700e+03
1.912657392239975252e+03
1.919736496474683463e+03
1.927212701986215961e+03
1.934621009069862794e+03
1.941974635718096579e+03
1.949266260820449816e+03
1.956524276001418229e+03
1.963717231757048467e+03
1.970838566843076478e+03
1.977869013627997901e+03
1.984819289819635287e+03
1.991770423364050203e+03
1.998745786416430292e+03
2.005646350475748022e+03
2.012457611136749165e+03
2.019170996156125511e+03
2.025808888628267596e+03
2.032462031174825825e+03
2.039046389891250328e+03
2.045575613657672420e+03
2.051985582927833093e+03
2.058293397902387369e+03
2.064483901937385326e+03
2.070554039199759245e+03
2.076522296889188965e+03
2.082370527176820360e+03
2.088103825373429117e+03
2.093724765532371748e+03
2.099255191853433189e+03
2.104692729590057752e+03
2.110031696271426881e+03
2.115274956423678304e+03
2.120628819659587862e+03
2.127498578967857611e+03
2.134299058632229389e+03
2.141042983692850612e+03
2.147714366244442317e+03
2.154313943424464014e+03
2.160849253488220711e+03
2.167342688295211701e+03
2.173787119024130334e+03
2.180182169945133865e+03
2.186845263834065918e+03
2.193542699249801899e+03
2.200198985750210340e+03
2.206836726152967458e+03
2.213476382798091436e+03
2.220533974343297814e+03
2.227907225590008238e+03
2.235256499374995656e+03
2.243106479759274407e+03
2.251026924021666673e+03
2.258934193425542617e+03
2.266980760519637442e+03
2.275357781083800091e+03
2.283999241775678911e+03
2.292606576072076678e+03
2.301177204549549515e+03
2.309726280070881785e+03
2.318294318883394681e+03
2.326854968950020520e+03
2.335391034291083997e+03
2.343890294030119549e+03
2.354027109144181395e+03
2.364266380082460273e+03
2.374543061587339707e+03
2.384969331319208777e+03
2.395315005403555915e+03
2.405738956923635669e+03
2.416504959588728525e+03
2.427300320270021075e+03
2.438256429544318507e+03
2.449343910986922310e+03
2.461095784606244251e+03
2.472751837119223637e+03
2.484313901054462804e+03
2.495791165718022057e+03
2.508232496546984294e+03
2.521309223300042504e+03
2.534291657682049845e+03
2.547175363807180929e+03
2.560571357277056450e+03
2.573977153740102040e+03
2.587525560843075255e+03
2.601105782355604788e+03
2.614615100669728236e+03
2.627987376138035415e+03
2.641345353186288321e+03
2.654596450562384689e+03
2.667669466014785030e+03
2.680593891566585626e+03
2.693403339517098175e+03
2.706018438144126776e+03
2.718423882617941672e+03
2.730614613461145836e+03
2.742586106177644069e+03
2.754334377388179291e+03
2.766001810576964999e+03
2.777776870685343056e+03
2.789707599260639654e+03
2.801426031378984135e+03
2.813023776818903571e+03
2.825122657809070006e+03
2.837431098208474396e+03
2.849550926199820424e+03
2.861855578652416625e+03
2.874043689430873656e+03
2.886319899790953059e+03
