2.298806730222807175e+02
2.311810722171973111e+02
2.324347886235574663e+02
2.336424930970295009e+02
2.348049988685490632e+02
2.359232421597703251e+02
2.369982634756952677e+02
2.380311896757880845e+02
2.390232168942315525e+02
2.399755943541788099e+02
2.408896090996526027e+02
2.417665716517905139e+02
2.426078025830452418e+02
2.434146199932967818e+02
2.441883278651914679e+02
2.449302052719473863e+02
2.456414964089433397e+02
2.463234014202241724e+02
2.469770679922126249e+02
2.476539241199372441e+02
2.483928829790447992e+02
2.491137364803574030e+02
2.498100275060898809e+02
2.504885806128195043e+02
2.511498143263542886e+02
2.517883137114320391e+02
2.524045261930339166e+02
2.529988169963758367e+02
2.535714690981583885e+02
2.541226835359676102e+02
2.546525800478371764e+02
2.551611980171131222e+02
2.556484977004211316e+02
2.561143617187581754e+02
2.565585967935242024e+02
2.569809357107739629e+02
2.573810394981936724e+02
2.577584998004189174e+02
2.581128414395042228e+02
2.584435251487583969e+02
2.587499504700033981e+02
2.590314588067736850e+02
2.592873366291952379e+02
2.595569013683126514e+02
2.598041629674370938e+02
2.600233381214946462e+02
2.602135188847876748e+02
2.603737618142147312e+02
2.605030926087411558e+02
2.606005110304621439e+02
2.606649961588975657e+02
2.606955120392410095e+02
2.606910137931931217e+02
2.606504542670363662e+02
2.605727912949512302e+02
2.604569956553726229e+02
2.603020597936352374e+02
2.601070073744226647e+02
2.598709037119475056e+02
2.595928671037598860e+02
2.592720810652924683e+02
2.589078074265790974e+02
2.584994002102923218e+02
2.580566528313244703e+02
2.578238816963650493e+02
2.575453719955020233e+02
2.572206517667465278e+02
2.568494358427506654e+02
2.564316489541920987e+02
2.559674468698281089e+02
2.554572348817708018e+02
2.549016829401801942e+02
2.543017367574484524e+02
2.536586242403788845e+02
2.529738566716741559e+02
2.522492241504980086e+02
2.514867849163887001e+02
2.506888483209057767e+02
2.498579513754692982e+02
2.489968289890980202e+02
2.481083782120341823e+02
2.471956170150528749e+02
2.462616383527636117e+02
2.453095604743145088e+02
2.443828943545935033e+02
2.435266467820545415e+02
2.426611555647797616e+02
2.417890227812904129e+02
2.413370323630398957e+02
2.409198336555797653e+02
2.405006216199215316e+02
2.400800756622846848e+02
2.396586111519466726e+02
2.392363966373671929e+02
2.388133783780961892e+02
2.383893116804496799e+02
2.379637982018390687e+02
2.375363280631583791e+02
2.371063252987007388e+02
2.366731948986789575e+02
2.362363694814650614e+02
2.357953534914674094e+02
2.353497627722394157e+02
2.348993574271359535e+02
2.344440660601243280e+02
2.339839997887164600e+02
2.335194548328859980e+02
2.330509029932192391e+02
2.325789699152328751e+02
2.321921599574356776e+02
2.319002293178687637e+02
2.316070512465151694e+02
2.313132540372628512e+02
2.314071506788722274e+02
2.322259385979087938e+02
2.330405434313001649e+02
2.338476568838720482e+02
2.346440437079295407e+02
2.354266439238346607e+02
2.361926650666706564e+02
2.369396610611892982e+02
2.376655949848347120e+02
2.383688837443621082e+02
2.390484235217278126e+02
2.397035956942175119e+02
2.403342537583638432e+02
2.409406925472658259e+02
2.415236016928665777e+02
2.420840058226497433e+02
2.426231943767513997e+02
2.431426441780324694e+02
2.436439379840214485e+02
2.444438524976484928e+02
2.455931047369832925e+02
2.467264237250235226e+02
2.478435205777190333e+02
2.489867989721344941e+02
2.505145104885506839e+02
2.520235984642551443e+02
2.535125898568547598e+02
2.549799991494338371e+02
2.564243685205605630e+02
2.578443053323754270e+02
2.592385151873428413e+02
2.606058290661912906e+02
2.619452233829331362e+02
2.632623379099803742e+02
2.645570680473218772e+02
2.658217620797545919e+02
2.670560182014608017e+02
2.683826555476092039e+02
2.696874750613233687e+02
2.709610903779823161e+02
2.724497915817273679e+02
2.741495012526383448e+02
2.758160370526888414e+02
2.774482440615278733e+02
2.790449564974662167e+02
2.806050005815606028e+02
2.823252845915860689e+02
2.840408038630440615e+02
2.857156284129005144e+02
2.873483638478917328e+02
2.889376787335002064e+02
2.904823279223330132e+02
2.919811766203702632e+02
2.934332243975798065e+02
2.948376282481856379e+02
2.961937237331462711e+02
2.975010431990080519e+02
2.987593300684528685e+02
2.999685482427468060e+02
3.011288857476188809e+02
3.022407518926907528e+02
3.033047673990238877e+02
3.043217471757010344e+02
3.052926756880819994e+02
3.062186751482853424e+02
3.071873161133403869e+02
3.082660608726129681e+02
3.093032544539573792e+02
3.102998492538474693e+02
3.112567163729860340e+02
3.125923547938604088e+02
3.142522900600629896e+02
3.158711040013740217e+02
3.174470439128611474e+02
3.189782749121264942e+02
3.204629254757119270e+02
3.218991319798812469e+02
3.232850810076968173e+02
3.246190483356317031e+02
3.258994336931147586e+02
3.271247905867277836e+02
3.282938506866994430e+02
3.294055424770430704e+02
3.304590040636757067e+02
3.314535902103414173e+02
3.323888738253542670e+02
3.332646422501836128e+02
3.340808888027953003e+02
3.348378001050628541e+02
3.355357397763390850e+02
3.361752291071957188e+02
3.367569253415425692e+02
3.372815981950718083e+02
3.377501052261968084e+02
3.381633666549242321e+02
3.385223401972816077e+02
3.389905371779364600e+02
3.398914721682295976e+02
3.407391078996228089e+02
3.415328984467693090e+02
3.422723514572113004e+02
3.429570623874062676e+02
3.435867455964279316e+02
3.441612610375037775e+02
3.446806355090920420e+02
3.451450776867030186e+02
3.455549864403095057e+02
3.459109522356083630e+02
3.462425388616629220e+02
3.470010728126695767e+02
3.477074233249500139e+02
3.483618512052003666e+02
3.489647951124961196e+02
3.495168734204203815e+02
3.500188810642403610e+02
3.504717816731093194e+02
3.508766953911303403e+02
3.512348828760054289e+02
3.515477260296290183e+02
3.518167060615490982e+02
3.520433795143885618e+02
3.522293528910412306e+02
3.523762565180010142e+02
3.524857182589737477e+02
3.525593376595815585e+02
3.525986610592736383e+02
3.526051581523454956e+02
3.525802004182145879e+02
3.525250417738374722e+02
3.524408017304101008e+02
3.523284512643680841e+02
3.521888015411295783e+02
3.520224955609475614e+02
3.518300027313088094e+02
3.516116163110101525e+02
3.513674536185139914e+02
3.510974588521945634e+02
3.508014083330103858e+02
3.504789179509377277e+02
3.501294525746505428e+02
3.497523371686061751e+02
3.493467693516282679e+02
3.489118331248807294e+02
3.484465134931958801e+02
3.479497117005756195e+02
3.474202607969712631e+02
3.468569412482181065e+02
3.462584962937684736e+02
3.456236467478005920e+02
3.449511049292291318e+02
3.442395873966889326e+02
3.435013376335028283e+02
3.432067137962408196e+02
3.428683767193998051e+02
3.424841984537138728e+02
3.420521572577110305e+02
3.415957285912093653e+02
3.412145763249575339e+02
3.407802397596764763e+02
3.402912217168055804e+02
3.397462187151464832e+02
3.391441173227173635e+02
3.384839826425980505e+02
3.377650394895983936e+02
3.369866471274418700e+02
3.361482687199755901e+02
3.352494368903355735e+02
3.345802344427232811e+02
3.342717095151639342e+02
3.338989372834712412e+02
3.334597336244033841e+02
3.329519707987313382e+02
3.323736127562818865e+02
3.317585928546846503e+02
3.311754774964988428e+02
3.305163946241267467e+02
3.297798839712984318e+02
3.289647329308467647e+02
3.280699988165772538e+02
3.270950263076841225e+02
3.260394597623582627e+02
3.249816254277662892e+02
3.238576424481018421e+02
3.226755737626578480e+02
3.215659215294779187e+02
3.203780602949734657e+02
3.191131885859434760e+02
3.177727638717353216e+02
3.163584832353911906e+02
3.148722612349619112e+02
3.133162055627684595e+02
3.116925911287715394e+02
3.101915764193431642e+02
3.090984348152026655e+02
3.079433233885138748e+02
3.067274630552578287e+02
3.054522393529236410e+02
3.041192293971864729e+02
3.027302241083374383e+02
3.012872442806449271e+02
2.997925492573506290e+02
2.982486372145978635e+02
2.966582363403787781e+02
2.950242865095644902e+02
2.933499113926915811e+02
2.916383812835579192e+02
2.898930672782180409e+02
2.881173877753635679e+02
2.863147485856619596e+02
2.844884782263633269e+02
2.826997317105944489e+02
2.809165199532900488e+02
2.791184477763146674e+02
2.773078194173828592e+02
2.754865388231578436e+02
2.736560606493352452e+02
2.718173514916748559e+02
2.699708633111705467e+02
2.681165207484664847e+02
2.662537236760653059e+02
2.643813659148773354e+02
2.624978705502362573e+02
2.606012417313372680e+02
2.586891322406398785e+02
2.567589254937100804e+02
2.548078299968072997e+02
2.528329836743017438e+02
2.508315649086437134e+02
2.488009066416663586e+02
2.467386094973694242e+02
2.447068464213772359e+02
2.426604471779899654e+02
2.405777626234293507e+02
2.384583812852745837e+02
2.363025634598606359e+02
2.341112624217579139e+02
2.318861190624729431e+02
2.296387248500668079e+02
2.273670548046815441e+02
2.250701252210137397e+02
2.227517289729219954e+02
2.204159228259115935e+02
2.184045937774318134e+02
2.178018390077938022e+02
2.172119406639556018e+02
2.166099303701818997e+02
2.159946292719333485e+02
2.153648361672122746e+02
2.150028209040029026e+02
2.149879571921369461e+02
2.149531248881507111e+02
2.148960139345581410e+02
2.148145965531405750e+02
2.147071990416363576e+02
2.145725648267133181e+02
2.144099078156461928e+02
2.142189551393144598e+02
2.139999783771465616e+02
2.137538123240143761e+02
2.135927739310324966e+02
2.134291823824788992e+02
2.132440718042142294e+02
2.130403353333668690e+02
2.128213115968542297e+02
2.125907141539783254e+02
2.123525451062203615e+02
2.121109941222520661e+02
2.118703248636479088e+02
2.116347515522047047e+02
2.114083091358640445e+02
2.113793309306163906e+02
2.126015804951883013e+02
2.138375776726970230e+02
2.150849534698477044e+02
2.165692808188804293e+02
2.181032051890319394e+02
2.196394539022192873e+02
2.211748466037626315e+02
2.227063657356818283e+02
2.242312307170928136e+02
2.257469495468007494e+02
2.272513474205017872e+02
2.287425731778639033e+02
2.302190854674718992e+02
2.316796213900877035e+02
2.331231510204641779e+02
2.345488216008635902e+02
2.359558953485275481e+02
2.373436847428877172e+02
2.387114888864863360e+02
2.400585341051052524e+02
2.413839214108529632e+02
2.426865828413701252e+02
2.439652480513561557e+02
2.452184219072049416e+02
2.464443732533350158e+02
2.476411345040895640e+02
2.488065112846042553e+02
2.499381010070090383e+02
2.510333190273679804e+02
2.520894308808071287e+02
2.531035890297469564e+02
2.540728725724351307e+02
2.549943284332890130e+02
2.558650126794032644e+02
2.566820307654639350e+02
2.574425756894422079e+02
2.581439632324830313e+02
2.587836636485122881e+02
2.593593293543199820e+02
2.598688183431177094e+02
2.603102131994286879e+02
2.606818357279188376e+02
2.609822573220117192e+02
2.612103052896823101e+02
2.613650654243723466e+02
2.614458811599458272e+02
2.614523496818399622e+02
2.613843153842956895e+02
2.612418610679981157e+02
2.610252972659941975e+02
2.607351500705628382e+02
2.603721478118910113e+02
2.599372069127730924e+02
2.594314172137944183e+02
2.588560270319207461e+02
2.582124281832781776e+02
2.575021411691159869e+02
2.567268006931839182e+02
2.558881416496008114e+02
2.550153750762011953e+02
2.541482603349154488e+02
2.532234311247683252e+02
2.522428429000183598e+02
2.512222848076006301e+02
2.501502237205689312e+02
2.490284984850861747e+02
2.478591910082840855e+02
2.466443971618423916e+02
2.453862211538992995e+02
2.440867704809875534e+02
2.427481514051153511e+02
2.413724648990953767e+02
2.399618030023895301e+02
2.385182455299355126e+02
2.370438570774937546e+02
2.355406842689038740e+02
2.340107531931413121e+02
2.324560669821424028e+02
2.308786034839317551e+02
2.292803129895806364e+02
2.276631159768927546e+02
2.260289008384179397e+02
2.243795215663834313e+02
2.227167953723889582e+02
2.210425002252003708e+02
2.193583722956669817e+02
2.176661033036462811e+02
2.159673377678262227e+02
2.142636701654199953e+02
2.125566420148503823e+02
2.108477389006592091e+02
2.091383874659053674e+02
2.074299524031713133e+02
2.057237334808770015e+02
2.040305153322973695e+02
2.023452745827396768e+02
2.006657326979069751e+02
1.989929030031840682e+02
1.973277211771907105e+02
1.956710435084908397e+02
1.940236455518721073e+02
1.923862212404202978e+02
1.907593825068350668e+02
1.891436594631033472e+02
1.875395011816978297e+02
1.859472771138718770e+02
1.843672791714106722e+02
1.827997244874291880e+02
1.812447588596160983e+02
1.797024608658836939e+02
1.781728466279537315e+02
1.766558751832689609e+02
1.751514544101572142e+02
1.736594474357664240e+02
1.721796794414033513e+02
1.707119447660192009e+02
1.692560141961729983e+02
1.678116423203718739e+02
1.663785748176886159e+02
1.649565555454311720e+02
1.635453332887402951e+02
1.621446680366085218e+02
1.607543366541399905e+02
1.593741378299586131e+02
1.580038961904941743e+02
1.566434654892241554e+02
1.552927307985140999e+02
1.539516096540282035e+02
1.526200521262016991e+02
1.512980398193010103e+02
1.499855838253841682e+02
1.486827216872055430e+02
1.473895134499218500e+02
1.461060369055373656e+02
1.448323821555482880e+02
1.435802311402723319e+02
1.426443855938248078e+02
1.417285102689822054e+02
1.408221427377516761e+02
1.399542183181635551e+02
1.390948333647746722e+02
1.382436476551974351e+02
1.374003467824845472e+02
1.365646470148352307e+02
1.357362992696793924e+02
1.349150921227613935e+02
1.341008537984067175e+02
1.332934531136719158e+02
1.324927993756948581e+02
1.316988412574725942e+02
1.309115647017261495e+02
1.301309899247908390e+02
1.293571676120148766e+02
1.285901744125053483e+02
1.278301078538981130e+02
1.270770808069581221e+02
1.263312156351754254e+02
1.255926381661785030e+02
1.248663298455433619e+02
1.241551215480675836e+02
1.234515398967109405e+02
1.227556659258030294e+02
1.220675558055378076e+02
1.213872363080984513e+02
1.207147008478727912e+02
1.200499061504140599e+02
1.193927695892450203e+02
1.187431672143786159e+02
1.181009324818844277e+02
1.174658556802726395e+02
1.168376840371396952e+02
1.162161224785980949e+02
1.156008350046262905e+02
1.149914466356784573e+02
1.143875458797078153e+02
1.137886876641470764e+02
1.131943966742797159e+02
1.126041710377229350e+02
1.120174862943014631e+02
1.114410703008093435e+02
1.108733164109446818e+02
1.103074385854665707e+02
1.097428662336743770e+02
1.091790282788840472e+02
1.086153576615766525e+02
1.080512957642556557e+02
1.074862967206451145e+02
1.069198315759030748e+02
1.063513922684206818e+02
1.057804954074518236e+02
1.052066858242057066e+02
1.046295398770970451e+02
1.040486684945575604e+02
1.034637199411547357e+02
1.028743822947409541e+02
1.022803856239846851e+02
1.016815038569380931e+02
1.010775563323104649e+02
1.004684090258874960e+02
9.985397544511519641e+01
9.924508980039698258e+01
9.863313329522119943e+01
9.801592147865505922e+01
9.739929037663800671e+01
9.678563110182594187e+01
9.616717654801625770e+01
9.554417055730644392e+01
9.491689902325195760e+01
9.428568756694426156e+01
9.365089884691128930e+01
9.301292950805994053e+01
9.237220677813328962e+01
9.172918472395137712e+01
9.108434018403882249e+01
9.043816839910864758e+01
8.979117836722666368e+01
8.914388795626928186e+01
8.849681881243343184e+01
8.785049110994582122e+01
8.720541819362897229e+01
8.656210117245302627e+01
8.592102352845188307e+01
8.528264581121388233e+01
8.464740049334642435e+01
8.401568706661664976e+01
8.340086999005858104e+01
8.279059368322040768e+01
8.218480782325684686e+01
8.158373951232762522e+01
8.099938456851111823e+01
8.042216317112696800e+01
7.985003063726803418e+01
7.928300415419019487e+01
7.872104805142453188e+01
7.816407553471579206e+01
7.761195134541790708e+01
7.706449533468652646e+01
7.652148692102211669e+01
7.598267037792224698e+01
7.544776087615213100e+01
7.491645118307573625e+01
7.438841890028767523e+01
7.386333410119159737e+01
7.334086721293481048e+01
7.282069697296455502e+01
7.230251828013155091e+01
7.178604975433945867e+01
7.127104081775408417e+01
7.077058424829878902e+01
7.027171122788108448e+01
6.977379264765835387e+01
6.927675720111469104e+01
6.878874596770407379e+01
6.830716026287235820e+01
6.782656611813069958e+01
6.734710552780964576e+01
6.686896901551402550e+01
6.639239116319212997e+01
6.591764495682896552e+01
6.544503508545425063e+01
6.497489036129492490e+01
6.450755545536411262e+01
6.439638301175060064e+01
6.429609846091484826e+01
6.419852091584245102e+01
6.410910169216985821e+01
6.402947511953533422e+01
6.395199199802435430e+01
6.387658045085032654e+01
6.381678403360741214e+01
6.375890973766802006e+01
6.370298381994692960e+01
6.364908659097957866e+01
6.359735296888432998e+01
6.355269673954432363e+01
6.351934318118273382e+01
6.348887198534571752e+01
6.346161623762522197e+01
6.343794712931389768e+01
6.341826753876499367e+01
6.340300492883119432e+01
6.339260374155992395e+01
6.338751747586029950e+01
6.338820063307073838e+01
6.339510070961697608e+01
6.340865040576784395e+01
6.342926020549540311e+01
6.345731146532023814e+01
6.349315013051633372e+01
6.353708117591327920e+01
6.358936384650691309e+01
6.365020775086674831e+01
6.371976983854700194e+01
6.379815227192470672e+01
6.389698272514679189e+01
6.400653526391565151e+01
6.412487934757037067e+01
6.425189479747884036e+01
6.438788679798470582e+01
6.454552571529666238e+01
6.471116976247242292e+01
6.488450538957360436e+01
6.506517916526564704e+01
6.525280197158987505e+01
6.544695341014410417e+01
6.564718634136120556e+01
6.585303148328519285e+01
6.606400200188561200e+01
6.627959803128983651e+01
6.649931106911931522e+01
6.672262819919525612e+01
6.694903610103514779e+01
6.717802481264797620e+01
6.740909122000640252e+01
6.764174225312085298e+01
6.787549777477931912e+01
6.810989315366904862e+01
6.834448151873290556e+01
6.857883569618837782e+01
6.881254983465456121e+01
6.904524072728105466e+01
6.927654884267735724e+01
6.950613907881356113e+01
6.973370125594352942e+01
6.995895036601950778e+01
7.019198712715252952e+01
7.042565584368195175e+01
7.065630841703411136e+01
7.088375976924152155e+01
7.110784824984469310e+01
7.132843482276464897e+01
7.154540214150273414e+01
7.175865352980179068e+01
7.196811188399145465e+01
7.217371851225433943e+01
7.237543192500913847e+01
7.257322658953553685e+01
7.277473272557300277e+01
7.297839813576283063e+01
7.317815266164458876e+01
7.337402276987756977e+01
7.356604450546886653e+01
7.375426224822973609e+01
7.393872749630945407e+01
7.411949768210882894e+01
7.429663502512657658e+01
7.447020542560692036e+01
7.464027740223509966e+01
7.480692107657098688e+01
7.497020720641656055e+01
7.513020626988004835e+01
7.528698760152265379e+01
7.544061858165733270e+01
7.559116387959949179e+01
7.573868475145469858e+01
7.588323839285560268e+01
7.602487734693380617e+01
7.616364896772141435e+01
7.629959493912673452e+01
7.643275084960403376e+01
7.656314582264801061e+01
7.669080220327550990e+01
7.681573530071240441e+01
7.693795318757743473e+01
7.705745655594340349e+01
7.717423863075778456e+01
7.728828514121174464e+01
7.739957435076442493e+01
7.750807714664013304e+01
7.761375718973462767e+01
7.771657112597040395e+01
7.781646886024176979e+01
7.791339389417362327e+01
7.800728372898608143e+01
7.809807033480080918e+01
7.818568068774530389e+01
7.827003737619611456e+01
7.835105927745544818e+01
7.842866230606351508e+01
7.850276023481177390e+01
7.858049775331832620e+01
7.866104425891685992e+01
7.873782488503492516e+01
7.881075546668444076e+01
7.887975491359510727e+01
7.895356791886449344e+01
7.902771278615961137e+01
7.909771603862786549e+01
7.916352303582952743e+01
7.922508921886942801e+01
7.928238169809355895e+01
7.933538089064930432e+01
7.938408220036190244e+01
7.942849773104033773e+01
7.946865802288114367e+01
7.950461380010470691e+01
7.954898210752324417e+01
7.959059734638695716e+01
7.962830054678408942e+01
7.966224133206343083e+01
7.969259788419198287e+01
7.971957841484250196e+01
7.975335008711424223e+01
7.978752606015206084e+01
7.981914497630550898e+01
7.984854788146063242e+01
7.987611087462599357e+01
7.990224544892745939e+01
7.992739854160576840e+01
7.995653058451546258e+01
7.999414962128722095e+01
8.003233714125133247e+01
8.007999965780020091e+01
8.013440221080942649e+01
8.019121247190406621e+01
8.025109794897248605e+01
8.031474819805599452e+01
8.038287112046528193e+01
8.045618878477081637e+01
8.053543278541559403e+01
8.062133915887105218e+01
8.072547904785469086e+01
8.084071298898304292e+01
8.096478903347359335e+01
8.109840357199273342e+01
8.124222684752628254e+01
8.139689625480873758e+01
8.156300964931611475e+01
8.174111877441687568e+01
8.193172292399819412e+01
8.213526296486951139e+01
8.235211584802715379e+01
8.258258974001782349e+01
8.282691990472777377e+01
8.308526546157516179e+01
8.335770713796291886e+01
8.364424612172325624e+01
8.394480410300820949e+01
8.426199724079449993e+01
8.460290971629267176e+01
8.495714967085490343e+01
8.532434759785651579e+01
8.570407403007888547e+01
8.609584719345396309e+01
8.649914171038794564e+01
8.691339819534752564e+01
8.733803355093067466e+01
8.777245174116474402e+01
8.821605479162033703e+01
8.866825374442943541e+01
8.912847928166793565e+01
8.959619172387662900e+01
9.007089011258798905e+01
9.055212009715714316e+01
9.103948036720014159e+01
9.153262740235868478e+01
9.203127835042384675e+01
9.253521189210540854e+01
9.304757969984505905e+01
9.357454382563122408e+01
9.410647370362727315e+01
9.464336142493927184e+01
9.518523377205413283e+01
9.573214127925582773e+01
9.628414592942031902e+01
9.691961334219794821e+01
9.791755928328727521e+01
9.891978323053515965e+01
9.992549154703688430e+01
1.009338875862665788e+02
1.019441819767546491e+02
1.029741547534133161e+02
1.040137179058821033e+02
1.050529422461796116e+02
1.060911454310174662e+02
1.071276816780785452e+02
1.081619419389860894e+02
1.092062873307099693e+02
1.102481045516079803e+02
1.112860126173397077e+02
1.123195128215242420e+02
1.133481157742729266e+02
1.143713314874064366e+02
1.153886585918931331e+02
1.163995730042936856e+02
1.174035163701625351e+02
1.183998846144825450e+02
1.193924709777604392e+02
1.203847967472753027e+02
1.213673557038275135e+02
1.223392603178765228e+02
1.232995324171369305e+02
1.242470984929406939e+02
1.251807869054838704e+02
1.260993271215272813e+02
1.270013510840535247e+02
1.278853967804534619e+02
1.287499140446239494e+02
1.295970391867907381e+02
1.304386459800373643e+02
1.312614243353060317e+02
1.320577891621555011e+02
1.328304833559698466e+02
1.335820402682512622e+02
1.343017065073693743e+02
1.349876967162797712e+02
1.356382830834244828e+02
1.362518199043992695e+02
1.368267691744739523e+02
1.373617269601442388e+02
1.378554502651308837e+02
1.383068840696797963e+02
1.387151881816509444e+02
1.390797634940111323e+02
1.394002771966107730e+02
1.396766864415671137e+02
1.399092599127158394e+02
1.400985967023891874e+02
1.402456418557921438e+02
1.403516979075017446e+02
1.404184317097277130e+02
1.404478758420037821e+02
1.404424239014476257e+02
1.404048190063767265e+02
1.403381349088148227e+02
1.402457492079592782e+02
1.401313082912802770e+02
1.399986838060104049e+02
1.398519206834210138e+02
1.396951770018315244e+02
1.395326562796489327e+02
1.393685331320555179e+02
1.392068735959331605e+02
1.390515518152688514e+02
1.389061651676728104e+02
1.387739502818633923e+02
1.386577027225635277e+02
1.385597033768401332e+02
1.384816547364217456e+02
1.384246303057269927e+02
1.383890402489484757e+02
1.383746160996669516e+02
1.383804168782454269e+02
1.384048582906077343e+02
1.384457658242479283e+02
1.385004515351206749e+02
1.385658131697568081e+02
1.386384530435593945e+02
1.387148128661048361e+02
1.387913195461453029e+02
1.388645360083379785e+02
1.389313102966723363e+02
1.389889158056777489e+02
1.390351754350006956e+02
1.390685628491242767e+02
1.390882748566407940e+02
1.390942701842176916e+02
1.390872715557522952e+02
1.390687299098364917e+02
1.390510527763249797e+02
1.390292416782609450e+02
1.390037194581596509e+02
1.397699480820288329e+02
1.413802607017775017e+02
1.429875821804201905e+02
1.445892477440842185e+02
1.461830006186194453e+02
1.477671278892034081e+02
1.493405676766540182e+02
1.509029824894500962e+02
1.524547956170622456e+02
1.539971895565500972e+02
1.555320675623010800e+02
1.570619813402081490e+02
1.585900295551737145e+02
1.601197330962640990e+02
1.616548938924902359e+02
1.631994444746192414e+02
1.647572954483658236e+02
1.663321876242592907e+02
1.679275548040402555e+02
1.695464022318130901e+02
1.711912045664240054e+02
1.728638260051810960e+02
1.745654639671248844e+02
1.762966165942991665e+02
1.780570733053672541e+02
1.798459267752457151e+02
1.816616040393525680e+02
1.835019139392256022e+02
1.853641078329929712e+02
1.872449503747524773e+02
1.891407971996501942e+02
1.910689065452092166e+02
1.930712795685699632e+02
1.950760266243527212e+02
1.970786342410712280e+02
1.990745796712770925e+02
2.010593989133156470e+02
2.030287475055363586e+02
2.049784535126639753e+02
2.069045624297416452e+02
2.088033739925782299e+02
2.106714711028441229e+02
2.125057412509540313e+02
2.143033909527341336e+02
2.160619538098460168e+02
2.177792928632590019e+02
2.194535979384129121e+02
2.210833786848930345e+02
2.226674539973128617e+02
2.242049384720772309e+02
2.256952265110206213e+02
2.271379746311491203e+02
2.285330824831221150e+02
2.298806730222805754e+02
