3.505052579826259773e+01
3.514133646660141608e+01
3.523235924651500284e+01
3.532356605933841109e+01
3.541492114809513225e+01
3.550638100974355638e+01
3.559789438997918865e+01
3.568940234414254320e+01
3.578083836726499101e+01
3.587212859568747803e+01
3.596319208201474282e+01
3.605394114442551512e+01
3.614428179055182255e+01
3.623411421527675458e+01
3.632333337088951453e+01
3.641182960709038241e+01
3.649948937736922261e+01
3.658619600730375510e+01
3.667183051935339932e+01
3.675627250777856148e+01
3.683940105640900953e+01
3.692109569114011691e+01
3.700123735826478821e+01
3.707970941907501583e+01
3.715639865060285274e+01
3.723119624193384425e+01
3.730399877522990693e+01
3.737470918045620749e+01
3.744323765282553751e+01
3.750950252216330938e+01
3.757343106375736141e+01
3.763496024079205426e+01
3.769403736917107750e+01
3.775062069639976414e+01
3.780467988721813555e+01
3.785619640983192369e+01
3.790516381786580524e+01
3.795158792453838004e+01
3.799548686700875066e+01
3.803689106034441636e+01
3.807584304208073434e+01
3.811239720985552992e+01
3.814661945607922888e+01
3.817858670501124863e+01
3.820838635893021262e+01
3.823611566128268890e+01
3.826188098574733232e+01
3.828579706103900548e+01
3.839994888070150836e+01
3.852668614450141149e+01
3.865182851675820785e+01
3.877544881723277825e+01
3.889762850245365655e+01
3.901845827886989326e+01
3.913803863191664334e+01
3.925648025883218395e+01
3.937390439426577160e+01
3.949044301910375765e+01
3.960623894449297211e+01
3.972144576472684463e+01
3.983622767445516644e+01
3.995075914754786339e+01
4.006522447685944854e+01
4.017981717606878789e+01
4.029473924668022278e+01
4.041020031513468780e+01
4.052641664676742295e+01
4.064361004503413710e+01
4.076200664598790269e+01
4.088183561940498834e+01
4.100332778920842003e+01
4.112671418691564185e+01
4.125222455272287192e+01
4.138008579953309152e+01
4.151052045572855320e+01
4.164374510278265262e+01
4.177996882390148414e+01
4.191939167978664926e+01
4.206220322732377070e+01
4.220858109653482870e+01
4.235868964049613794e+01
4.251267867212951757e+01
4.267068230083447844e+01
4.283281788085702857e+01
4.299918508210027568e+01
4.316986509278781625e+01
4.334491996200842578e+01
4.352439208871241050e+01
4.371086781304354218e+01
4.391225288177621167e+01
4.411806258667449754e+01
4.432825944185149325e+01
4.454278607506182652e+01
4.476156564637359736e+01
4.498450241545256745e+01
4.521148245152296852e+01
4.544237447862316515e+01
4.567703084740730191e+01
4.591528862346304152e+01
4.615697078094003558e+01
4.640188748922480499e+01
4.664983747946606485e+01
4.690060947696608906e+01
4.715398368481341862e+01
4.740973330365393679e+01
4.766762607218598902e+01
4.792742581282620051e+01
4.818889396703330874e+01
4.845179110499422848e+01
4.871587839477429327e+01
4.898091901660669834e+01
4.924667950873921285e+01
4.951293103216350033e+01
4.977945054261269320e+01
5.004602185941351422e+01
5.031243662210712131e+01
5.057849512719009510e+01
5.084400703885592065e+01
5.110879196921862899e+01
5.137880269712884029e+01
5.165466603704275173e+01
5.192932582178756462e+01
5.220264533472391122e+01
5.253657773924513918e+01
5.291302052722561200e+01
5.328766498656382566e+01
5.366034840282011942e+01
5.403092172335166765e+01
5.439925050861188538e+01
5.476521571682729927e+01
5.512871431188278137e+01
5.548965968679895155e+01
5.584798189788666889e+01
5.620362770746343983e+01
5.655656043585593551e+01
5.690675962623936357e+01
5.725422052861796374e+01
5.759895341187839790e+01
5.794098271529871624e+01
5.834620648500242623e+01
5.878912150021730554e+01
5.922936614318592063e+01
5.966694276439540090e+01
6.010186612048615018e+01
6.053416346792215563e+01
6.096387452960114217e+01
6.139105133217099564e+01
6.181575791328986469e+01
6.223806989954375268e+01
6.265807395719127015e+01
6.307586711932614776e+01
6.349155599440835118e+01
6.390525586240152478e+01
6.431708966594842991e+01
6.472718690510289719e+01
6.513568244510581451e+01
6.554271524753214351e+01
6.594842703583792343e+01
6.635296090689915616e+01
6.675645990054954382e+01
6.715906553940011747e+01
6.756091635135391016e+01
6.796214638722609891e+01
6.836288374574569104e+01
6.876324911796098149e+01
6.916335436270675530e+01
6.956330112432698343e+01
6.996317950329776636e+01
7.036306678977162221e+01
7.076302626938121421e+01
7.116310610990856844e+01
7.156333833666188582e+01
7.196373790361138845e+01
7.236430186653618080e+01
7.276500866362901832e+01
7.316581750820797936e+01
7.356666789739718126e+01
7.396747923986842466e+01
7.436815060498747698e+01
7.476856059498017260e+01
7.516856734103106419e+01
7.556800862354347714e+01
7.596670211612969581e+01
7.636444575225378628e+01
7.676101821281974935e+01
7.715617953237700988e+01
7.754967182100054401e+01
7.794868306593808427e+01
7.835102792654394932e+01
7.875083259825522930e+01
7.914777764103770608e+01
7.954153088920119785e+01
7.993174877120954136e+01
8.031807770730095797e+01
8.070015557701289310e+01
8.107761324809159476e+01
8.145007615766954245e+01
8.181716593602361343e+01
8.217850206269415025e+01
8.253370354425925370e+01
8.288239060263603619e+01
8.322418636243054380e+01
8.355871852559340596e+01
8.388562102147690780e+01
8.420453562033431183e+01
8.451511349837370801e+01
8.481701674267969793e+01
8.510991978465541763e+01
8.539351075112082867e+01
8.566749272283314554e+01
8.593158489096572339e+01
8.618552360299874238e+01
8.642906329051726289e+01
8.666197727258338546e+01
8.688405842962288261e+01
8.709511974413196356e+01
8.729499470594745958e+01
8.748353758130269853e+01
8.766062354640034471e+01
8.782614868773100625e+01
8.798002987283936704e+01
8.812220449664947353e+01
8.825263010978802924e+01
8.837128393656097103e+01
8.847816229131868226e+01
8.857327990287186026e+01
8.866230467638443713e+01
8.884021658671252908e+01
8.900643961559431716e+01
8.916098459520009101e+01
8.930387982577397565e+01
8.943517168333093537e+01
8.955492513514072073e+01
8.966322414976055200e+01
8.976017198934368935e+01
8.984589137312852358e+01
8.992052450239557970e+01
8.998423293873035789e+01
9.003719732913495477e+01
9.007961697335416318e+01
9.011170923069779803e+01
9.013370876561431544e+01
9.014586663328024940e+01
9.014844920847028220e+01
9.014173696295263483e+01
9.012602309856902139e+01
9.010161204499394216e+01
9.006881783289546206e+01
9.002796235481824283e+01
8.997937352756191842e+01
8.992338337112083479e+01
8.986032602036617334e+01
8.979053568658711981e+01
8.971434458674848145e+01
8.963208085887160337e+01
8.954406648229576149e+01
8.945061522173077151e+01
8.935203061397108115e+01
8.924860401590827053e+01
8.914061273206012004e+01
8.902831823923357035e+01
8.891196452516675208e+01
8.879177655705356642e+01
8.866795889475936576e+01
8.854069446229021878e+01
8.841014348969511616e+01
8.827644263606930508e+01
8.813970430269772294e+01
8.800001614364694547e+01
8.785744077928501383e+01
8.771201571630925287e+01
8.756375347589045077e+01
8.741264192952965573e+01
8.725864484017506584e+01
8.710170260408897036e+01
8.694173318690080521e+01
8.677863324525803534e+01
8.661227942350744513e+01
8.644252981293460891e+01
8.626922555927377800e+01
8.609219260250425521e+01
8.591124353138999936e+01
8.572617953382169276e+01
8.553679242280736617e+01
8.534286671694505344e+01
8.514418175342146355e+01
8.494051381102966047e+01
8.473163822039742854e+01
8.451733143857977382e+01
8.429737306540262409e+01
8.407154777944775503e+01
8.383964717235100750e+01
8.360147146113453687e+01
8.335683105960596606e+01
8.310554799142266802e+01
8.284745712921696281e+01
8.258240724619678019e+01
8.231026186884540152e+01
8.203089992172705536e+01
8.174421615792509499e+01
8.145012137127628193e+01
8.114854238927462404e+01
8.083942184827991184e+01
8.062223934406765125e+01
8.040406362231067305e+01
8.017812736623845637e+01
7.994436367218025907e+01
7.973320173626247254e+01
7.958983933833930280e+01
7.943845710881518585e+01
7.927898576676069808e+01
7.911137574137123352e+01
7.893559803712099665e+01
7.875164480410165879e+01
7.855952960471040569e+01
7.835928737313093961e+01
7.815097406942649627e+01
7.793466603541931192e+01
7.771045906474797960e+01
7.747846720445924973e+01
7.723882131009028740e+01
7.699166738033278534e+01
7.678200310217359004e+01
7.662650460538665698e+01
7.649814421146753318e+01
7.643475407615022732e+01
7.636441620331684987e+01
7.628719699100898310e+01
7.620317389058944002e+01
7.611243616734759598e+01
7.601508553667244428e+01
7.591123666367880674e+01
7.580101751512545150e+01
7.568456955356285221e+01
7.556204776489182962e+01
7.543362051190131012e+01
7.529946920788671605e+01
7.515978780612144305e+01
7.501478210276219727e+01
7.486466885270316141e+01
7.470967469994717192e+01
7.455003492621702321e+01
7.438599202377545794e+01
7.421779410073345673e+01
7.404569312948375170e+01
7.386994305127116434e+01
7.369079775227501727e+01
7.350850892889577892e+01
7.332332386217323972e+01
7.313548312338006951e+01
7.294521823478365263e+01
7.275274931132101131e+01
7.255828271042881283e+01
7.236200871848377858e+01
7.216409930318754107e+01
7.196470596174305001e+01
7.176395769477674946e+01
7.156195913563793454e+01
7.135878886392670495e+01
7.115449793085207375e+01
7.107816964616883126e+01
7.108401104906570822e+01
7.108848144247954792e+01
7.109137687488906465e+01
7.109247114444016802e+01
7.109151917190720837e+01
7.108826052276438645e+01
7.108242303519790539e+01
7.107372651012637732e+01
7.106188641909506032e+01
7.104661758625374546e+01
7.102763780150114314e+01
7.100467132325225350e+01
7.097745223112889335e+01
7.094572759115237659e+01
7.090926039869202668e+01
7.086783226745362185e+01
7.082124583613315849e+01
7.076932686797121619e+01
7.071192602227627333e+01
7.064892028099707488e+01
7.058021401756859348e+01
7.050573969949223851e+01
7.042545822039041070e+01
7.033935886156282891e+01
7.024745888731455068e+01
7.014980278249528567e+01
7.004646114473416674e+01
6.993752924774224766e+01
6.982312529574441839e+01
6.970338839255900609e+01
6.957847625202697373e+01
6.944856267937514360e+01
6.931383485564089142e+01
6.923061614297365907e+01
6.919303533558665720e+01
6.915114451560775422e+01
6.910508660053380936e+01
6.915371291017683575e+01
6.920589716560252214e+01
6.925421480134713192e+01
6.929874207832745014e+01
6.933955607555107292e+01
6.937673466335031947e+01
6.941035641659206590e+01
6.944050046219800265e+01
6.946724625727847524e+01
6.949067329625653144e+01
6.951086074746575605e+01
6.955525423561083187e+01
6.967538871705636438e+01
6.979242525094909411e+01
6.990636802066555333e+01
7.001722192784627907e+01
7.012499351196844088e+01
7.022969176886942932e+01
7.033132885673660439e+01
7.042992067998893901e+01
7.052548734341480952e+01
7.061805347086421136e+01
7.070764838470131508e+01
7.079430614408491351e+01
7.087806544194212677e+01
7.095896936222143836e+01
7.103706500064751594e+01
7.111240295374125253e+01
7.118503668231548431e+01
7.125502175700144392e+01
7.132241499460624823e+01
7.138727349524728538e+01
7.144965359125198745e+01
7.150960971975494829e+01
7.156719323176655223e+01
7.162245115122453853e+01
7.167542489817317630e+01
7.172614899073612094e+01
7.177464974095518357e+01
7.182094395985031099e+01
7.186503768720845642e+01
7.191980192518808224e+01
7.206566254826303464e+01
7.220918446434463078e+01
7.235024980724465138e+01
7.248872803668274400e+01
7.262447673107820378e+01
7.275734242554621289e+01
7.288716148286401619e+01
7.301376098560166383e+01
7.314325231658760629e+01
7.336906289849726193e+01
7.359101316682998117e+01
7.380883273522239563e+01
7.402224979416382666e+01
7.423099352915083671e+01
7.443479642298855481e+01
7.463339641449169903e+01
7.482653888854358115e+01
7.501397847546691366e+01
7.527687006609605191e+01
7.555836805022723013e+01
7.583337264182515014e+01
7.610162199229608859e+01
7.636287367922871283e+01
7.661690663922821898e+01
7.686352275743512052e+01
7.710254809727628356e+01
7.733383375919765967e+01
7.755725636245466603e+01
7.777271814941157402e+01
7.798014671714413737e+01
7.817949438636703974e+01
7.837073722274517706e+01
7.855387373041514820e+01
7.872892324197469804e+01
7.889592403322053826e+01
7.906744373363122236e+01
7.932472592286721635e+01
7.957408612685777882e+01
7.981554604898572336e+01
8.004913752650070080e+01
8.027490134828286727e+01
8.049288598430661068e+01
8.070314624419599170e+01
8.093831172428428999e+01
8.123949550537187747e+01
8.153305056409364227e+01
8.181897425223958464e+01
8.209726697198324530e+01
8.236793237838374182e+01
8.263097755313519599e+01
8.288641314262979165e+01
8.313425345412916556e+01
8.337451650473595066e+01
8.360722401889728417e+01
8.383240137132276004e+01
8.405007747342908431e+01
8.426028460269530740e+01
8.446305817559792217e+01
8.465843646605166839e+01
8.484646027248878397e+01
8.502717253782918760e+01
8.520061792760510855e+01
8.536684237238380035e+01
8.552589258136210049e+01
8.567781553457425048e+01
8.582265796155141402e+01
8.596046581449252244e+01
8.609128374405221962e+01
8.621515458572923762e+01
8.633211886455140416e+01
8.644221432532123117e+01
8.654547549511434568e+01
8.664193328403968053e+01
8.673161462948459643e+01
8.681454218821018287e+01
8.689073407974690610e+01
8.696020368359118891e+01
8.702295949174705925e+01
8.707900501720332898e+01
8.712833875801781858e+01
8.717095421580212644e+01
8.720683996659091974e+01
8.723597978134039010e+01
8.725835279265515965e+01
8.727393370379108717e+01
8.728269303553453540e+01
8.728459740622211882e+01
8.727960983993368416e+01
8.726769009777608233e+01
8.724879502715931778e+01
8.722287892405798004e+01
8.718989390343523382e+01
8.714979027327498784e+01
8.710251690801750613e+01
8.704802161760423473e+01
8.698625150880418744e+01
8.691715333600109261e+01
8.684067383915311211e+01
8.675676006718613564e+01
8.666535968563063363e+01
8.656642126784676350e+01
8.645989456969620335e+01
8.634573078799311929e+01
8.622388280349477441e+01
8.609430540956373079e+01
8.595695552793709737e+01
8.581179241327544105e+01
8.566354578301118750e+01
8.551567583891683455e+01
8.535988736725880699e+01
8.519615159310225749e+01
8.502444299386739601e+01
8.484473947475977695e+01
8.465702254452490649e+01
8.446127749223965964e+01
8.425749356542827684e+01
8.404566414933159990e+01
8.382578694666996455e+01
8.359786415674136606e+01
8.336190265220164974e+01
8.311791415139741446e+01
8.286591538368115550e+01
8.260592824474656481e+01
8.233797993869818299e+01
8.206210310332288316e+01
8.177833591487684828e+01
8.148672216865057294e+01
8.118731133163410618e+01
8.088015856378024182e+01
8.056532470465765527e+01
8.024287622270138343e+01
7.991288512479384565e+01
7.957542882454677624e+01
7.923058996838570067e+01
7.887845621935271367e+01
7.851911999942285547e+01
7.815267819205301691e+01
7.777923180762927302e+01
7.739888561542198886e+01
7.701174774657577871e+01
7.661792927352381355e+01
7.621754377199840746e+01
7.581070687248903539e+01
7.539753580854706172e+01
7.497814896973770260e+01
7.455266546727175125e+01
7.412120472040328423e+01
7.368388607153872272e+01
7.331483060391209960e+01
7.297231383512580294e+01
7.262417363068891518e+01
7.227045869171593040e+01
7.191122086357121646e+01
7.154651661455970668e+01
7.117640848627829087e+01
7.080096649385350815e+01
7.042026945483377176e+01
7.003440622636207991e+01
6.964347683141900802e+01
6.924759345637571073e+01
6.884688130381231019e+01
6.844147928651169366e+01
6.803154055070163508e+01
6.761723281895649507e+01
6.719873854564659155e+01
6.677625488039871016e+01
6.634999343766757818e+01
6.592017987317228744e+01
6.548705327058264913e+01
6.505086534440970070e+01
6.461187946751996947e+01
6.417036953402026711e+01
6.372661867041237116e+01
6.328091780986431303e+01
6.283356414615849417e+01
6.238485948533634939e+01
6.193510851424056796e+01
6.148461700605070490e+01
6.103368998350417485e+01
6.068563247246109427e+01
6.034087300707126644e+01
5.999643145821318768e+01
5.965362605055713630e+01
5.932349868115687741e+01
5.899432697081147836e+01
5.866631376387281449e+01
5.833965656676581091e+01
5.801454738844653747e+01
5.769117255847316272e+01
5.736971251811916517e+01
5.705034158090504093e+01
5.673322766000186590e+01
5.641853196113881097e+01
5.610640864089788948e+01
5.579700443156883694e+01
5.549045823503522001e+01
5.518690068943492122e+01
5.488645371355381997e+01
5.459079495629487155e+01
5.430992906604701886e+01
5.403248327348961766e+01
5.375854060465555762e+01
5.348817299981703854e+01
5.322144088236259307e+01
5.295839276374995563e+01
5.269906489416826645e+01
5.244348096826716699e+01
5.219165189482473011e+01
5.194357563854927662e+01
5.169923714133968673e+01
5.145860832929394491e+01
5.122164821056290407e+01
5.098830306782547694e+01
5.075850674773015925e+01
5.053218104813917932e+01
5.030923620244277572e+01
5.008957145862427751e+01
4.987307574916816577e+01
4.965962844635149054e+01
4.944910019597060113e+01
4.924135382115588300e+01
4.903624528664946070e+01
4.883362471278375239e+01
4.863333742743137122e+01
4.843522504341321167e+01
4.823912654827552871e+01
4.804487939298417842e+01
4.785232056595262407e+01
4.766128763891858000e+01
4.747161977151871071e+01
4.728315866197531392e+01
4.709574943209707243e+01
4.690924143579669447e+01
4.672348898152264240e+01
4.653835196037385913e+01
4.635369637318664360e+01
4.616939475153021988e+01
4.598532646928442347e+01
4.580137794327603729e+01
4.561744272327671013e+01
4.543342147348856486e+01
4.524922184942115422e+01
4.506475827576879567e+01
4.487995163249127017e+01
4.469472885775618209e+01
4.450902247769157327e+01
4.433049147816101510e+01
4.424983611311357379e+01
4.416844640356169549e+01
4.408620218183856565e+01
4.400298929484370092e+01
4.391870055184689647e+01
4.383323660842654590e+01
4.374650677547803923e+01
4.365842974323266645e+01
4.356893421139660916e+01
4.347795941782937490e+01
4.338545555960621414e+01
4.329138410182545016e+01
4.319571797109798439e+01
4.309844163226487268e+01
4.299955104849954068e+01
4.289905352653595827e+01
4.279696745029239935e+01
4.269332190761114987e+01
4.258815621617718250e+01
4.248151935589952899e+01
4.237346931611515544e+01
4.226407236689315994e+01
4.215340226446981120e+01
4.204153940141934243e+01
4.192856991256472554e+01
4.181458474785224411e+01
4.169967872346047244e+01
4.158394956229312101e+01
4.146749693472801113e+01
4.135042151007122158e+01
4.123282402861192253e+01
4.111480440350517540e+01
4.099646086094405462e+01
4.087788912623615545e+01
4.075918166249157792e+01
4.064042696767909035e+01
4.052170893482794156e+01
4.040310627916807107e+01
4.028469203501973084e+01
4.017374017879379977e+01
4.006892875984345181e+01
3.996448798643310596e+01
3.986046533169586326e+01
3.975690115229868127e+01
3.965382861228490441e+01
3.955127367215005307e+01
3.944925513978555642e+01
3.934778477946935737e+01
3.924686747470703807e+01
3.914650144043027069e+01
3.904667847983892415e+01
3.894738428102457561e+01
3.884859874843578353e+01
3.875029636422807044e+01
3.865244657458806188e+01
3.855501419621475634e+01
3.845795983828629971e+01
3.836124033542423462e+01
3.826480918738551651e+01
3.816861700146179004e+01
3.807261193383457254e+01
3.797674012642515606e+01
3.788094613607696459e+01
3.778517335321762971e+01
3.768936440745822836e+01
3.759346155789838662e+01
3.749740706621060582e+01
3.740114355087640519e+01
3.730461432123368581e+01
3.720776369027083064e+01
3.711053726536322728e+01
3.701288221639313036e+01
3.691474752092195644e+01
3.681608418629379287e+01
3.671684544874182166e+01
3.661698694974143820e+01
3.651646689001173485e+01
3.641524616170135431e+01
3.631328845941710881e+01
3.621056037085465107e+01
3.610703144787807162e+01
3.600267425896596052e+01
3.589746442399855653e+01
3.579138063240321799e+01
3.568440464570668524e+01
3.557652128556181736e+01
3.546771840832474965e+01
3.535798686725902229e+01
3.524732046343265068e+01
3.513571588635994658e+01
3.502317264541462549e+01
3.490969299301500683e+01
3.479528184054640150e+01
3.467994666795127046e+01
3.456369742787544652e+01
3.444654644521758513e+01
3.432850831288325821e+01
3.420959978450002126e+01
3.408983966480270311e+01
3.396924869835115146e+01
3.384784945719590610e+01
3.372566622806035497e+01
3.360272489956291508e+01
3.347905284995700015e+01
3.335467883582409598e+01
3.322963288211213495e+01
3.310394617387222382e+01
3.297765095000634972e+01
3.285078039930360205e+01
3.272336855900572061e+01
3.259545021611086923e+01
3.246706081159283031e+01
3.233823634768337740e+01
3.220901329833910864e+01
3.207942852298768344e+01
3.195521474705189036e+01
3.183804984973577845e+01
3.172063638711931333e+01
3.160301271839388448e+01
3.148521720813039337e+01
3.137754332621749143e+01
3.127255083689230375e+01
3.116750233700480877e+01
3.106243634224536265e+01
3.095739107885730945e+01
3.085240443442558700e+01
3.074751391173731818e+01
3.064275658562813831e+01
3.053816906272385978e+01
3.043378744398168578e+01
3.032964728993295012e+01
3.022578358852562275e+01
3.012223072546397518e+01
3.001902245694052240e+01
2.991619188465527657e+01
2.982578834843848625e+01
2.973684179548885353e+01
2.965908576754814163e+01
2.958415079873374509e+01
2.950975281396074834e+01
2.943592208439967095e+01
2.936268810771539250e+01
2.929007959780685511e+01
2.921812447592318307e+01
2.914684986306402337e+01
2.907628207357520722e+01
2.900644660985262746e+01
2.893736815807111284e+01
2.886907058485662958e+01
2.880157693482407666e+01
2.873490942890532907e+01
2.866908946339506770e+01
2.860413760964507190e+01
2.854007361434048917e+01
2.847691640029430360e+01
2.841468406769945787e+01
2.835339389578061287e+01
2.829306234479033932e+01
2.823370505829757349e+01
2.817533686571853124e+01
2.811797178504308192e+01
2.806162302571226164e+01
2.800630299160493308e+01
2.795202328409439829e+01
2.789879470513768567e+01
2.784662726036353675e+01
2.779553016212603822e+01
2.774551183249461772e+01
2.769657990615225529e+01
2.764874123317640198e+01
2.760200188167901203e+01
2.755636714028436174e+01
2.751508244545959769e+01
2.749729521400292143e+01
2.748106281410457896e+01
2.746595159933982089e+01
2.745196449686092777e+01
2.743910366531216027e+01
2.742737049588805220e+01
2.741676561312759119e+01
2.740728887543991377e+01
2.739893937535894253e+01
2.739171543952591037e+01
2.738561462840076643e+01
2.738063373570535930e+01
2.737676878760235155e+01
2.737401504161677224e+01
2.737236698530763590e+01
2.737181833469998082e+01
2.737236203248882660e+01
2.737399024602869346e+01
2.737669436512415899e+01
2.738046499963892444e+01
2.738529197694286310e+01
2.739116433921817517e+01
2.739807034064854108e+01
2.740599744451638031e+01
2.741493232023626447e+01
2.742486084035424909e+01
2.743576807754520175e+01
2.744763830164269791e+01
2.746045497673824443e+01
2.747420075838898867e+01
2.748885749097572884e+01
2.750440620525520075e+01
2.752082711615374322e+01
2.753847008440946453e+01
2.756960415640498852e+01
2.760154693143795868e+01
2.763427609835295229e+01
2.767336400899727522e+01
2.772062735719070758e+01
2.776860631444248284e+01
2.781727604262400178e+01
2.786661088847066736e+01
2.791658438711198187e+01
2.796716926653965274e+01
2.801833745309399148e+01
2.807006007805192738e+01
2.812230748540249792e+01
2.817504924089838170e+01
2.822825414247443732e+01
2.829176353562343493e+01
2.835882999860907461e+01
2.842626284412942539e+01
2.849402868649062981e+01
2.856209344833382247e+01
2.863042238136537776e+01
2.869898008914725196e+01
2.876773055205173790e+01
2.883663715448452436e+01
2.890566271447998759e+01
2.897476951577151638e+01
2.904391934243876250e+01
2.911307351623107920e+01
2.918219293666433600e+01
2.925123812398421563e+01
2.932016926508537580e+01
2.938894626247030217e+01
2.945752878632567473e+01
2.952587632978692511e+01
2.959394826745334584e+01
2.966170391720646649e+01
2.972910260537412341e+01
2.979610373526998046e+01
2.986266685912506347e+01
2.992875175341293215e+01
2.999431849755311319e+01
3.005932755595967976e+01
3.012373986338132070e+01
3.018751691345809718e+01
3.025062085039586535e+01
3.032111005862528685e+01
3.039578904398506509e+01
3.046968743312614336e+01
3.054277169945768478e+01
3.061500946694494019e+01
3.068636961693024290e+01
3.075682239655807848e+01
3.082633952844802749e+01
3.089489432121746049e+01
3.096974946046602994e+01
3.104933811220240258e+01
3.112789614863202203e+01
3.120540508103961486e+01
3.128184855531896957e+01
3.135721245686723080e+01
3.143148501229716985e+01
3.150465688720474589e+01
3.157672127918252869e+01
3.165114443960659329e+01
3.173401552855271746e+01
3.181577571297770390e+01
3.189642987546274711e+01
3.197598579317260103e+01
3.205445418307910188e+01
3.213184873565916178e+01
3.220818613598950009e+01
3.228348607115093927e+01
3.235777122285398377e+01
3.243106724420563580e+01
3.250340271955636240e+01
3.257480910639569061e+01
3.264532065830847785e+01
3.271497432805895755e+01
3.278380964994163804e+01
3.285186860062277248e+01
3.291919543779991386e+01
3.299388730036189799e+01
3.307292262496153512e+01
3.315137155616848474e+01
3.322928615516345019e+01
3.330671961072859233e+01
3.338372593870418115e+01
3.346035965890965258e+01
3.353667545031886732e+01
3.362323941091208468e+01
3.371211410434816003e+01
3.380083347021934514e+01
3.388944973650988857e+01
3.397801328705207879e+01
3.406657221850367989e+01
3.415517188913007374e+01
3.424385446256209065e+01
3.433265845000575922e+01
3.442161825467536573e+01
3.451076372249847424e+01
3.460011970339697029e+01
3.468970562767547960e+01
3.477953510224216416e+01
3.486961553153944493e+01
3.495994776817070004e+01
3.505052579826259773e+01
