6.170787779625618441e+02
6.170247696643592690e+02
6.169637225514927650e+02
6.168951517880028632e+02
6.168185355748764778e+02
6.167334239857616467e+02
6.166398799412133940e+02
6.165383888880542145e+02
6.164321241256704980e+02
6.163232660114624650e+02
6.162057132805331321e+02
6.160795604703398567e+02
6.159446872948905138e+02
6.158024517679688188e+02
6.156543041698624847e+02
6.154993155500865214e+02
6.153450735390931641e+02
6.151820896156957588e+02
6.150116115135888322e+02
6.148692306819432360e+02
6.147509620879270642e+02
6.146239830752210764e+02
6.144875050890410648e+02
6.143475439312885555e+02
6.142041714900603893e+02
6.140520654161826997e+02
6.138906695302980552e+02
6.137199698389999867e+02
6.135418166702678491e+02
6.133545560565996766e+02
6.131581063956457456e+02
6.129541202100509736e+02
6.127637532280043615e+02
6.125709966819148349e+02
6.123678831530151001e+02
6.121545308069548810e+02
6.119362324941471343e+02
6.117102770586940323e+02
6.114744291920346768e+02
6.112293326771086868e+02
6.109758967369231186e+02
6.107289935606837616e+02
6.104749097141389029e+02
6.102721725745498134e+02
6.100669135524225339e+02
6.098516707364481135e+02
6.096263704474052929e+02
6.093910768712637491e+02
6.091459811393950758e+02
6.088972943149665298e+02
6.086490897951728130e+02
6.083999363273771905e+02
6.081468765336737761e+02
6.078975387317034347e+02
6.076454448024255726e+02
6.073931077420636484e+02
6.071316353215287336e+02
6.068608946979039729e+02
6.065808280857522732e+02
6.062913194767344294e+02
6.059960534046783778e+02
6.056953164824769829e+02
6.053873753102450337e+02
6.050719955572733397e+02
6.047759832983772412e+02
6.044711085854975181e+02
6.041573249382195172e+02
6.038350624656077343e+02
6.035080851049067405e+02
6.031805564623955433e+02
6.028523352963829893e+02
6.025391801019925424e+02
6.022200087256992447e+02
6.019036562975544484e+02
6.015938139241586669e+02
6.012954764824960421e+02
6.009944066488133103e+02
6.006955925504880724e+02
6.003880995282024742e+02
6.000967801953484013e+02
5.998079967635853791e+02
5.995100933991146803e+02
5.992212671598715588e+02
5.989463109754993866e+02
5.986794778660932934e+02
5.984365925204458563e+02
5.981863671218151239e+02
5.979443273104747050e+02
5.977113489057313700e+02
5.974708413112166454e+02
5.972374123640147445e+02
5.969959329984626493e+02
5.967457146958273597e+02
5.964881338157897517e+02
5.962219119545658259e+02
5.959563401001043985e+02
5.957081818574920362e+02
5.955145432335275473e+02
5.953311760546051801e+02
5.951738832483872557e+02
5.950095167854589135e+02
5.948381945736044827e+02
5.946602244714688368e+02
5.944827083483060051e+02
5.943059918005483269e+02
5.941345948708499236e+02
5.939702203746036275e+02
5.938200442550538583e+02
5.936670185766104169e+02
5.935561891745027197e+02
5.934682959674498761e+02
5.933731305273084899e+02
5.932710079172920814e+02
5.931774346604848915e+02
5.930932642399104679e+02
5.930065706827103895e+02
5.929344723124293068e+02
5.928925649151701691e+02
5.928573494233694419e+02
5.928177015506911403e+02
5.927880200756371778e+02
5.927718552161845764e+02
5.927723616450019790e+02
5.927784284749360495e+02
5.927917439721413757e+02
5.928103973631498320e+02
5.928434002893220622e+02
5.928894786450553056e+02
5.929619262871913179e+02
5.930859761751648875e+02
5.932542096546393395e+02
5.934298634627846241e+02
5.936048799343409428e+02
5.937778010482334139e+02
5.939397708072883688e+02
5.941087741497854040e+02
5.942815524363854820e+02
5.944659354841713821e+02
5.946582620788821032e+02
5.948537003677924986e+02
5.950342638206037691e+02
5.952100230140863459e+02
5.954007379183206012e+02
5.955812751208325153e+02
5.957623993620724150e+02
5.959303279438263417e+02
5.960798756553529074e+02
5.962113348568962010e+02
5.963232199264909923e+02
5.964279446290058786e+02
5.966005354596907182e+02
5.967748116072162929e+02
5.969970619887515113e+02
5.972236712274604997e+02
5.974673725594686857e+02
5.977432313887510418e+02
5.980299207995940378e+02
5.983131536720688928e+02
5.986176311933488705e+02
5.989679209137673297e+02
5.993005679499218559e+02
5.996114113709705862e+02
5.999206369468273579e+02
6.002193010387428558e+02
6.005086493283508844e+02
6.007711222202264025e+02
6.010279123966281531e+02
6.012699813042739834e+02
6.014838121070979469e+02
6.016843463223947310e+02
6.018651508072661045e+02
6.020247566192138038e+02
6.021657530808498677e+02
6.022822725304963569e+02
6.023882601582586176e+02
6.024881162551521356e+02
6.025645621131923235e+02
6.026256195079714644e+02
6.027015788409762536e+02
6.028013457559841299e+02
6.028959095412724309e+02
6.029849975241386346e+02
6.030494543617111276e+02
6.030983917831176768e+02
6.031303270993382739e+02
6.031500129286547462e+02
6.031700320042409658e+02
6.031666266348199770e+02
6.031401220785762689e+02
6.030901915273303757e+02
6.030281512126103962e+02
6.029408764878861575e+02
6.028464638705329435e+02
6.027424932409103349e+02
6.026246181906122956e+02
6.025143976504114107e+02
6.024113846043499052e+02
6.022871808687491466e+02
6.021678768602649825e+02
6.020348541376937419e+02
6.018839219931181788e+02
6.017212891196604687e+02
6.015336461218014392e+02
6.013230863409473841e+02
6.010945600327553393e+02
6.008550728178730651e+02
6.006029539602609475e+02
6.003222800471666005e+02
6.000333006387963906e+02
5.997408959361806637e+02
5.994449209085526036e+02
5.991622960206346988e+02
5.988690511412802380e+02
5.985463561418771405e+02
5.982411284510244514e+02
5.979359826113202416e+02
5.976162574782534875e+02
5.972680145733422705e+02
5.969244270926657236e+02
5.965907374513251398e+02
5.962503455735777607e+02
5.958985362525943401e+02
5.955421634447566248e+02
5.951689172431122188e+02
5.947720483978484936e+02
5.943486513533614470e+02
5.939187787409221073e+02
5.934828267993051440e+02
5.930358998315293775e+02
5.925977310624709844e+02
5.921670951515183106e+02
5.917070705489518332e+02
5.912376950485296447e+02
5.907481015154032775e+02
5.902630879162802557e+02
5.897756784598341255e+02
5.892802338756140443e+02
5.887970487725041266e+02
5.883228535374432795e+02
5.878457907741492363e+02
5.873888082788879501e+02
5.869362009690782997e+02
5.864932866708595611e+02
5.860389283558989746e+02
5.855661749719366753e+02
5.850799609190524961e+02
5.846061978938214452e+02
5.841289172157640905e+02
5.836964699630964333e+02
5.832643391433969100e+02
5.828247485853321450e+02
5.823989666486198757e+02
5.819557505832924562e+02
5.815269565216226511e+02
5.811044482802360562e+02
5.806804895482955544e+02
5.802465725427375673e+02
5.798061884548997114e+02
5.793676722416324765e+02
5.789032895036173159e+02
5.784323813902047959e+02
5.779725367217879466e+02
5.774875884477858108e+02
5.769876245687344181e+02
5.764617082452455179e+02
5.759281598816611449e+02
5.753682836220980334e+02
5.747964809846284879e+02
5.742177477961189425e+02
5.736431521572325209e+02
5.731026365327529675e+02
5.725795507670036386e+02
5.720855984871243436e+02
5.715885362481924403e+02
5.710798400755858211e+02
5.705799290251379716e+02
5.701046596677574598e+02
5.696029664803596688e+02
5.691119030244337864e+02
5.686296559087933247e+02
5.681232124007983657e+02
5.676006946219702058e+02
5.670598442775137755e+02
5.664882678691793672e+02
5.658918328102339501e+02
5.652739615377706741e+02
5.646522836982285298e+02
5.640701182463106989e+02
5.634899686900571396e+02
5.628752221062976560e+02
5.622479492914345656e+02
5.616039084499018372e+02
5.609647511557859616e+02
5.603317700324271300e+02
5.597401668466205820e+02
5.591892036518069062e+02
5.586275629173554762e+02
5.580895027938969406e+02
5.575224173315931466e+02
5.569251763314970276e+02
5.563093255258911540e+02
5.557211630890402603e+02
5.551248156549373789e+02
5.545098805436025486e+02
5.538767659335435383e+02
5.532463425527757863e+02
5.526369757242566720e+02
5.520008886140423101e+02
5.513390597867696670e+02
5.506593361543297078e+02
5.499638893855617425e+02
5.492502665097046020e+02
5.485362604644869862e+02
5.478751147744873151e+02
5.472077583146367488e+02
5.465298837862218306e+02
5.458357320723678185e+02
5.451213787787174851e+02
5.443944063152880517e+02
5.436510138350098487e+02
5.428908343298645605e+02
5.421231017105178580e+02
5.413235958343616403e+02
5.405416665012248814e+02
5.397519088786982593e+02
5.389718968803812231e+02
5.381853649872462029e+02
5.374297018872400713e+02
5.367145120959082760e+02
5.359708890724373305e+02
5.351971217747698120e+02
5.343948507783585455e+02
5.335744256945775987e+02
5.327258418127541972e+02
5.318687598454324643e+02
5.310107103861331552e+02
5.301400404138562408e+02
5.292541998895371762e+02
5.283604991472915344e+02
5.274511725171737453e+02
5.265162488826217668e+02
5.255769976537654884e+02
5.246366924010447974e+02
5.237099953515526067e+02
5.227675667912467361e+02
5.218110113610698590e+02
5.208508230560969423e+02
5.198880958382845847e+02
5.189928894885092632e+02
5.181161657676593677e+02
5.172396493772599797e+02
5.163467763883668340e+02
5.154513933503523049e+02
5.145379966584680460e+02
5.136116079212092700e+02
5.127377616213414058e+02
5.119027274940021925e+02
5.110471132029533692e+02
5.101847434774933845e+02
5.093151277087109747e+02
5.084723016473112693e+02
5.076694852970126135e+02
5.068573064449709591e+02
5.060532633556377959e+02
5.052543814622646892e+02
5.044766629549036452e+02
5.037046011188911052e+02
5.029158378076627400e+02
5.021651621273709907e+02
5.013994832108807600e+02
5.006375881296663692e+02
4.998767998497593226e+02
4.991689056253958370e+02
4.984454819678677495e+02
4.976955039655410928e+02
4.969217525769252575e+02
4.961293070522126527e+02
4.953674408635559416e+02
4.945946159886992746e+02
4.938525817819547683e+02
4.931401917469411273e+02
4.924220549582506692e+02
4.917140524411427123e+02
4.910314539329751256e+02
4.903554565742973637e+02
4.896968275711012666e+02
4.890202174301702485e+02
4.883494238677759540e+02
4.876574201495280931e+02
4.869636747625307862e+02
4.862620787191495424e+02
4.855465942510902551e+02
4.848377604372675478e+02
4.841467618478104669e+02
4.834631220131178679e+02
4.828148824915790556e+02
4.821752110677319934e+02
4.815282950464763303e+02
4.808876352014181634e+02
4.802441399079048097e+02
4.796047673976385113e+02
4.789509265081005083e+02
4.783222269519379779e+02
4.777121282090917020e+02
4.770839893523363457e+02
4.764402423124446955e+02
4.758589255934765561e+02
4.752979786473032391e+02
4.747173355329474020e+02
4.741104177741791545e+02
4.734753666134390642e+02
4.728305720330585018e+02
4.722125507167527303e+02
4.716115123749634677e+02
4.709796319254937771e+02
4.703206047508377310e+02
4.696736082448775278e+02
4.690027417114052923e+02
4.683257347982910801e+02
4.676470261048630732e+02
4.669513026147161554e+02
4.662539018168504299e+02
4.655331055969615477e+02
4.647732226188093705e+02
4.639852078445869097e+02
4.631920920738733685e+02
4.623914690311972322e+02
4.615793228112845554e+02
4.607466260514393639e+02
4.599074572937859102e+02
4.590916500800184963e+02
4.583085102324483842e+02
4.575191343798149433e+02
4.567068340220062623e+02
4.559168431928499103e+02
4.550997410232346851e+02
4.542602038122189470e+02
4.533802416077439830e+02
4.524769003304378430e+02
4.515266248933932047e+02
4.505291725904158966e+02
4.494927556909151463e+02
4.484269299112125964e+02
4.473682033416436639e+02
4.463547905583959619e+02
4.453472515484643282e+02
4.443175971774612094e+02
4.433000637512938056e+02
4.422856130026938217e+02
4.412860845321897045e+02
4.403045789964135679e+02
4.392971363556387132e+02
4.382658552630691702e+02
4.371994048586250869e+02
4.360847369376189135e+02
4.349217568797607782e+02
4.337463895043646289e+02
4.325484037442736280e+02
4.313144506457460352e+02
4.300813651970229330e+02
4.288409106567523850e+02
4.275660198863807295e+02
4.262989189767258154e+02
4.250165075743604461e+02
4.237074049239132592e+02
4.223506454690734699e+02
4.209834154520093534e+02
4.196200206412745501e+02
4.182382257375345489e+02
4.168833643192687646e+02
4.155560090053018030e+02
4.141988056039890580e+02
4.128044746718966280e+02
4.114108777474834824e+02
4.100359206368440823e+02
4.086383363336080379e+02
4.072087219599758896e+02
4.057543632802536422e+02
4.043047452670022039e+02
4.028344041692786277e+02
4.013420830279292204e+02
3.998354151134537915e+02
3.983084969092892607e+02
3.967580077947465043e+02
3.951922620725196111e+02
3.936579254148409746e+02
3.921419809829296810e+02
3.906251462679563815e+02
3.891181822016906153e+02
3.875989003466283407e+02
3.860871049905508698e+02
3.845816063100777455e+02
3.830636908528403524e+02
3.815571255871440144e+02
3.800684476435835677e+02
3.785634470578085029e+02
3.770417403319953564e+02
3.755246842384977981e+02
3.740367659520174470e+02
3.725467805047594538e+02
3.710353216290411638e+02
3.695329690935491271e+02
3.680554028976368386e+02
3.665905202086086092e+02
3.650994990838202057e+02
3.635807901906756570e+02
3.620655299460702850e+02
3.605622335728838834e+02
3.591125346305460653e+02
3.576725923630087891e+02
3.562214329423609342e+02
3.547654726680373187e+02
3.532953149174600185e+02
3.518591984267791872e+02
3.504415254102793256e+02
3.490663859451593680e+02
3.476984077283708530e+02
3.463268619868956648e+02
3.450007038613964596e+02
3.436849749194513493e+02
3.423695743745586242e+02
3.410324647006232226e+02
3.396644991133294980e+02
3.383330494693123001e+02
3.370098107221755868e+02
3.356903499084019131e+02
3.343606078087030369e+02
3.330394245852228323e+02
3.317424213472622228e+02
3.304685526008438501e+02
3.292225790846092082e+02
3.280032005685511649e+02
3.267582946976384619e+02
3.254784157484623393e+02
3.241649213817786972e+02
3.228581234101076234e+02
3.216089583127117635e+02
3.203427908439359726e+02
3.190719904761886596e+02
3.178251156054570288e+02
3.165754137061218216e+02
3.153017889616326102e+02
3.140225649353020572e+02
3.127932650694532981e+02
3.115313243899047961e+02
3.102472595474932291e+02
3.089315913188753484e+02
3.075891819477903937e+02
3.062307335937240396e+02
3.048533177460180923e+02
3.034553283866432594e+02
3.020627749921530381e+02
3.006804520424137195e+02
2.992851616610313386e+02
2.978508626115961988e+02
2.963940292304428681e+02
2.949151684006673122e+02
2.934204845614704027e+02
2.918974548519391305e+02
2.903488347573148758e+02
2.888308491822270412e+02
2.873119377552443439e+02
2.857811758449530544e+02
2.842393436363682895e+02
2.826914604604564829e+02
2.811097720434452754e+02
2.795092780440334650e+02
2.779014422064838072e+02
2.763380856764040345e+02
2.747836498320989449e+02
2.732663169290016185e+02
2.717857921544576811e+02
2.702679799194591510e+02
2.687405529924216125e+02
2.672322878378336100e+02
2.657383295155194673e+02
2.642377909232287720e+02
2.627073238072741219e+02
2.611601815695100299e+02
2.595855179633671241e+02
2.579847125046887300e+02
2.563580464138337902e+02
2.547197467114152118e+02
2.530738134641152612e+02
2.514385800306089322e+02
2.497860472234050349e+02
2.481362624421329883e+02
2.464686185718987304e+02
2.447875110536543843e+02
2.431104017859940143e+02
2.414271688641671005e+02
2.397231114494182407e+02
2.380301132192839191e+02
2.363354437402130088e+02
2.346154073214626976e+02
2.328741646805459879e+02
2.311331783610568493e+02
2.293654523780334671e+02
2.276081802297370018e+02
2.258805484197434907e+02
2.241473790706026534e+02
2.224125277395639841e+02
2.207068884065406849e+02
2.190008071002262966e+02
2.172980994136021309e+02
2.155863085546410503e+02
2.138683408610858123e+02
2.121350249539094648e+02
2.104465471571927537e+02
2.087732790786729993e+02
2.070769690831200478e+02
2.053537741400940888e+02
2.036532844819999468e+02
2.019583514701742502e+02
2.002471518564200892e+02
1.985101394762962173e+02
1.968355954592088324e+02
1.951494237208823677e+02
1.934405872921866774e+02
1.917406623948789388e+02
1.900355438116839366e+02
1.883129906307274837e+02
1.866071342414042817e+02
1.849025608527569773e+02
1.832075144384163536e+02
1.815143118637172677e+02
1.798627739712775906e+02
1.782028447418954897e+02
1.765230383054777974e+02
1.748324630405655284e+02
1.731379077135159719e+02
1.714910212110607404e+02
1.698299236634816793e+02
1.681404076811076607e+02
1.664490102759286856e+02
1.647528752679524473e+02
1.630605502414820762e+02
1.613689592220262057e+02
1.596460538837631020e+02
1.579075527779172887e+02
1.561681144783126740e+02
1.544801995083783765e+02
1.528344865153989645e+02
1.511993081921696103e+02
1.495735178908096827e+02
1.479277510431128633e+02
1.462840527802381132e+02
1.446439566027777346e+02
1.429845314634069666e+02
1.413258476379129434e+02
1.396782757358369338e+02
1.380369556482374094e+02
1.364115178931931212e+02
1.347619442276655946e+02
1.330941296948024046e+02
1.314053217192243892e+02
1.297386449262267831e+02
1.280449976828601564e+02
1.263299277237498757e+02
1.246308478712892764e+02
1.229904106198547993e+02
1.213375799345745776e+02
1.197055856305020001e+02
1.180809418256159091e+02
1.164457472280697488e+02
1.147968020686334967e+02
1.131232191793837814e+02
1.114195325497710201e+02
1.097016699775813322e+02
1.080682531275152058e+02
1.064192237033277308e+02
1.047574910714543961e+02
1.031134617734119843e+02
1.015046447060744867e+02
9.994346541710766019e+01
9.835365819598914072e+01
9.673503873934561170e+01
9.508860889653180948e+01
9.347440224340033410e+01
9.186068749511657927e+01
9.025307661114484858e+01
8.863083139718939663e+01
8.699696988984572954e+01
8.535590451628303299e+01
8.369472778781717182e+01
8.204797991438145743e+01
8.039795581983509010e+01
7.875958483538215660e+01
7.713796379480444898e+01
7.549069326813949488e+01
7.381771730748980076e+01
7.211906819831435200e+01
7.040090876808416454e+01
6.867317907334083316e+01
6.694012874261827051e+01
6.523407189565797637e+01
6.356463170857290379e+01
6.190467770882895593e+01
6.023700160819821292e+01
5.855571978550773338e+01
5.686280991268611729e+01
5.517822969121007048e+01
5.352348103616738229e+01
5.184994673398260545e+01
5.015137264419281848e+01
4.847712416551308934e+01
4.680194928119372832e+01
4.511208574164373886e+01
4.340795747399842952e+01
4.173447358655402439e+01
4.004908089910378521e+01
3.833943823381842719e+01
3.660417305556134693e+01
3.484388936039049867e+01
3.306979688596146616e+01
3.127672191966110660e+01
2.950264916848502139e+01
2.773660916703130397e+01
2.597033951290081433e+01
2.420254378164558062e+01
2.243914732503937159e+01
2.070614792919919722e+01
1.896373075531383279e+01
1.721157389534273818e+01
1.548382856961264054e+01
1.375340477239570447e+01
1.199742622510554213e+01
1.026383818421842165e+01
8.557326328360360890e+00
6.912260489232657790e+00
5.247365046181251103e+00
3.555682154887612967e+00
1.841245256090161320e+00
1.215263438823868114e-01
-1.588981313081831104e+00
-3.296238559509973243e+00
-5.000347146098803819e+00
-6.683440908765383881e+00
-8.367836663590665580e+00
-1.005309595980359916e+01
-1.173229015154638688e+01
-1.341509027863075687e+01
-1.510542156928090662e+01
-1.680074904955093018e+01
-1.851840024507007598e+01
-2.023676681580513304e+01
-2.195517341730231209e+01
-2.367930881128538090e+01
-2.537731246314987743e+01
-2.707073876547600833e+01
-2.877790340710827621e+01
-3.045884785250122206e+01
-3.213422625080882966e+01
-3.382515182848318602e+01
-3.551339599409902803e+01
-3.718239116898011787e+01
-3.884769396696870558e+01
-4.051380481667144551e+01
-4.217821897699519695e+01
-4.385219981132237166e+01
-4.550732671941309349e+01
-4.715588225961506907e+01
-4.879257249899715987e+01
-5.042389833919212094e+01
-5.205218241197738394e+01
-5.367621706561509143e+01
-5.528079579666716370e+01
-5.687850327242783521e+01
-5.847542256125166205e+01
-6.005513500729725251e+01
-6.163539057952013422e+01
-6.319804362372899220e+01
-6.474133787573772736e+01
-6.626831988440923737e+01
-6.779929450252069500e+01
-6.932204329519723274e+01
-7.083160270870220643e+01
-7.231607939810692187e+01
-7.379995379855773763e+01
-7.529025395965234679e+01
-7.675691041146365023e+01
-7.821352679655953466e+01
-7.967208668192554910e+01
-8.113967241230966465e+01
-8.262098918673433445e+01
-8.411682536298417290e+01
-8.561664289045121734e+01
-8.709804678255042631e+01
-8.855956668997528425e+01
-9.002185085086077265e+01
-9.149581499545143970e+01
-9.297192711432310830e+01
-9.440161458008009276e+01
-9.579826838968394043e+01
-9.720492647551239429e+01
-9.861589453356162949e+01
-1.000208582904113825e+02
-1.014292456316186417e+02
-1.028202824319054685e+02
-1.042231999485836127e+02
-1.055575677862978807e+02
-1.068702750752768083e+02
-1.081803081187205322e+02
-1.094842998795122924e+02
-1.107701455686082710e+02
-1.120639876442680531e+02
-1.133261412641425068e+02
-1.145687786983287992e+02
-1.158272986067631223e+02
-1.170887183000312319e+02
-1.183590989636643940e+02
-1.196356037895536417e+02
-1.208939263721736097e+02
-1.221068401485969872e+02
-1.233286981281806192e+02
-1.245649870190941044e+02
-1.257891272862235610e+02
-1.269996367945987146e+02
-1.281678344679287420e+02
-1.293049177340429026e+02
-1.304362647902956098e+02
-1.315802285352135073e+02
-1.327025753920560760e+02
-1.338050259789856113e+02
-1.348932936961462303e+02
-1.359456884036342217e+02
-1.370011947710276559e+02
-1.380469725749098018e+02
-1.390839396391047558e+02
-1.401199247734016353e+02
-1.411424226193884124e+02
-1.421355852590810684e+02
-1.431377582730165159e+02
-1.441261649440349402e+02
-1.450999364614702358e+02
-1.460582923401065329e+02
-1.470062776697958213e+02
-1.478914595463355113e+02
-1.487691159610160980e+02
-1.496532655140447901e+02
-1.505434263795179106e+02
-1.514301159760681230e+02
-1.523008427298906611e+02
-1.531593937305096347e+02
-1.540099856743815394e+02
-1.548344562212769517e+02
-1.556627982869280515e+02
-1.564899149686555688e+02
-1.573162008150922588e+02
-1.581399193205021732e+02
-1.589404580907207105e+02
-1.597301480233485336e+02
-1.604915710064969971e+02
-1.612547842078034250e+02
-1.620000621346615901e+02
-1.627366107546261844e+02
-1.634739867565283475e+02
-1.642057070432779540e+02
-1.649309279206861731e+02
-1.655732676175341282e+02
-1.662097093216502230e+02
-1.668466476369802081e+02
-1.674840441052369329e+02
-1.681216201756839155e+02
-1.687594644693724604e+02
-1.693975386627438979e+02
-1.700243929143963442e+02
-1.706396174385659776e+02
-1.712381264309155426e+02
-1.718334742610709895e+02
-1.724154253669836123e+02
-1.729892644328984943e+02
-1.735628968860158352e+02
-1.741189637601228242e+02
-1.746578440988864998e+02
-1.751584709135455569e+02
-1.756587685154968312e+02
-1.761628441157559450e+02
-1.766718262080309501e+02
-1.771722404220097076e+02
-1.776636967842284207e+02
-1.781571111884482832e+02
-1.786432207549205486e+02
-1.791250969396889730e+02
-1.795995688967591661e+02
-1.800793382771124698e+02
-1.805640022066201027e+02
-1.810494139071068389e+02
-1.815042841991792386e+02
-1.819363735350607669e+02
-1.823737168449979720e+02
-1.828082116412072082e+02
-1.832126182992105043e+02
-1.836209755626382218e+02
-1.840323022960888579e+02
-1.844284922454697266e+02
-1.848194219872699477e+02
-1.852140859809339304e+02
-1.856127516143655498e+02
-1.860039436650709206e+02
-1.863951853896034550e+02
-1.867911966723520436e+02
-1.871906481771030997e+02
-1.875881113229907555e+02
-1.879675137274879830e+02
-1.883509309591157717e+02
-1.887338880098922687e+02
-1.891224908916838672e+02
-1.895169254587403316e+02
-1.899174472826595093e+02
-1.903233702158741494e+02
-1.907240749356575407e+02
-1.911271484778249601e+02
-1.915359482047342397e+02
-1.919509322907643991e+02
-1.923699014769523501e+02
-1.927923003995985596e+02
-1.932170204350525182e+02
-1.936273072581100223e+02
-1.940373186688381111e+02
-1.944452246023311091e+02
-1.948307061003789045e+02
-1.952147357188164278e+02
-1.955728356973980340e+02
-1.959344292505298313e+02
-1.963008775808549728e+02
-1.966720622978970425e+02
-1.970479872967111419e+02
-1.974039160719611345e+02
-1.977573435372954123e+02
-1.981049089234971063e+02
-1.984489821109403351e+02
-1.987963947122389641e+02
-1.991411341511229978e+02
-1.994828986046338173e+02
-1.998271649070728415e+02
-2.001738225597397332e+02
-2.005225778647892412e+02
-2.008732417533886405e+02
-2.012255574886041245e+02
-2.015791440767214340e+02
-2.019335562913388458e+02
-2.022882978193607073e+02
-2.026364891286343095e+02
-2.029746717079977714e+02
-2.033062580391029428e+02
-2.036180664601434103e+02
-2.038911436783445197e+02
-2.041615257949085560e+02
-2.044288221406994523e+02
-2.046941704568490650e+02
-2.049448431391189729e+02
-2.051924852427678445e+02
-2.054389132502979578e+02
-2.056841735599152230e+02
-2.059281957379167807e+02
-2.061701424493615491e+02
-2.064108422416381927e+02
-2.066492991931391714e+02
-2.068824017475060941e+02
-2.071125761911166592e+02
-2.073406974679846257e+02
-2.075592173766856945e+02
-2.077641092247549750e+02
-2.079668930659507282e+02
-2.081419429501755474e+02
-2.082965477250228901e+02
-2.084473567421720475e+02
-2.085949672070854604e+02
-2.087337453643920924e+02
-2.088688687608201917e+02
-2.090018328621645765e+02
-2.091324682119123395e+02
-2.092592851977424289e+02
-2.093830371455362922e+02
-2.095044689237241471e+02
-2.096234786586792893e+02
-2.097266672549461930e+02
-2.097863059050228571e+02
-2.098432223644956309e+02
-2.098969897340932675e+02
-2.099479801174939269e+02
-2.099958892050452732e+02
-2.100270056203919751e+02
-2.100493805858656629e+02
-2.100609329985364582e+02
-2.100681033606036863e+02
-2.100719816669245006e+02
-2.100731456824603924e+02
-2.100715802439690663e+02
-2.100653791060580033e+02
-2.100441382318691694e+02
-2.100210886088732991e+02
-2.099956800962344232e+02
-2.099685402346943022e+02
-2.099403714044279639e+02
-2.099111381296501690e+02
-2.098796042269065083e+02
-2.098469400735642978e+02
-2.098135311346282776e+02
