1.066154458559885541e+02
1.066226678837551418e+02
1.066281417047754019e+02
1.066318232701280806e+02
1.066336757410440867e+02
1.066336696839280478e+02
1.066317832000265042e+02
1.066280019888463926e+02
1.066248581925314198e+02
1.066253649075224246e+02
1.066239798121789022e+02
1.066207187596965866e+02
1.066156045352851294e+02
1.066086665369445683e+02
1.065999404006482507e+02
1.065894675738205279e+02
1.065772948414951600e+02
1.065637412395279142e+02
1.065516219956708710e+02
1.065554489137533380e+02
1.065862417280938530e+02
1.066168382107790364e+02
1.066480459359440403e+02
1.066838899580866666e+02
1.067242210577693413e+02
1.067632443831032703e+02
1.068010059942233170e+02
1.068375555879793808e+02
1.068793842966288707e+02
1.069221300673804365e+02
1.069638347043540705e+02
1.070045617077820168e+02
1.070443772430079150e+02
1.070833497248374186e+02
1.071215493315356611e+02
1.071590474529716772e+02
1.071959160788549923e+02
1.072322271343578848e+02
1.072680517716535746e+02
1.073042710055471503e+02
1.073421814842220670e+02
1.073805032490806468e+02
1.074186007876469944e+02
1.074941079812404041e+02
1.075740968211710822e+02
1.076539939997744000e+02
1.077340285249618290e+02
1.078158078701048197e+02
1.078975620078815751e+02
1.079810413836792549e+02
1.080667139922165774e+02
1.081523668558797340e+02
1.082379878894061989e+02
1.083235581154288525e+02
1.084090518559227689e+02
1.084944369991869166e+02
1.085796753392151572e+02
1.086647229828905381e+02
1.087509865665593054e+02
1.088387950582952612e+02
1.089338958620620730e+02
1.090308425163697024e+02
1.091273134813130099e+02
1.092232429244014185e+02
1.093185634371106687e+02
1.094132066846357247e+02
1.095071040385173831e+02
1.096001871814063975e+02
1.096940367886325589e+02
1.097878290310763418e+02
1.098806096626382072e+02
1.099723169251415698e+02
1.100628916579136671e+02
1.101528377926209856e+02
1.102450736742254378e+02
1.103360176669761046e+02
1.104256231367314456e+02
1.105138466292856663e+02
1.106006477793438592e+02
1.106859891615797835e+02
1.107698360915620981e+02
1.108521563854656478e+02
1.109517052785715947e+02
1.110763412527635410e+02
1.112150224883020542e+02
1.113840112289298361e+02
1.115511672895968474e+02
1.117164017972970385e+02
1.118796323760410445e+02
1.120407844943568705e+02
1.121997927208002039e+02
1.123566018672711664e+02
1.125170047075030766e+02
1.127122115707552581e+02
1.129050815583688205e+02
1.130955722082864838e+02
1.132836567164987969e+02
1.134693249523566720e+02
1.136525842152224612e+02
1.138337293747688506e+02
1.140146779161168382e+02
1.141933474491659126e+02
1.143698169650716920e+02
1.145441822787302186e+02
1.147165549933241095e+02
1.148870611715125278e+02
1.150558397283673742e+02
1.152230405660667998e+02
1.153890261031010596e+02
1.155735568622804976e+02
1.157763831442819935e+02
1.159820142375457834e+02
1.161948750987940855e+02
1.164070326820337300e+02
1.166186158280621328e+02
1.168297479973933832e+02
1.170405453489617003e+02
1.172716739245956177e+02
1.175167646773475099e+02
1.177620371788643752e+02
1.180114600447292759e+02
1.183076609435240272e+02
1.186037712928378767e+02
1.188997473636974860e+02
1.191955325202554974e+02
1.194910578726554320e+02
1.197862430071116933e+02
1.200809967816532975e+02
1.203768987838732869e+02
1.206727742118797835e+02
1.209678894257402959e+02
1.212621193638521504e+02
1.215553327755022934e+02
1.218473931543885698e+02
1.221381596522531510e+02
1.224274879609242248e+02
1.227152311514961696e+02
1.230012404599276294e+02
1.232853660090145098e+02
1.235674574575046165e+02
1.238473645680720097e+02
1.241249376869618573e+02
1.244000281293493231e+02
1.246750702058557465e+02
1.249522637321737761e+02
1.252282181912132586e+02
1.255011102633293376e+02
1.257707989014435270e+02
1.260371442117194931e+02
1.263050436186598802e+02
1.266402776657514693e+02
1.269748586637007577e+02
1.273059726089838790e+02
1.276341374498316412e+02
1.279598771640832666e+02
1.282823839929188239e+02
1.286000284301826753e+02
1.289126216452920630e+02
1.292332318722331195e+02
1.295920001987229284e+02
1.299497510511211829e+02
1.303016045457277983e+02
1.306480579885378290e+02
1.309892694598675007e+02
1.313239534331054301e+02
1.316519278405169189e+02
1.319730255751092898e+02
1.322870945527124320e+02
1.325939974105483259e+02
1.328936108504174456e+02
1.331858246427775327e+02
1.334705403157859678e+02
1.337805664489575292e+02
1.340886357758486440e+02
1.343888947824459024e+02
1.346812380734097303e+02
1.349655647286211604e+02
1.352417768211105908e+02
1.355247158197478825e+02
1.358239473347174453e+02
1.361147218609706329e+02
1.363969019406171128e+02
1.366718142664431923e+02
1.369384672418759692e+02
1.371960995666738654e+02
1.374567418383354322e+02
1.377436347347000378e+02
1.380210105822029618e+02
1.382949213335926686e+02
1.385615135532954980e+02
1.388180165574357261e+02
1.390642419480133469e+02
1.393000043793382190e+02
1.395251227539577883e+02
1.397394213846984030e+02
1.399427310990220406e+02
1.401348902627613882e+02
1.403157457017375123e+02
1.404851535017506023e+02
1.406429796699383985e+02
1.407891006434716417e+02
1.409234036349324697e+02
1.410457868074341263e+02
1.411561592764976183e+02
1.412544409398097116e+02
1.413405621401484495e+02
1.414144631708600741e+02
1.414760936372117044e+02
1.415355233737905678e+02
1.416049390486724064e+02
1.416628729912262656e+02
1.417418961146185836e+02
1.418153967679663765e+02
1.418762468946983120e+02
1.419243740237972702e+02
1.419615867722803841e+02
1.419900174771455568e+02
1.420299105443992858e+02
1.420784238297497950e+02
1.421433308215561055e+02
1.421951518326638393e+02
1.422374516151969033e+02
1.422748562128262222e+02
1.422990362894501004e+02
1.423099858748638269e+02
1.423077210718322760e+02
1.422922809390105670e+02
1.422637280781530933e+02
1.422221682163361720e+02
1.421706364983309072e+02
1.421063226020128241e+02
1.420293832652178594e+02
1.419399971623707302e+02
1.418383637224790732e+02
1.417247016972139022e+02
1.415992475026467048e+02
1.414622533612363497e+02
1.413139852731451924e+02
1.411547208478878019e+02
1.409847470286577504e+02
1.408363698797091956e+02
1.406862075754033867e+02
1.405261612461453069e+02
1.403564956315391044e+02
1.401774755690688892e+02
1.399929999432745262e+02
1.398286420149620142e+02
1.396556686802283878e+02
1.394742947940397073e+02
1.392847310825699481e+02
1.390871840206834236e+02
1.388818557235858577e+02
1.386689438372801533e+02
1.384486414133835126e+02
1.382211367552551451e+02
1.379866132241929506e+02
1.377452489966150324e+02
1.374972167655704709e+02
1.372426833825493588e+02
1.369818094382940501e+02
1.367147487840771589e+02
1.364416479976230505e+02
1.361693373987356779e+02
1.359286028372088708e+02
1.356857531051643946e+02
1.354380306297132393e+02
1.351847567043652987e+02
1.349259896854442502e+02
1.346617798179497356e+02
1.343992007492254857e+02
1.341663971295524789e+02
1.339282102795416165e+02
1.336846229444700782e+02
1.334356125777278521e+02
1.331811523876339152e+02
1.329212123482489005e+02
1.326557601652794744e+02
1.323847621890886330e+02
1.321325068984301083e+02
1.318816091148991916e+02
1.316249974110168921e+02
1.313626048722091753e+02
1.310943695846665094e+02
1.308202360348122113e+02
1.305401563474152340e+02
1.302540913442816759e+02
1.299731266064886768e+02
1.297190484889464983e+02
1.294588804043518167e+02
1.291925882569630062e+02
1.289201508815836803e+02
1.286415606896560746e+02
1.283568240549172685e+02
1.280659614344851605e+02
1.278135730838376247e+02
1.275632353903159242e+02
1.273117236217107404e+02
1.270879838069322716e+02
1.268591422916099702e+02
1.266460792610982082e+02
1.264539819858446918e+02
1.262647578467904736e+02
1.260696660503845123e+02
1.259007427595465032e+02
1.257519774316493653e+02
1.256305528188404708e+02
1.255034027194909925e+02
1.253705720918596995e+02
1.252321228576067540e+02
1.250881340112791520e+02
1.249387013856969020e+02
1.248028835151231704e+02
1.247107290822919907e+02
1.246673387019455532e+02
1.246192948440872641e+02
1.245662931165697671e+02
1.245122956592929881e+02
1.244798517176308081e+02
1.244495450839477257e+02
1.244163657093373700e+02
1.243787625691943362e+02
1.243368671964227019e+02
1.242917945106203490e+02
1.242819538382097164e+02
1.242834104966215563e+02
1.242811558335642701e+02
1.242781476278981074e+02
1.243494156990128943e+02
1.244347123244958055e+02
1.245167840296553265e+02
1.245973222955004616e+02
1.246761644408367005e+02
1.247524880182024845e+02
1.248259519955054628e+02
1.248966471179777500e+02
1.249646617802715127e+02
1.250300807961530296e+02
1.250943499205027081e+02
1.251566205870247614e+02
1.252165154047749098e+02
1.252740914125762401e+02
1.253664759930262562e+02
1.255024965460157205e+02
1.256871959389236508e+02
1.258824361171640334e+02
1.260751787538597171e+02
1.262653101497032821e+02
1.264527078760584118e+02
1.266377693337158803e+02
1.268512437370081471e+02
1.270615380083245896e+02
1.272684693834228256e+02
1.274718539391682981e+02
1.276715083718651869e+02
1.278672515785474388e+02
1.280843730988389382e+02
1.283206302945401092e+02
1.285524330273852911e+02
1.287796039978448164e+02
1.290019733268690914e+02
1.292193789612339287e+02
1.294316667869481421e+02
1.296386904612355124e+02
1.298403109799609183e+02
1.300363960032026398e+02
1.302726411110739093e+02
1.305263140747158559e+02
1.307749812972615757e+02
1.310563774004694153e+02
1.313313335842011327e+02
1.315996378255316870e+02
1.318610869041325486e+02
1.321539979869245656e+02
1.324470629764474552e+02
1.327326579239936564e+02
1.330105884948833932e+02
1.332806748154941658e+02
1.335427523068431981e+02
1.337966722590212783e+02
1.340524169445043583e+02
1.343215728719873994e+02
1.345821719042726556e+02
1.348340925488746507e+02
1.351191999398180315e+02
1.354064678064677310e+02
1.356847416915853444e+02
1.359539389508718727e+02
1.362139941855214431e+02
1.364648587452406048e+02
1.367064999387428372e+02
1.369388999631470085e+02
1.371620545687121364e+02
1.373759714801148277e+02
1.375806685999270371e+02
1.377800072871151542e+02
1.380094511170198928e+02
1.382297282747345264e+02
1.384408394684778045e+02
1.386612452925870684e+02
1.388841616122091693e+02
1.390978529156545278e+02
1.393022788472703439e+02
1.394973967394169279e+02
1.396831611644825273e+02
1.398595234992828580e+02
1.400264315053651671e+02
1.401838289290926127e+02
1.403425867014650237e+02
1.405634897582080782e+02
1.407841723905109745e+02
1.409949581150494851e+02
1.411957098663572481e+02
1.413862890965492340e+02
1.415665569922849159e+02
1.417363756553402823e+02
1.418956092295366886e+02
1.420441249580917997e+02
1.421817941569991888e+02
1.423084930917790700e+02
1.424241037468365221e+02
1.425285144786994636e+02
1.426216205465462110e+02
1.427033245156477790e+02
1.427746650345804937e+02
1.428392974064321663e+02
1.428922817245707506e+02
1.429335515921521846e+02
1.429630480333770777e+02
1.429807191671938824e+02
1.429865197842044608e+02
1.429804108385621930e+02
1.429623588679370982e+02
1.429586668544939130e+02
1.429485591832960267e+02
1.429263659640371884e+02
1.428920337094771469e+02
1.428455138716779516e+02
1.427867630487686199e+02
1.427157431428535972e+02
1.426324214642620518e+02
1.425367707782124285e+02
1.424287692909513510e+02
1.423368604355397338e+02
1.422637095851704316e+02
1.422152170909555480e+02
1.421542013590086526e+02
1.420806021475568457e+02
1.419943681634665325e+02
1.418954581117455405e+02
1.417838415950754722e+02
1.416762355846854291e+02
1.415886155683451477e+02
1.414882227842880980e+02
1.413750420655002529e+02
1.412490728864688663e+02
1.411103299319350128e+02
1.409588434325910953e+02
1.407946592645205328e+02
1.406178388136017929e+02
1.404284586105150936e+02
1.402878938623537692e+02
1.401670388487684136e+02
1.400338549685334044e+02
1.398884221495524400e+02
1.397308340154391715e+02
1.395611976908582790e+02
1.393796334509679014e+02
1.392110236086566601e+02
1.390361371705905640e+02
1.388584135386615515e+02
1.386959438228431338e+02
1.385221388029878824e+02
1.383371175633496364e+02
1.381410136168935310e+02
1.379339755369942964e+02
1.377161674037816965e+02
1.374877690507166221e+02
1.372489761001823183e+02
1.370057109535771644e+02
1.367545024336004076e+02
1.364935787233708027e+02
1.362231949752161597e+02
1.359436190002318767e+02
1.356551300031117933e+02
1.353580171277441480e+02
1.350525778299961246e+02
1.347391160966319887e+02
1.344179405314291671e+02
1.341113887164728453e+02
1.338287320736415325e+02
1.335392520462341963e+02
1.332432258562519678e+02
1.329409263137345647e+02
1.326843124011536759e+02
1.324233938887859665e+02
1.321685393367309871e+02
1.319398377643996696e+02
1.317059613690697404e+02
1.314670682632168450e+02
1.312233069703533772e+02
1.309748165460611347e+02
1.307217266834952909e+02
1.304641577917644781e+02
1.302022210371297319e+02
1.299360183388868961e+02
1.296656423140422305e+02
1.293911761673803937e+02
1.291126935261822837e+02
1.288735700807524722e+02
1.286404324952964657e+02
1.284033874490465337e+02
1.281624404622627367e+02
1.279175878834982001e+02
1.276688171578123701e+02
1.274161070672294471e+02
1.271594279504935514e+02
1.268987419100758984e+02
1.266574684501445063e+02
1.264289764552605533e+02
1.262002791451397599e+02
1.259677948126350060e+02
1.257664859522300560e+02
1.255655755388117001e+02
1.253889360360849281e+02
1.252074008202187798e+02
1.250208181155347376e+02
1.248290406719275722e+02
1.246458460251478328e+02
1.244965245246703347e+02
1.243415760863244941e+02
1.241808610147688796e+02
1.240142525839051757e+02
1.238416383192261492e+02
1.236629209688397850e+02
1.234780191489202252e+02
1.232868676552892850e+02
1.230894174390255955e+02
1.228856352502936318e+02
1.226755029608279131e+02
1.224931257303894085e+02
1.223323454055977209e+02
1.221651218959381708e+02
1.219959675985698340e+02
1.218273996550622797e+02
1.216523009854317507e+02
1.214706676197265836e+02
1.213020896428600537e+02
1.211399867092344635e+02
1.209856293151080706e+02
1.208599046548787896e+02
1.207429156617204313e+02
1.206192550480029411e+02
1.204888758031183613e+02
1.203517428500812230e+02
1.202078335019361361e+02
1.200571376237563044e+02
1.198996574935409285e+02
1.197354073621546320e+02
1.196024395466770471e+02
1.194791834812598950e+02
1.193869588914967750e+02
1.192879859190653917e+02
1.191822686569079934e+02
1.190698198332776769e+02
1.189506600947136832e+02
1.188248170969439741e+02
1.186923244273672964e+02
1.185586236106988451e+02
1.184491336089364779e+02
1.183330735098367938e+02
1.182104502874961582e+02
1.180812720093091457e+02
1.179455472689941615e+02
1.178313377869099696e+02
1.177265675201521589e+02
1.176152126944910208e+02
1.174972423766374305e+02
1.173726254721975693e+02
1.172413309602977876e+02
1.171033280883057017e+02
1.169585865175971122e+02
1.168070764121155491e+02
1.166835607002606423e+02
1.165694534525364645e+02
1.164526577210736775e+02
1.163297571993685864e+02
1.161998199987982048e+02
1.160627887903224575e+02
1.159186091924304662e+02
1.157672299771372906e+02
1.156086031473414693e+02
1.154426838859071722e+02
1.152908278199584231e+02
1.151438080468327882e+02
1.149893165054952959e+02
1.148272824915578383e+02
1.146576392082765352e+02
1.144803240426207225e+02
1.142952787065504907e+02
1.141241170462419916e+02
1.139588511474654240e+02
1.137856441250304727e+02
1.136044174244256908e+02
1.134150980887785636e+02
1.132176190572339749e+02
1.130119193062453178e+02
1.127979438336452063e+02
1.125756434888919273e+02
1.123656734710172600e+02
1.121646022463818753e+02
1.119550950622706864e+02
1.117681419221177492e+02
1.115794435807449929e+02
1.113820489160580252e+02
1.111759019035199003e+02
1.109609526297387703e+02
1.107373705971559588e+02
1.105069876536691282e+02
1.102676888842228635e+02
1.100403312215819511e+02
1.098181888870632434e+02
1.095895437580836216e+02
1.093518087548547868e+02
1.091049430890700336e+02
1.088489132783458757e+02
1.085836936456234554e+02
1.083092667637023965e+02
1.080336645110678262e+02
1.077754715972762654e+02
1.075080250568621665e+02
1.072313067092603092e+02
1.069453101155726671e+02
1.066500415620727580e+02
1.063455209099820991e+02
1.060317822937586669e+02
1.057088746523441216e+02
1.053768620803533338e+02
1.050358239890118313e+02
1.046858550696926073e+02
1.043270650561224215e+02
1.039595782846481171e+02
1.035835330553167069e+02
1.031993874259730717e+02
1.028583747583308110e+02
1.025493667246610840e+02
1.022323610897334873e+02
1.019074798957517061e+02
1.015748561292955685e+02
1.012346336706812480e+02
1.008902912889486316e+02
1.005419967741750611e+02
1.001865980380118089e+02
9.985008790845957094e+01
9.951655579232350135e+01
9.921408590625644308e+01
9.890514550554127027e+01
9.858987379330389444e+01
9.826841863600782290e+01
9.794312618709427909e+01
9.761324590394283973e+01
9.727767891484513996e+01
9.693660762595807512e+01
9.661835375717518559e+01
9.629813724495782878e+01
9.597293193728074812e+01
9.564290755482535644e+01
9.530823893352251730e+01
9.496910516654993728e+01
9.462568851543281312e+01
9.427817310086058455e+01
9.392674338897752762e+01
9.357262386880252336e+01
9.321687525076728775e+01
9.285775031632651633e+01
9.249541668827603758e+01
9.213003257586206018e+01
9.176174461417200234e+01
9.139068572316928396e+01
9.106815173260167739e+01
9.074674964751055484e+01
9.042282277927758116e+01
9.010318870608837472e+01
8.980754403868122893e+01
8.950936756030793617e+01
8.920859214369559709e+01
8.890897986584057833e+01
8.860782546862579068e+01
8.831479099653604692e+01
8.806082708102896106e+01
8.780362663482780761e+01
8.754299928693792765e+01
8.727874568515373710e+01
8.701066015251630859e+01
8.673853338216324005e+01
8.646215513107050299e+01
8.618131687298904353e+01
8.589581437135414888e+01
8.560545013407758574e+01
8.531003571391657658e+01
8.500939382050570714e+01
8.470336021311720742e+01
8.439178534671492571e+01
8.407453574785064632e+01
8.375149510133488207e+01
8.342256503334242268e+01
8.308766558159381077e+01
8.274673534841171829e+01
8.239973133769879610e+01
8.205350172316859414e+01
8.173299969913782093e+01
8.140725041464558842e+01
8.112186620182347951e+01
8.083765312597491004e+01
8.054724354524697105e+01
8.025063751459771311e+01
7.998907123147735376e+01
7.975436556059014492e+01
7.952238848610667787e+01
7.928691951974481356e+01
7.904595395234609612e+01
7.880553239488961026e+01
7.862835920954616142e+01
7.846326698747172657e+01
7.829193428668081367e+01
7.811436458536265093e+01
7.793057847861011567e+01
7.774061418899657383e+01
7.754452782324172233e+01
7.736196576016820359e+01
7.719249692814105401e+01
7.701712304102888140e+01
7.683593285016971208e+01
7.664903301425367488e+01
7.645654787515584871e+01
7.625861900381636360e+01
7.605540452466853196e+01
7.584707823002699456e+01
7.563382849845126543e+01
7.541585703335869084e+01
7.519434230514183071e+01
7.497087276826160007e+01
7.474335190065902168e+01
7.451201936427879957e+01
7.427711982476654384e+01
7.403890103410350321e+01
7.379882639438982039e+01
7.355670100330884509e+01
7.331199880054749940e+01
7.306496049828949424e+01
7.281582023611215959e+01
7.256480377455054054e+01
7.231212677206517014e+01
7.205799316071852445e+01
7.180259363447503063e+01
7.154610426262223655e+01
7.128868523937394741e+01
7.103047977927387535e+01
7.077161316657688417e+01
7.051219196533931211e+01
7.025230339551234238e+01
6.999201487888393558e+01
6.973137375726186349e+01
6.947307483275415052e+01
6.923062076169863133e+01
6.901807376356802592e+01
6.880511442825486768e+01
6.859165582869329114e+01
6.837759490753926173e+01
6.816281418607418630e+01
6.794962927880848724e+01
6.773667648101745442e+01
6.752258352902552474e+01
6.730719392822371105e+01
6.709034610612280858e+01
6.687187526669484328e+01
6.665161518401374963e+01
6.642939991321169657e+01
6.620556570290352738e+01
6.598076063603951980e+01
6.575351983242214260e+01
6.552369336506910713e+01
6.529113825271730320e+01
6.505571931489481585e+01
6.481730984627073155e+01
6.457579210678976267e+01
6.433105762715180731e+01
6.408608593760756378e+01
6.383872229842562973e+01
6.358787293049951472e+01
6.333346621355752859e+01
6.307543875536926947e+01
6.281373475013617735e+01
6.254830523170290490e+01
6.228165371449844656e+01
6.201601194489043678e+01
6.174653076651510020e+01
6.147503507497862074e+01
6.120075098664088387e+01
6.095318516832782763e+01
6.070991055002867398e+01
6.053603412413562523e+01
6.037577979744907708e+01
6.021223765523320282e+01
6.004616292249599496e+01
5.988271647282591204e+01
5.971568365568333547e+01
5.954399236837775788e+01
5.936756731423989208e+01
5.918634595587761282e+01
5.900027995166623640e+01
5.880933642508631465e+01
5.861985922795425097e+01
5.843654587747482765e+01
5.825068333654995456e+01
5.805998678115818734e+01
5.786451316408739132e+01
5.766537589955844112e+01
5.747835875113450754e+01
5.732398880787918927e+01
5.716521088207459655e+01
5.700213944738131744e+01
5.683490374741830919e+01
5.669761454956922364e+01
5.656416660229505311e+01
5.642694456223893695e+01
5.628608843315604560e+01
5.614588326994156375e+01
5.600936441313466929e+01
5.586968784447309844e+01
5.574116268921413564e+01
5.563350241933694917e+01
5.554621023704375915e+01
5.545633525605232705e+01
5.536398874464238418e+01
5.526928551767659314e+01
5.517234404099384193e+01
5.508127076469318695e+01
5.501153687963839189e+01
5.493989362006841048e+01
5.486643613427064281e+01
5.479267383629472477e+01
5.472221081415372623e+01
5.465567699630366150e+01
5.459377275394640350e+01
5.453060950263438400e+01
5.446631470016550480e+01
5.440102039107775767e+01
5.433486257535238195e+01
5.426895915247296642e+01
5.420338905100754090e+01
5.413737885059917687e+01
5.407107136343365283e+01
5.400460823415775025e+01
5.393812864918503891e+01
5.387199652727248633e+01
5.381672305485169971e+01
5.376182312595159374e+01
5.370741326495841150e+01
5.365360091081387139e+01
5.360048319966472263e+01
5.354814582568476311e+01
5.349666199486279083e+01
5.344609148460735071e+01
5.339647981999809900e+01
5.334868089369676625e+01
5.332540031622919230e+01
5.333202745339977469e+01
5.334119700526137109e+01
5.335275575202997800e+01
5.336510375187324229e+01
5.337814628711512910e+01
5.339332265373523256e+01
5.341198957688373383e+01
5.343099666891190935e+01
5.345020618596159778e+01
5.346947246861090264e+01
5.348864314839836709e+01
5.350756035048538450e+01
5.352606187982371466e+01
5.354552979854529582e+01
5.356459687444171891e+01
5.358274737913973240e+01
5.360206502065901901e+01
5.362560339129585429e+01
5.364772516003591818e+01
5.366826828459427645e+01
5.368707426143001982e+01
5.370398883501168541e+01
5.371886264285189583e+01
5.373155179799763204e+01
5.374191841128398295e+01
5.374983105611487133e+01
5.375516517882883960e+01
5.375780345784451697e+01
5.375991764881602819e+01
5.376071665598417582e+01
5.375851450938233711e+01
5.375341110330982275e+01
5.374661187295981790e+01
5.373658036356776080e+01
5.372325659174258305e+01
5.370658916936910288e+01
5.368653531294923908e+01
5.366306081946036954e+01
5.363614000835308815e+01
5.360575562904433866e+01
5.357189873308033867e+01
5.354247389233924537e+01
5.351487357381888188e+01
5.348382303326825138e+01
5.344934524246078666e+01
5.341147027657246582e+01
5.337023495886557356e+01
5.332568246716132165e+01
5.327786190319115889e+01
5.322682782650162636e+01
5.317263975521066044e+01
5.311536163655587472e+01
5.305506129081852862e+01
5.299180983283739721e+01
5.292568107591983306e+01
5.285675092350368942e+01
5.278509675440005111e+01
5.274538546930610750e+01
5.271875021527544192e+01
5.268956791913462467e+01
5.265788311160628155e+01
5.262374102184258362e+01
5.258718781800753561e+01
5.254827084178604935e+01
5.250703883182888632e+01
5.246415672407914599e+01
5.242034241005596584e+01
5.237436979793437786e+01
5.232629520234596754e+01
5.227617714829617057e+01
5.222407645387221464e+01
5.217005628279869001e+01
5.211418216655405899e+01
5.205652199630497279e+01
5.199714598540450794e+01
5.193672462122275846e+01
5.187822856474765132e+01
5.182409816193118246e+01
5.177006012172000737e+01
5.171469046467929331e+01
5.165807174962311166e+01
5.160028790416809841e+01
5.154142401386113903e+01
5.148156609864689415e+01
5.142556415551038640e+01
5.136966098937845970e+01
5.131302568214132265e+01
5.125574588711907609e+01
5.119790893332326931e+01
5.113960155145793607e+01
5.108090959322490221e+01
5.102191774378571409e+01
5.096270922707901008e+01
5.090663630055396283e+01
5.086289953029150013e+01
5.081918493597881792e+01
5.077556762756339737e+01
5.073211965976224747e+01
5.068890968758275051e+01
5.064600261373059453e+01
5.060398957199685555e+01
5.056351951260106858e+01
5.052352105994513209e+01
5.048584179974397301e+01
5.044933361638838676e+01
5.041341921859979180e+01
5.037812724382583696e+01
5.034347966619684200e+01
5.030949146684887552e+01
5.027617032627095739e+01
5.024351634402794531e+01
5.022421439064603987e+01
5.024588040639339681e+01
5.026812890414900892e+01
5.029089849760154607e+01
5.031412100515608898e+01
5.033772212572620930e+01
5.036162214623261235e+01
5.038573667539081669e+01
5.040997739830545044e+01
5.043425284635069517e+01
5.045846917680571408e+01
5.048960185696419245e+01
5.052113768822184170e+01
5.055232728522563690e+01
5.058307554092287717e+01
5.061745681560490340e+01
5.065586719868370125e+01
5.069356337191185702e+01
5.073344120374306954e+01
5.077333370280091884e+01
5.081227213012981991e+01
5.085018652717503329e+01
5.088701274292295551e+01
