9.452786706990042148e+03
9.456016234240216363e+03
9.459192170106791309e+03
9.462281906149053611e+03
9.465347661091576811e+03
9.468393311865234864e+03
9.471340575803415049e+03
9.474248227805330316e+03
9.477072642023998924e+03
9.479765282247155483e+03
9.482330544403943350e+03
9.484753230464113585e+03
9.487069713083094030e+03
9.489242804784053078e+03
9.491294563677749466e+03
9.493245948423706068e+03
9.495134615527815185e+03
9.496999720880419773e+03
9.498801296057394211e+03
9.500487626888538216e+03
9.502059135209996384e+03
9.503562879609653464e+03
9.504972921663131274e+03
9.506266367533484299e+03
9.507468046451003829e+03
9.508609525670610310e+03
9.509597886176879911e+03
9.510580437219081432e+03
9.511542199090097711e+03
9.512462937429769227e+03
9.513375310465522489e+03
9.514268718383478699e+03
9.515210624607439968e+03
9.516147010737797245e+03
9.517095561302368878e+03
9.517934583468670098e+03
9.518785199077376092e+03
9.519570988605857565e+03
9.520247173490302885e+03
9.520815008483417841e+03
9.521266782075170340e+03
9.521584282487197925e+03
9.521835869402118988e+03
9.522031527982999251e+03
9.522165925838287876e+03
9.522269896226105629e+03
9.522269536972453352e+03
9.522316459254949223e+03
9.522313050800137717e+03
9.522183535461901556e+03
9.522120589105281397e+03
9.522034138283781431e+03
9.521946079691977502e+03
9.521715669604687719e+03
9.521541365744133145e+03
9.521311888356462077e+03
9.521198207861327319e+03
9.521127306069045517e+03
9.520983752143498350e+03
9.520839328152709641e+03
9.520829645759911728e+03
9.520925087523330149e+03
9.521037725950332970e+03
9.521128452001155893e+03
9.521073569059786678e+03
9.521107221421834765e+03
9.521161152755837975e+03
9.521322970965849890e+03
9.521535297688478749e+03
9.521770104732819163e+03
9.522046118444397507e+03
9.522518074075711411e+03
9.522949960565681977e+03
9.523419478988047558e+03
9.523985002496201560e+03
9.524539152165152700e+03
9.525031007297568067e+03
9.525516268826329906e+03
9.526036067436538360e+03
9.526686917098568301e+03
9.527268119233312973e+03
9.527861237506778707e+03
9.528418715205511035e+03
9.528884677049278253e+03
9.529310281605676209e+03
9.529749569471970972e+03
9.530187389564300247e+03
9.530681522330849475e+03
9.531441633016151172e+03
9.532389414414983548e+03
9.533527973036721960e+03
9.534697912024326797e+03
9.535803844490845222e+03
9.536922843467213170e+03
9.538166038120270969e+03
9.539452602782352187e+03
9.540766281461505059e+03
9.542182712425776117e+03
9.543733039321614342e+03
9.545485698779762970e+03
9.547280675667612741e+03
9.549217113937605973e+03
9.551288746326525143e+03
9.553585505979963273e+03
9.555997241540830146e+03
9.558467806252472656e+03
9.561114513939148310e+03
9.563828667257728739e+03
9.566635757763064248e+03
9.569643420714037347e+03
9.572758467547748296e+03
9.576124233411394016e+03
9.579602451183151061e+03
9.583169044176394891e+03
9.586835954310534362e+03
9.590494007939840230e+03
9.594437391740844760e+03
9.598480046134045551e+03
9.602542611925200617e+03
9.606693141145602567e+03
9.610825898769337073e+03
9.614936637458955374e+03
9.619092498624544533e+03
9.623305574854675797e+03
9.627617584301528041e+03
9.631948127847483192e+03
9.636282119135890753e+03
9.640658900469696164e+03
9.645126810247784306e+03
9.649789942019069713e+03
9.654575376191582109e+03
9.659384239523567885e+03
9.664210030780754096e+03
9.669147850739591377e+03
9.674220999905734061e+03
9.679470207150790884e+03
9.684831675160894520e+03
9.690231100341432466e+03
9.695520118026315686e+03
9.700969277158246769e+03
9.706547085195885302e+03
9.712454496263382680e+03
9.718391791226949863e+03
9.724436322494288106e+03
9.730524776698541245e+03
9.736865858192564701e+03
9.743444334170761067e+03
9.750222131529702892e+03
9.757172014655654493e+03
9.764291500072846247e+03
9.771468069985698094e+03
9.778592261928471999e+03
9.785768726603153482e+03
9.793087693983663485e+03
9.800491433610561216e+03
9.807928109132279133e+03
9.815411775526041311e+03
9.822923945533681035e+03
9.830506095386914239e+03
9.838374601667463139e+03
9.846264072005365961e+03
9.854124458686299477e+03
9.862096318005473222e+03
9.870204511870670103e+03
9.878417463806752494e+03
9.886856950135537772e+03
9.895414969589775865e+03
9.904012566250172313e+03
9.912674480541465527e+03
9.921368603360097040e+03
9.930128593617670049e+03
9.938887138803829657e+03
9.947766636805081362e+03
9.956726324451457913e+03
9.965703140198404071e+03
9.974650303364729552e+03
9.983625779032361606e+03
9.992586297391120752e+03
1.000146469141337548e+04
1.001032437879073586e+04
1.001919594359164512e+04
1.002814329134139371e+04
1.003704610722553298e+04
1.004581933667161138e+04
1.005468929236121949e+04
1.006358796869220714e+04
1.007258080435463489e+04
1.008170257862350445e+04
1.009100943043743609e+04
1.010043693546227405e+04
1.010991155941183752e+04
1.011936854229476012e+04
1.012897995962960522e+04
1.013858457188029206e+04
1.014818644474529356e+04
1.015786257300233592e+04
1.016749029891021928e+04
1.017710564858666476e+04
1.018672975902344842e+04
1.019649918762482775e+04
1.020633961965657181e+04
1.021634799420937270e+04
1.022631671309450212e+04
1.023613530927650936e+04
1.024578089736161019e+04
1.025555554859369113e+04
1.026521768308233914e+04
1.027488802635977481e+04
1.028480620327791803e+04
1.029495300092965954e+04
1.030522116751603789e+04
1.031542646065480039e+04
1.032545870332299819e+04
1.033536865982153358e+04
1.034536658710797565e+04
1.035529585845207112e+04
1.036529237022681264e+04
1.037520871595997596e+04
1.038510263955220034e+04
1.039491496327207642e+04
1.040463017551544726e+04
1.041442814437704328e+04
1.042440338493765012e+04
1.043425086795691095e+04
1.044405307134653049e+04
1.045386014689693002e+04
1.046356546248457744e+04
1.047331940370465600e+04
1.048306410080855312e+04
1.049284204567091729e+04
1.050243462797053689e+04
1.051190636452591207e+04
1.052143340749510571e+04
1.053092234257257041e+04
1.054025004939422070e+04
1.054961348981718947e+04
1.055897699532366096e+04
1.056812278141766728e+04
1.057715239793275032e+04
1.058616678100136414e+04
1.059511313916942527e+04
1.060427664794554403e+04
1.061349796881922884e+04
1.062264403967638282e+04
1.063197593395515469e+04
1.064131949750478270e+04
1.065068750815786188e+04
1.065990360259688168e+04
1.066892525845791897e+04
1.067786904146074994e+04
1.068667960305044289e+04
1.069534430172015163e+04
1.070401250874634388e+04
1.071254129792873937e+04
1.072103229417065813e+04
1.072948729282527529e+04
1.073786072556660292e+04
1.074622020055352732e+04
1.075445243669004776e+04
1.076254022408588389e+04
1.077046638267633534e+04
1.077834310576285134e+04
1.078602206103881690e+04
1.079373567680046290e+04
1.080128828682079438e+04
1.080897367240030144e+04
1.081666828506832826e+04
1.082442325068531682e+04
1.083223798352377526e+04
1.083993815007240300e+04
1.084760567884102056e+04
1.085540394863957590e+04
1.086329965182469095e+04
1.087101302189464150e+04
1.087845967062033742e+04
1.088566437551489253e+04
1.089276093890723678e+04
1.089973730238945609e+04
1.090655423133888507e+04
1.091321167861437243e+04
1.091989362163405531e+04
1.092637951229715509e+04
1.093268049343443818e+04
1.093899383186410523e+04
1.094528679546959938e+04
1.095141337982040204e+04
1.095712522020398501e+04
1.096285620257201117e+04
1.096849159600182247e+04
1.097406069571326225e+04
1.097955915410143098e+04
1.098511260350728116e+04
1.099061983793056970e+04
1.099608589911162562e+04
1.100148701781696218e+04
1.100692805942325504e+04
1.101231070764504148e+04
1.101756460892687574e+04
1.102291628964188203e+04
1.102811471234794953e+04
1.103325214713994683e+04
1.103844260236785340e+04
1.104346087797133987e+04
1.104843806514300559e+04
1.105348857361362752e+04
1.105843411277208543e+04
1.106327231485290758e+04
1.106803291482720306e+04
1.107267244797676540e+04
1.107724657914674754e+04
1.108165321085875803e+04
1.108582698596326372e+04
1.109005970868853547e+04
1.109437097505915335e+04
1.109858781815002476e+04
1.110274206804079768e+04
1.110684203277794404e+04
1.111087003297330011e+04
1.111496298749646303e+04
1.111907540291206351e+04
1.112314100392195905e+04
1.112703392157746384e+04
1.113061739862789727e+04
1.113407752054616867e+04
1.113765751278891184e+04
1.114133726194588962e+04
1.114477324440330995e+04
1.114809690763460276e+04
1.115127422921608559e+04
1.115441857460955544e+04
1.115758740647786362e+04
1.116073185794890014e+04
1.116383419140900151e+04
1.116706647444727787e+04
1.117015219600153068e+04
1.117320027107719579e+04
1.117615904376212711e+04
1.117890895705462935e+04
1.118139655204807059e+04
1.118373674881290390e+04
1.118609870513703572e+04
1.118862114262892646e+04
1.119114607024890938e+04
1.119374586322365030e+04
1.119626033389111399e+04
1.119868991601955167e+04
1.120098714586808819e+04
1.120315693075401578e+04
1.120527938361154520e+04
1.120725887056718420e+04
1.120907886056071584e+04
1.121077443190494159e+04
1.121251867658617630e+04
1.121414524703511961e+04
1.121584380524746120e+04
1.121768422298105907e+04
1.121951761998637630e+04
1.122129400695248842e+04
1.122334241161881073e+04
1.122567478632361963e+04
1.122787440833989604e+04
1.122992986641111747e+04
1.123199310373186563e+04
1.123421450455963350e+04
1.123649500999334123e+04
1.123869453465642619e+04
1.124103807142899859e+04
1.124331927452265882e+04
1.124553254177134295e+04
1.124742578999814577e+04
1.124919155487077114e+04
1.125091258557057154e+04
1.125262609513159623e+04
1.125415148443554790e+04
1.125543457783974736e+04
1.125642397840987906e+04
1.125738124127306219e+04
1.125844668896826988e+04
1.125963633157849108e+04
1.126066109429394055e+04
1.126177088048364203e+04
1.126281888131177038e+04
1.126367182230685285e+04
1.126440471578169854e+04
1.126477793108592050e+04
1.126494079464501920e+04
1.126486162894201334e+04
1.126454703729051107e+04
1.126415767344693086e+04
1.126358404007367062e+04
1.126284406886334546e+04
1.126205683027173654e+04
1.126110676502572642e+04
1.126012396611750592e+04
1.125919071113266182e+04
1.125817158895511784e+04
1.125723157492025894e+04
1.125637936088723472e+04
1.125560412781460036e+04
1.125484603191537281e+04
1.125403211381335495e+04
1.125323537014875546e+04
1.125252804262246536e+04
1.125189224420705614e+04
1.125122189231680932e+04
1.125054599005579803e+04
1.125011271311035307e+04
1.124958020591293462e+04
1.124904023544720621e+04
1.124867535954883533e+04
1.124827450531714749e+04
1.124806638949045919e+04
1.124773925846821294e+04
1.124720657865187968e+04
1.124706374909936494e+04
1.124696145480792620e+04
1.124687745760135294e+04
1.124652054967881486e+04
1.124611498445957841e+04
1.124551688401858155e+04
1.124472993010761274e+04
1.124369083305492131e+04
1.124258077207400311e+04
1.124142762003208009e+04
1.124015537983340982e+04
1.123870480431419492e+04
1.123719215472956603e+04
1.123595635535102338e+04
1.123466625889643001e+04
1.123334488815892655e+04
1.123183467013293011e+04
1.123023541724593815e+04
1.122848975303426596e+04
1.122653861334646353e+04
1.122454229692161789e+04
1.122228179231672038e+04
1.121980030815280770e+04
1.121715143792534400e+04
1.121445838550325789e+04
1.121161671772902810e+04
1.120863648525526514e+04
1.120546904701261701e+04
1.120226946408802905e+04
1.119901401452018945e+04
1.119584030283195170e+04
1.119252036903926637e+04
1.118909954641693002e+04
1.118548697606979840e+04
1.118171227905837441e+04
1.117780426316125340e+04
1.117382156047781973e+04
1.116977209160829807e+04
1.116566666552621973e+04
1.116171160359592977e+04
1.115789925081343245e+04
1.115395171061161636e+04
1.114998425217205295e+04
1.114601687384638535e+04
1.114203306552618051e+04
1.113784399171856239e+04
1.113378064945393271e+04
1.112963084135816462e+04
1.112539164330097265e+04
1.112123716461416188e+04
1.111699064903347789e+04
1.111265340141715023e+04
1.110835712408156542e+04
1.110406708970138607e+04
1.109970358510741607e+04
1.109507334287364756e+04
1.109035454925983322e+04
1.108578057426011765e+04
1.108125948779357896e+04
1.107668011363120058e+04
1.107203344992088569e+04
1.106741452834807023e+04
1.106283840315685666e+04
1.105828201537845052e+04
1.105383866233437220e+04
1.104938929369953985e+04
1.104483315914122250e+04
1.104025274669669670e+04
1.103543260440894119e+04
1.103048790560427733e+04
1.102531903948039690e+04
1.102020624719890111e+04
1.101497602338172510e+04
1.100942367772466241e+04
1.100364176968150605e+04
1.099766696406631854e+04
1.099162954378201903e+04
1.098545755177803585e+04
1.097907678156812290e+04
1.097237777974350320e+04
1.096548725009453665e+04
1.095835630645532001e+04
1.095097381963408407e+04
1.094352310680100891e+04
1.093614213956984167e+04
1.092877803091808528e+04
1.092110040685243075e+04
1.091335823483275453e+04
1.090556239354943136e+04
1.089768417278229936e+04
1.089001879156871109e+04
1.088224063620166089e+04
1.087447045796092061e+04
1.086671161616902282e+04
1.085868632971221632e+04
1.085046051095281473e+04
1.084210699169612053e+04
1.083360619566648529e+04
1.082511069861360738e+04
1.081637732998464890e+04
1.080753706655588758e+04
1.079844771276860229e+04
1.078919156782868413e+04
1.078004360790826286e+04
1.077079321424938098e+04
1.076136074679320154e+04
1.075184469478589563e+04
1.074215475126415186e+04
1.073247133930530981e+04
1.072279280829911477e+04
1.071297218997185882e+04
1.070315476241056240e+04
1.069316326242105424e+04
1.068315860573117425e+04
1.067326867351281544e+04
1.066328282362796199e+04
1.065305109654448643e+04
1.064266890458366106e+04
1.063230760335013474e+04
1.062187178879314524e+04
1.061126870277930720e+04
1.060039897255352480e+04
1.058926453511892214e+04
1.057770316076397285e+04
1.056587750559623964e+04
1.055395237277033084e+04
1.054169130221809064e+04
1.052937503852669943e+04
1.051683697980367469e+04
1.050416961842796263e+04
1.049136999999010914e+04
1.047819384682513191e+04
1.046482921314308624e+04
1.045147333421893927e+04
1.043813099953912388e+04
1.042453671655956714e+04
1.041062008371565753e+04
1.039657468773785877e+04
1.038240943976454037e+04
1.036783552410447737e+04
1.035284827667838726e+04
1.033787898491751548e+04
1.032289960111881737e+04
1.030792993314502382e+04
1.029292028877887060e+04
1.027794531404534246e+04
1.026296694396117709e+04
1.024787717437995161e+04
1.023266005070151914e+04
1.021739090782223320e+04
1.020212766866401398e+04
1.018690872004046287e+04
1.017172361013846967e+04
1.015630120438471204e+04
1.014074836945886818e+04
1.012526125774957836e+04
1.010978097911140139e+04
1.009421379346324102e+04
1.007843302576255337e+04
1.006265396042172688e+04
1.004674016310641309e+04
1.003045246673798829e+04
1.001384726924210372e+04
9.996919197441851793e+03
9.980057247993292549e+03
9.963066251666979952e+03
9.945939991362116416e+03
9.928614829871556140e+03
9.911002112729587679e+03
9.893181819444509529e+03
9.875211563681077678e+03
9.857160793738938082e+03
9.839083535068693891e+03
9.820944110849608478e+03
9.802932499656364598e+03
9.785018845511891413e+03
9.767226046571480765e+03
9.749292513038348261e+03
9.731164956877972145e+03
9.712964331986840989e+03
9.694943379721289602e+03
9.676903001817725453e+03
9.658663902219843294e+03
9.640313456756641244e+03
9.621963082152477000e+03
9.603523625930802154e+03
9.584957045206487237e+03
9.566408385650427590e+03
9.547600350418870221e+03
9.528698109234588628e+03
9.509864445210092526e+03
9.491083660518757824e+03
9.472405135787561449e+03
9.453721417069253221e+03
9.434946456890111222e+03
9.416114273862687696e+03
9.397265465149288502e+03
9.378375785191310570e+03
9.359501677853320871e+03
9.340371677168521273e+03
9.321067549745604992e+03
9.301650456282466621e+03
9.282181014983048954e+03
9.262699731142485689e+03
9.242907012436618970e+03
9.222913763951893998e+03
9.202733596468857286e+03
9.182528292807852267e+03
9.162214223015005700e+03
9.141885067333270854e+03
9.121541549834420948e+03
9.101267401581935701e+03
9.080935687164355841e+03
9.060793761181312220e+03
9.040685801736110079e+03
9.020594816103628546e+03
9.000591500627109781e+03
8.980799036707370760e+03
8.961041460924674539e+03
8.941235958322022270e+03
8.921462645919495117e+03
8.901630394735566369e+03
8.881855181790910137e+03
8.861950601320062560e+03
8.841953370964489295e+03
8.822110044313751132e+03
8.802493884340758086e+03
8.782948495725293469e+03
8.763330511713156739e+03
8.743743139137990511e+03
8.724182112513710308e+03
8.704733816227975694e+03
8.685110561452176626e+03
8.665271284205380653e+03
8.645518436908734657e+03
8.625749557213830485e+03
8.605946751825154934e+03
8.586113502940799663e+03
8.566256933711047168e+03
8.546477000295364633e+03
8.526678441963109435e+03
8.506789258172520931e+03
8.486747320409320309e+03
8.466472420304937259e+03
8.446254268425858754e+03
8.426071478421363281e+03
8.405909803419235686e+03
8.385722199671823546e+03
8.365416257806815338e+03
8.344947990757114894e+03
8.324457031240215656e+03
8.304069935866187734e+03
8.283807399236224228e+03
8.263531134674063651e+03
8.243302568882847481e+03
8.222997079885702988e+03
8.202683768979703018e+03
8.182442027579526439e+03
8.162465499161056869e+03
8.142573017533430175e+03
8.122766650147228574e+03
8.103026391303392302e+03
8.083250439426234152e+03
8.063260780536505081e+03
8.043088374599038616e+03
8.022902537295663024e+03
8.002917626803940038e+03
7.983010780178605273e+03
7.963112164026269966e+03
7.943281028089856591e+03
7.923444668140487920e+03
7.903549758048051444e+03
7.883911500743686702e+03
7.864308561836703120e+03
7.844940573668652178e+03
7.825724130226353736e+03
7.806391695999131116e+03
7.786939107372364560e+03
7.767506102089561864e+03
7.747990099089390242e+03
7.728329365322554622e+03
7.708643378978590590e+03
7.688977901705488875e+03
7.669373973324207327e+03
7.649892392090937392e+03
7.630535485940757098e+03
7.611066946709494914e+03
7.591548907261672866e+03
7.572175397778819388e+03
7.552837147392888255e+03
7.533371685248709582e+03
7.513999710843039793e+03
7.494501491590592195e+03
7.474916987308208263e+03
7.455515248321646141e+03
7.436292422612199516e+03
7.417118418383972312e+03
7.398001095124801395e+03
7.378908082050045778e+03
7.359663320067824316e+03
7.340430209767996530e+03
7.321368110626468479e+03
7.302464833761415321e+03
7.283614187327877517e+03
7.264759199049030940e+03
7.245896093475590533e+03
7.227094619276142112e+03
7.208338897128794088e+03
7.189554781511842521e+03
7.170841989610391465e+03
7.152183791062939235e+03
7.133379990213672500e+03
7.114648931598036143e+03
7.095934494726694538e+03
7.077121443612520125e+03
7.058228549313571420e+03
7.039350305491298059e+03
7.020610816665064704e+03
7.002060206072139408e+03
6.983578042387724054e+03
6.965239472823841425e+03
6.946956060473406069e+03
6.928693649827569971e+03
6.910539920774503116e+03
6.892422683504237284e+03
6.874405683612953908e+03
6.856486923623561779e+03
6.838757848677241782e+03
6.821164824080968174e+03
6.803665495051185644e+03
6.786162487624496862e+03
6.768829353168893249e+03
6.751421712326092347e+03
6.733925646905884605e+03
6.716371966426026120e+03
6.698755687544975444e+03
6.681329289825714113e+03
6.664190869470317921e+03
6.647063175123867040e+03
6.630198044684927481e+03
6.613611809070677737e+03
6.597294322835101411e+03
6.580931918911229332e+03
6.564641405598704296e+03
6.548451237386090725e+03
6.532364206056363400e+03
6.516441863159186141e+03
6.500525974326076721e+03
6.484623110067567723e+03
6.468697312128351768e+03
6.452897662871122520e+03
6.437069641233651055e+03
6.421087015991704902e+03
6.405112131428703833e+03
6.389144364089694136e+03
6.373208088935869455e+03
6.357338134673201239e+03
6.341408735027276634e+03
6.325524517543397451e+03
6.309770997699763939e+03
6.294028979205253563e+03
6.278414616245939214e+03
6.262846914828904119e+03
6.247324240374784495e+03
6.231942011297567660e+03
6.216519718533198102e+03
6.200979081237412174e+03
6.185420615858538440e+03
6.170000286688565211e+03
6.154690819564322737e+03
6.139382359021289631e+03
6.124120491210478576e+03
6.108840788391779824e+03
6.093786954172832338e+03
6.079000004881560926e+03
6.064347898924381298e+03
6.049795439053416885e+03
6.035293451162488054e+03
6.020821254310561017e+03
6.006476409953207622e+03
5.992230945372442875e+03
5.978040439344835249e+03
5.963939634216289051e+03
5.950058014822185214e+03
5.936305340279743177e+03
5.922707408749285605e+03
5.909211340070313781e+03
5.895672370485657666e+03
5.882173216284596492e+03
5.868792952600638273e+03
5.855476896617786224e+03
5.842150996800781286e+03
5.828812217337992479e+03
5.815411297728802310e+03
5.802116711606161516e+03
5.788802302440633866e+03
5.775574821540259109e+03
5.762271902930557189e+03
5.749058005165501527e+03
5.735922414337981536e+03
5.722781763557255545e+03
5.709695834491617461e+03
5.696814226039527966e+03
5.683916306406466902e+03
5.671085337940316094e+03
5.658102783423986693e+03
5.645000633424421721e+03
5.631890533752944975e+03
5.618917138940959376e+03
5.606237340447076349e+03
5.593626819967603296e+03
5.581157014721173255e+03
5.568663103924593088e+03
5.556207111113701103e+03
5.543966008143867839e+03
5.531829106346699518e+03
5.519837673989423820e+03
5.507886140982691359e+03
5.496015427630603881e+03
5.484225119166654622e+03
5.472381290240889030e+03
5.460572564448764751e+03
5.448803756087457259e+03
5.437062640560934597e+03
5.425528044086247064e+03
5.414128153310652124e+03
5.402947862867498770e+03
5.391896223302059298e+03
5.380850576667199675e+03
5.369855837499289009e+03
5.359019849454953146e+03
5.348293660269860084e+03
5.337631987795770328e+03
5.326907911990842877e+03
5.316261893517850694e+03
5.305775133461530459e+03
5.295382302182571948e+03
5.285121741830146675e+03
5.274972412284258098e+03
5.265054782668994449e+03
5.255174000871550561e+03
5.245389223109379600e+03
5.235622507430241967e+03
5.225978988342534649e+03
5.216620296546851932e+03
5.207446920913631402e+03
5.198239615779594715e+03
5.189085790633644137e+03
5.180158003863214617e+03
5.171429736948800382e+03
5.162767733800742462e+03
5.154259277956078222e+03
5.145916363042471858e+03
5.137663170997937414e+03
5.129541615067302700e+03
5.121368224269028360e+03
5.113279105357057233e+03
5.105275013642460181e+03
5.097434903398594543e+03
5.089647011114709130e+03
5.081941469571243033e+03
5.074359920928988686e+03
5.066892816614645199e+03
5.059612554480089784e+03
5.052426589471142506e+03
5.045390777141954459e+03
5.038514421928674892e+03
5.031775800807128689e+03
5.025060104762045739e+03
5.018645227769105986e+03
5.012378772365806981e+03
5.006179843831183462e+03
5.000092111097499583e+03
4.994093461781839324e+03
4.988228572668031120e+03
4.982433469867351050e+03
4.976844013432617430e+03
4.971325191323788204e+03
4.966049084276701251e+03
4.960916808388190475e+03
4.955921163676714968e+03
4.951062099718643367e+03
4.946512680858221756e+03
4.942272598846184337e+03
4.938140390788169498e+03
4.934146651842264873e+03
4.930258351026536729e+03
4.926591530989499006e+03
4.923189486716710235e+03
4.920021103388669871e+03
4.917044052599620954e+03
4.914230731895371719e+03
4.911582817466372944e+03
4.909123306143006630e+03
4.906722340728521885e+03
4.904476650157699623e+03
4.902500892119778655e+03
4.900758383327222873e+03
4.899122564009707276e+03
4.897734930222701223e+03
4.896552892580436492e+03
4.895520151866160631e+03
4.894592812560043058e+03
4.893791292416327451e+03
4.893168302930028403e+03
4.892671892244180526e+03
4.892478679374547028e+03
4.892561484846062740e+03
4.892947400500231197e+03
4.893530005372241249e+03
4.894184716881854911e+03
4.894923858040708183e+03
4.895809060628454972e+03
4.896789403163256793e+03
4.897859481476471046e+03
4.898956079953686640e+03
4.900139445131513639e+03
4.901444632258349884e+03
4.902799425243741098e+03
4.904277235721933721e+03
4.905797812092538152e+03
4.907387231212567713e+03
4.909241826886475792e+03
4.911307160133593243e+03
4.913382578519603157e+03
4.915559670286068467e+03
4.917853778884550593e+03
4.920285873267645911e+03
4.922773132905967941e+03
4.925340733421196092e+03
4.927947028753015729e+03
4.930601430361339226e+03
4.933360874254791270e+03
4.936264792915129874e+03
4.939200942584402583e+03
4.942264928489564227e+03
4.945440926223166571e+03
4.948654887738017351e+03
4.951960891622371491e+03
4.955434545483382863e+03
4.958905291484963527e+03
4.962437637119152896e+03
4.966016661540819769e+03
4.969749469737291292e+03
4.973510476903458766e+03
4.977361625869199997e+03
4.981345940481789512e+03
4.985381567354655090e+03
4.989444031216996336e+03
4.993552877730151522e+03
4.997673805731740686e+03
5.001798908401648077e+03
5.006023693555120190e+03
5.010315541118141482e+03
5.014609236186499402e+03
5.018905787704495197e+03
5.023258911586806789e+03
5.027610195528746772e+03
5.032006823551430898e+03
5.036468528823845190e+03
5.041051365845471082e+03
5.045688269756567934e+03
5.050445097230172905e+03
5.055180308463428446e+03
5.059863489685983950e+03
5.064571468980254394e+03
5.069223405050694055e+03
5.073824684536540190e+03
5.078449173039110974e+03
5.082991731331922892e+03
5.087618265711365893e+03
5.092303225090645356e+03
5.096912716755854490e+03
5.101455835000706429e+03
5.105996590000743709e+03
5.110537939888066830e+03
5.115004656163120671e+03
5.119412057292909594e+03
5.123739753921340707e+03
5.127972178894410717e+03
5.132186452612008907e+03
5.136320667929702722e+03
5.140392751436022081e+03
5.144398406335018080e+03
5.148329885586326782e+03
5.152239901177506908e+03
