2.350738466816128494e+03
2.364977391334709864e+03
2.379243535107651951e+03
2.393607226301357514e+03
2.408022686687623718e+03
2.422465557930419891e+03
2.436935085924985287e+03
2.451430099200119912e+03
2.465954261121600666e+03
2.480594174830558586e+03
2.495273010480273570e+03
2.509968483202671450e+03
2.524677440512862631e+03
2.539396440583725507e+03
2.554121800691398676e+03
2.568849651340319724e+03
2.583587516435950420e+03
2.598339578154050741e+03
2.613089621163025186e+03
2.627826013700458134e+03
2.642544858654002837e+03
2.657249165073886161e+03
2.671935626727895396e+03
2.686594019144858976e+03
2.701228791003318292e+03
2.715935207532757886e+03
2.730605298438747923e+03
2.745685894597248080e+03
2.760863975135591772e+03
2.776219009491270299e+03
2.791781912764810841e+03
2.807298498162352189e+03
2.822760544686188041e+03
2.838164933558955909e+03
2.854061557108051147e+03
2.870288563816633086e+03
2.886450754713228889e+03
2.902543067439133665e+03
2.918896800397116749e+03
2.935173036820576726e+03
2.951569122793013776e+03
2.968074487925945959e+03
2.984833003295814706e+03
3.001476341721804602e+03
3.017997452832759336e+03
3.034389412851472116e+03
3.050645412415145984e+03
3.066758733937422221e+03
3.082722720413149545e+03
3.098539308282099682e+03
3.114197804865734724e+03
3.129686969042244982e+03
3.145169154648505355e+03
3.160509155811266282e+03
3.175740767292758392e+03
3.190799279353161182e+03
3.205697851605467349e+03
3.220642208759459209e+03
3.235364068801189660e+03
3.249983822897057053e+03
3.264483441059920551e+03
3.278743688619905697e+03
3.292915503349428946e+03
3.307040387991376519e+03
3.321023527432674200e+03
3.335376599572771738e+03
3.349900184573883507e+03
3.364159578472637349e+03
3.378144479445688376e+03
3.391819427072176950e+03
3.405171033327459554e+03
3.418236933328582381e+03
3.430977473009052119e+03
3.443725879825935863e+03
3.456274688660201718e+03
3.468661362573583574e+03
3.481057870105949405e+03
3.493215045361154353e+03
3.506436462734183351e+03
3.519480995441605955e+03
3.532272947552265578e+03
3.545122719045347822e+03
3.557732913099055622e+03
3.570039848520458690e+03
3.582051759246876827e+03
3.593705097044077775e+03
3.605001004419196306e+03
3.615941303257565323e+03
3.626528374173120028e+03
3.636765012109533018e+03
3.646654261989031056e+03
3.656529469576972588e+03
3.666522770442699766e+03
3.676403518453112611e+03
3.685984885758805831e+03
3.695224914660524519e+03
3.704122584921043199e+03
3.712676091877771341e+03
3.720882729555004516e+03
3.728738779869129303e+03
3.736239410578040406e+03
3.743378585228988868e+03
3.750148989021418856e+03
3.756541975138496127e+03
3.762547536609034523e+03
3.768163986332178411e+03
3.773372286159842588e+03
3.778155193100439192e+03
3.782497670674642904e+03
3.788163996320263777e+03
3.794163087063146577e+03
3.800767758752725513e+03
3.806981417237263031e+03
3.812644267615426088e+03
3.817960160840322260e+03
3.823410710227943582e+03
3.828247413757048434e+03
3.832459414243252013e+03
3.836269194240629531e+03
3.839426548282283875e+03
3.842195474391139214e+03
3.844441568030695635e+03
3.847039250468333194e+03
3.851220133038298172e+03
3.855010117797332896e+03
3.858646207138453974e+03
3.862839431502615753e+03
3.868407706072267956e+03
3.873405118624969418e+03
3.878252769453305518e+03
3.883290585454986285e+03
3.888108525827142785e+03
3.892301838127536030e+03
3.896145825704655181e+03
3.899936318818924519e+03
3.903331130529581969e+03
3.906537360776203059e+03
3.909988796130290211e+03
3.913454547508070391e+03
3.916399588303744167e+03
3.918956161896197955e+03
3.921544937658152321e+03
3.925005941072160113e+03
3.928391922819330830e+03
3.931628936593067920e+03
3.935859807525454926e+03
3.939957761075896997e+03
3.944400816041915277e+03
3.949019506568200995e+03
3.953232794971841031e+03
3.957045995695205420e+03
3.960464510367115508e+03
3.963519060082794113e+03
3.966307105589602543e+03
3.968848094203587152e+03
3.971149913957893659e+03
3.973775919139794496e+03
3.979368861764929534e+03
3.985083474227720671e+03
3.990462101546153463e+03
3.995559334727647183e+03
4.000477918925037557e+03
4.005262190920170269e+03
4.009892850463255400e+03
4.014504456797797502e+03
4.018839594320854758e+03
4.024407802288998937e+03
4.030536808345654208e+03
4.036404760223332232e+03
4.042144366088135030e+03
4.048355413056641737e+03
4.054358837545061760e+03
4.060715273079780673e+03
4.066637860798354723e+03
4.072148710250378372e+03
4.078532533805393541e+03
4.085092559809702834e+03
4.091511342652846906e+03
4.097792125725603910e+03
4.105181826319865650e+03
4.113116169033970436e+03
4.121973933712529288e+03
4.132847594314786875e+03
4.143599906830484542e+03
4.154200260929015712e+03
4.165434433506372443e+03
4.176327149004940111e+03
4.187967765459819930e+03
4.201272545479506334e+03
4.215009614770622647e+03
4.228877177037422371e+03
4.244901137841729906e+03
4.260892423945388146e+03
4.276978386371840315e+03
4.293438602936303141e+03
4.309622979941554149e+03
4.326110187683281765e+03
4.342799241929779782e+03
4.359246575633754219e+03
4.376143068924842737e+03
4.394049598249008341e+03
4.412904926603553577e+03
4.432264393189630027e+03
4.451965455203367128e+03
4.471260352024584790e+03
4.491131960337672353e+03
4.511569166290835710e+03
4.532296705138117431e+03
4.552845251383546383e+03
4.573242441417181908e+03
4.593333209833230285e+03
4.613650230607129743e+03
4.633643513507029638e+03
4.653204892452689819e+03
4.674492679293616675e+03
4.695775242516716389e+03
4.717670707271023275e+03
4.738801773080087514e+03
4.760600973382284792e+03
4.783568117243890811e+03
4.807703733384072621e+03
4.831416129665305562e+03
4.856341770943156007e+03
4.882991396781038929e+03
4.910042387501668600e+03
4.936976333150140817e+03
4.963133057624730100e+03
4.988350765579882136e+03
5.012905901433616236e+03
5.037669271641114392e+03
5.061558134866676482e+03
5.084279186199592004e+03
5.106162458079763383e+03
5.127513568480232607e+03
5.147868737153079564e+03
5.167465313542577860e+03
5.186315220586076975e+03
5.204393734397490334e+03
5.221398764323892465e+03
5.237345152917796440e+03
5.252245673526664177e+03
5.266306287897191396e+03
5.279962878990981153e+03
5.293113764987838294e+03
5.305368257658128641e+03
5.316668102350437039e+03
5.326912869894426876e+03
5.336085870513956252e+03
5.344166792781194999e+03
5.351132011947394858e+03
5.357298310842295905e+03
5.363321747975776816e+03
5.368136466093481431e+03
5.371705007222833046e+03
5.373989222993769545e+03
5.374950945154791043e+03
5.374552625396072472e+03
5.372870107564629507e+03
5.369839510485238861e+03
5.365426403106122052e+03
5.359556794623562382e+03
5.352320656867403159e+03
5.343540912896514783e+03
5.333197694033663538e+03
5.321660604761210379e+03
5.309761682334215948e+03
5.296475323565042345e+03
5.281645281313191845e+03
5.265199954127414458e+03
5.247294724584155119e+03
5.228552109335498244e+03
5.208390250002214088e+03
5.187282670783813955e+03
5.165133639199348181e+03
5.141432954787096605e+03
5.117067109069108483e+03
5.093223305924506349e+03
5.068429533354918021e+03
5.042336055082437269e+03
5.015345922428535232e+03
4.987596118267347265e+03
4.958721328859179266e+03
4.929591047820484164e+03
4.899824754630586540e+03
4.870469456529835952e+03
4.840679416687096818e+03
4.810205377874674923e+03
4.779673091360857143e+03
4.748088477189934565e+03
4.715620009641368597e+03
4.682235462854989237e+03
4.648702062891658898e+03
4.614642702424009258e+03
4.581787425122322020e+03
4.549000164823436535e+03
4.516845140616767821e+03
4.486131011372651301e+03
4.457885473568801899e+03
4.430448530431000108e+03
4.404502337491348044e+03
4.378459335370357621e+03
4.352137940888203048e+03
4.325922029022480274e+03
4.299394453251277810e+03
4.272576738735175240e+03
4.245420575906553495e+03
4.219391439024750071e+03
4.194794761766879674e+03
4.169968531819235068e+03
4.147714560790980613e+03
4.126958166323880505e+03
4.106194883699820821e+03
4.085314567672448902e+03
4.064856276316636013e+03
4.044965764959414628e+03
4.026306224186197142e+03
4.008945490841349510e+03
3.991730253130216624e+03
3.976561506124246534e+03
3.962162740776950159e+03
3.948243758745350078e+03
3.934372130401206050e+03
3.920812023281399888e+03
3.907661133134576630e+03
3.895878541123614013e+03
3.886050607755619239e+03
3.877858288128601089e+03
3.869941754939377915e+03
3.862561987887341274e+03
3.856120965609140967e+03
3.850795790196783400e+03
3.846821415014125705e+03
3.843197998560413907e+03
3.842000422930527748e+03
3.841339549500979047e+03
3.841083667660967876e+03
3.841527350569343071e+03
3.842767090778050260e+03
3.845227250243671733e+03
3.848255925881949679e+03
3.851785302083726492e+03
3.856655497186472076e+03
3.862695765872922948e+03
3.869367752629520510e+03
3.876157018076477925e+03
3.882471631550768961e+03
3.888910997004734782e+03
3.894915634691017658e+03
3.900537412520353882e+03
3.906731039033819343e+03
3.913462830191855574e+03
3.920441762537143859e+03
3.928383665158234635e+03
3.936318856684636103e+03
3.943952040792102707e+03
3.951602886933279933e+03
3.959566419195544768e+03
3.967614882461695288e+03
3.975165735941367529e+03
3.982269118726012948e+03
3.989148186225249447e+03
3.995648174862019914e+03
4.001708381354512312e+03
4.007329810068646566e+03
4.012661252449443964e+03
4.017716374452774289e+03
4.022336600657410600e+03
4.026568968536540069e+03
4.030721393458612511e+03
4.034457500371828246e+03
4.037850875361669750e+03
4.041381242540454878e+03
4.044523769447981522e+03
4.047132651811961296e+03
4.049515342119396337e+03
4.051994392856558534e+03
4.053901212255640530e+03
4.055202946754087407e+03
4.055880002872963360e+03
4.055913287747162485e+03
4.055373096935403282e+03
4.054419772935399124e+03
4.053112656151354258e+03
4.051908959116116421e+03
4.050321163567100939e+03
4.048038479256382288e+03
4.045047942284654255e+03
4.041423275267750796e+03
4.037294214234441824e+03
4.032749913477509381e+03
4.027443371539911823e+03
4.021522577658234695e+03
4.015938897071939209e+03
4.009915412173550067e+03
4.003255723341867451e+03
3.995933984181069718e+03
3.989020063014684638e+03
3.981381239199883112e+03
3.973111802387106763e+03
3.964179005055152174e+03
3.954553160713538091e+03
3.944248007812330343e+03
3.933285948471265328e+03
3.922344393322482574e+03
3.910969943753962070e+03
3.898996605613779138e+03
3.886427210464868040e+03
3.873280468060564999e+03
3.859575605596520290e+03
3.845332202805408997e+03
3.830591703252342995e+03
3.815374618252007167e+03
3.799974236110094807e+03
3.784246728993193301e+03
3.768077068691541626e+03
3.751485690687308761e+03
3.734524443336556487e+03
3.717666693054988173e+03
3.700793254767519102e+03
3.683558451024789065e+03
3.666211479415948816e+03
3.648664414217472313e+03
3.630793499871499080e+03
3.612610296590812595e+03
3.594126182362368127e+03
3.575352433587484938e+03
3.556452346425648557e+03
3.537386632256921075e+03
3.518064767884273351e+03
3.498497960267764938e+03
3.478935395260858968e+03
3.459781992201214052e+03
3.440427652043444141e+03
3.420870561294179424e+03
3.401127951860962639e+03
3.381341079766535586e+03
3.361379330002327151e+03
3.341789750402499521e+03
3.322385990352814133e+03
3.302842085224629045e+03
3.283271524987914290e+03
3.263569602526316885e+03
3.243797489077152022e+03
3.224072822173486202e+03
3.204241252094258016e+03
3.184377279804127284e+03
3.164518834135867110e+03
3.144576389999691401e+03
3.125116958657875330e+03
3.105626740373006669e+03
3.086132635216108611e+03
3.066597910686571140e+03
3.047007137859731756e+03
3.027364968940711151e+03
3.007675916306015097e+03
2.987944388989575145e+03
2.968174729222001588e+03
2.948721345272020699e+03
2.929311913707663280e+03
2.909887538862946258e+03
2.890555094125885716e+03
2.871797192717619964e+03
2.853023246446666235e+03
2.834235812128605176e+03
2.815443723261267678e+03
2.796738416122794661e+03
2.778089387303710282e+03
2.759439338193313688e+03
2.740792631290886675e+03
2.722402259089266863e+03
2.705109475388351711e+03
2.688061297527838178e+03
2.671024011075859562e+03
2.654309871818113606e+03
2.637951070909061855e+03
2.621606411538864904e+03
2.605282393133950791e+03
2.588970166550529484e+03
2.572671269782347281e+03
2.556387946553977599e+03
2.540267512963409899e+03
2.524244997697657709e+03
2.508248214265936440e+03
2.492281456551994779e+03
2.476349603660517460e+03
2.461065278664526886e+03
2.446148332076715178e+03
2.431276182990494362e+03
2.416450943647969325e+03
2.401674608040840212e+03
2.386949561528846971e+03
2.372288769232012783e+03
2.357794528307932524e+03
2.343736666066653015e+03
2.329733609136823361e+03
2.315840979615320066e+03
2.302028501684372713e+03
2.288269134827311063e+03
2.274573590646009507e+03
2.261039563555752466e+03
2.247699716152179008e+03
2.234406626296192371e+03
2.221162435446623931e+03
2.208011584561010750e+03
2.194931874348265410e+03
2.181888349890195968e+03
2.168877959515390103e+03
2.155897531120820076e+03
2.143353030598689202e+03
2.130893461186978129e+03
2.118452173142632091e+03
2.106024886883618365e+03
2.093607360891371172e+03
2.081195430706798561e+03
2.068785044691833264e+03
2.056435510497384712e+03
2.044217069063503232e+03
2.032196413006730836e+03
2.020162157868398026e+03
2.008110835582999698e+03
1.996039240913245976e+03
1.984396787979790588e+03
1.972731183167983090e+03
1.961035704719855175e+03
1.949314915714076506e+03
1.937564629609931217e+03
1.925780731892213225e+03
1.913968064464787403e+03
1.902117710558190083e+03
1.890270982927203477e+03
1.878537799867399372e+03
1.866762919458352826e+03
1.854946522547767927e+03
1.843090324611911456e+03
1.831206853059131390e+03
1.819284644169325929e+03
1.807605382460257715e+03
1.795904659896140856e+03
1.784177385300861033e+03
1.772421129778116210e+03
1.760646337987455354e+03
1.748855032756000583e+03
1.737043233260455963e+03
1.725210506433866612e+03
1.713360056900270820e+03
1.701495248677076233e+03
1.689619580796374976e+03
1.677736661611187856e+03
1.665868599312861988e+03
1.654101686316477299e+03
1.642338624342790354e+03
1.630587396216338675e+03
1.618856412603375247e+03
1.607259512093527746e+03
1.595713399368190949e+03
1.584188661434917776e+03
1.572697195573986846e+03
1.561237823717292031e+03
1.549808831899782945e+03
1.538425453888524089e+03
1.527118651353800260e+03
1.515864763741069964e+03
1.504672332830675941e+03
1.493623004985228363e+03
1.482636836995108752e+03
1.471715702426014104e+03
1.460835779760256401e+03
1.450009294740993937e+03
1.439284754866568164e+03
1.428794736537704694e+03
1.418346713751456264e+03
1.407944303310032865e+03
1.397579901963744078e+03
1.387259861032775234e+03
1.376971650217695924e+03
1.366747429574668331e+03
1.356560572247631171e+03
1.346418716810648675e+03
1.336323773334135467e+03
1.326255200504702088e+03
1.316237411157005226e+03
1.306257613541561568e+03
1.296816161819288936e+03
1.287583838735569316e+03
1.278378573526973014e+03
1.269198569982815570e+03
1.260044422174699548e+03
1.250917094662045656e+03
1.241817883878561815e+03
1.232748365322332120e+03
1.223957223667006019e+03
1.216060902965886044e+03
1.208211876896880767e+03
1.200404106832551179e+03
1.192625358664750820e+03
1.184874955585212774e+03
1.177152574701589401e+03
1.169458281061356502e+03
1.161792546182749902e+03
1.154156250521180027e+03
1.146550670021921178e+03
1.138977447600619143e+03
1.131438551015721259e+03
1.123936219120684655e+03
1.116497507041096924e+03
1.109176424278387913e+03
1.101899509645371836e+03
1.094669342595245098e+03
1.087503492682364140e+03
1.080435159660714817e+03
1.073455704305785503e+03
1.066557678117122123e+03
1.059716891327039775e+03
1.052939530519386608e+03
1.046261424541202132e+03
1.039650265071767535e+03
1.033099096296962671e+03
1.026614684068701308e+03
1.020195782354427479e+03
1.013842057600416638e+03
1.007564613546989449e+03
1.001639359474603225e+03
9.958529233727738301e+02
9.901351999713606347e+02
9.845244865180277429e+02
9.791077286188626658e+02
9.737634427521070393e+02
9.684613822093567705e+02
9.632054251781220273e+02
9.580143952763455673e+02
9.528700489966215628e+02
9.477593951474177629e+02
9.426811465802296652e+02
9.376681857799134150e+02
9.326905339379692350e+02
9.277330198887868846e+02
9.228074692824995964e+02
9.179294775369364743e+02
9.131667252373983956e+02
9.084872846079307465e+02
9.038339573043043629e+02
8.992122831373260397e+02
8.946193271794409156e+02
8.900518882817401618e+02
8.854969748250488237e+02
8.809638672840613935e+02
8.764457208086262199e+02
8.719649542976492285e+02
8.674932318806290823e+02
8.630238888401115673e+02
8.585570672050394023e+02
8.540930185026137451e+02
8.496417359746606053e+02
8.452163684530881937e+02
8.408042054462691794e+02
8.364227566922515962e+02
8.320826108523071980e+02
8.277853414089429407e+02
8.235021523873656406e+02
8.192373781864566809e+02
8.149869736366605366e+02
8.107688133618482880e+02
8.065761844685175674e+02
8.024058732676708132e+02
7.982516655104376468e+02
7.941234266569108513e+02
7.901220944535232320e+02
7.864951904240051590e+02
7.829059519199593069e+02
7.793785194055474221e+02
7.758830234898857725e+02
7.724151011675664904e+02
7.689783329650106225e+02
7.655573598542564469e+02
7.621669542411525526e+02
7.588401103026757255e+02
7.555529927945156032e+02
7.523030645776896108e+02
7.491060979624372749e+02
7.459601747608578535e+02
7.428737634069339038e+02
7.398663334723498792e+02
7.368981685071989887e+02
7.339557539940400375e+02
7.311305616590891532e+02
7.284148806748476090e+02
7.257252232914770502e+02
7.230865759062917277e+02
7.205025559417093746e+02
7.179550547456146887e+02
7.154673671855466637e+02
7.130297214603447173e+02
7.106417752360221129e+02
7.083006709056489854e+02
7.060060250631488543e+02
7.037343990646452312e+02
7.014956204144075400e+02
6.992853738681350251e+02
6.971083764995164529e+02
6.949746215881674516e+02
6.929155076221370564e+02
6.909112506462803367e+02
6.889466726999426101e+02
6.870159904280972114e+02
6.851719480484540554e+02
6.833752532407215767e+02
6.816341437921898887e+02
6.799311234728352247e+02
6.782770411509654878e+02
6.766378689134232900e+02
6.750394654812457702e+02
6.734696366197663338e+02
6.719265849318536539e+02
6.704199161235976590e+02
6.689577683139248165e+02
6.675272401763288599e+02
6.661367469240423134e+02
6.647622071043642791e+02
6.634195473907259384e+02
6.621259621492972656e+02
6.608593285334853817e+02
6.596357790734180071e+02
6.584511713399683686e+02
6.572986803217711440e+02
6.561635453592326712e+02
6.550454790934562652e+02
6.539409399393266540e+02
6.528972150719459933e+02
6.518719247746942074e+02
6.508683419899803084e+02
6.498743514302116182e+02
6.488923065092321849e+02
6.479406267749126300e+02
6.470900366953580942e+02
6.462893832536828995e+02
6.455163075235561791e+02
6.447794157262208046e+02
6.440536914243512001e+02
6.433387522636853646e+02
6.426349124462865348e+02
6.419424501685131190e+02
6.412719245002099342e+02
6.406241626912828906e+02
6.399961632448548698e+02
6.393921570401668077e+02
6.388002533398589549e+02
6.382204532988649817e+02
6.376527124783533509e+02
6.370969450622365002e+02
6.365530296264320214e+02
6.360313009868229983e+02
6.355246007960136012e+02
6.350292562251576101e+02
6.345450907387801180e+02
6.340719412192132722e+02
6.336096705144559564e+02
6.331632977399151514e+02
6.327356717578110192e+02
6.323314960898511572e+02
6.319386915193168761e+02
6.315661623850344313e+02
6.312090239029743088e+02
6.308635583694366460e+02
6.305371483196920508e+02
6.302507634069850155e+02
6.299956924449811595e+02
6.297639253904941370e+02
6.295532441658367588e+02
6.293586652755375326e+02
6.291988916596485524e+02
6.290680278632110003e+02
6.289769841504443093e+02
6.289303806186312613e+02
6.289462154224031565e+02
6.294446544310271747e+02
6.299828000233577541e+02
6.305662534773807693e+02
6.311792777074309697e+02
6.318327258609758701e+02
6.325346410767549514e+02
6.332741713922582676e+02
6.340591417574266870e+02
6.348882068068130593e+02
6.357727396269751807e+02
6.367234102852944488e+02
6.377113174881162649e+02
6.387323492035241088e+02
6.397861862110778475e+02
6.408733346785580807e+02
6.419923831936212082e+02
6.431677636344275015e+02
6.443937274746706407e+02
6.456877628423101214e+02
6.470397308054150471e+02
6.484372944315867926e+02
6.499015288536489834e+02
6.514397624542662015e+02
6.530326903089353436e+02
6.546928960262723649e+02
6.564298229747926143e+02
6.582039597245358209e+02
6.600238563926018287e+02
6.618880830594287090e+02
6.637837752798166093e+02
6.657107805794393016e+02
6.676728043046075527e+02
6.696925189274942340e+02
6.717423651491033070e+02
6.738282568803065260e+02
6.760153675909475623e+02
6.785572669661826239e+02
6.811298839444943951e+02
6.837272759664135720e+02
6.863730635156856579e+02
6.890701790254206571e+02
6.917980385300351145e+02
6.945398768884042511e+02
6.973005213538940552e+02
7.000858481209191950e+02
7.028906848572194122e+02
7.057177594696710230e+02
7.085474699950085551e+02
7.113949657634709638e+02
7.142685806819787331e+02
7.171989814456305794e+02
7.201649804958651657e+02
7.231445947370193608e+02
7.261509356110016142e+02
7.291806109305713335e+02
7.322409923148604776e+02
7.353924023774900434e+02
7.388968023387421908e+02
7.424524960362607544e+02
7.460509107997720548e+02
7.496988275493671381e+02
7.533791165679330106e+02
7.571074263146929297e+02
7.608772264397864546e+02
7.646921027353209865e+02
7.686374209375862847e+02
7.727359393426556835e+02
7.769666136096468563e+02
7.812426170416166542e+02
7.855612403147540590e+02
7.899060412392975650e+02
7.942886016342865787e+02
7.987069842987259563e+02
8.031690580662925640e+02
8.076757328049775424e+02
8.122413010891367549e+02
8.168426189705953675e+02
8.215082205962588660e+02
8.262354161971767326e+02
8.310029809573622970e+02
8.358190835471414175e+02
8.406983410256384559e+02
8.456555347114070855e+02
8.506583766771428827e+02
8.557032025266641995e+02
8.608074623624240758e+02
8.659735586883197129e+02
8.711820460778914139e+02
8.764458981635793862e+02
8.817536756053822273e+02
8.871274126725784299e+02
8.925534103147311953e+02
8.980353886567103245e+02
9.035854365462148508e+02
9.092232268493710308e+02
9.149045464924661246e+02
9.206462754225649405e+02
9.264418662057244092e+02
9.322812906539107871e+02
9.381678016805008156e+02
9.441240555228921494e+02
9.501371797068109117e+02
9.561962468302021989e+02
9.623020480106868035e+02
9.684554707731081180e+02
9.746574877764925304e+02
9.809193405317994348e+02
9.872364303887245569e+02
9.936279769176273930e+02
1.000434752228084108e+03
1.007536305380329850e+03
1.014699640193117830e+03
1.022010552169382208e+03
1.029721766470206148e+03
1.037507650818879029e+03
1.045348247793063820e+03
1.053240527987824862e+03
1.061203224563399544e+03
1.069234531195342242e+03
1.077332716277224790e+03
1.085487699499083192e+03
1.093719111350571438e+03
1.102011866720969238e+03
1.110359892310239957e+03
1.118843708886761760e+03
1.127403496426127504e+03
1.136018743922450312e+03
1.144690738322958623e+03
1.153434170985815626e+03
1.162256779280341561e+03
1.171148282525567311e+03
1.180102534910346549e+03
1.189121093793087766e+03
1.198205472782690322e+03
1.207357109556175828e+03
1.216827456029741825e+03
1.226634222028849081e+03
1.236515733094936195e+03
1.246477548398537238e+03
1.256508383785606384e+03
1.266607943248362972e+03
1.276874522800608702e+03
1.287264100660774375e+03
1.297744579950659272e+03
1.308291761207497984e+03
1.318906910685368075e+03
1.329599419131619470e+03
1.340356989384100643e+03
1.351179149525435150e+03
1.362065476137183850e+03
1.373015595130568272e+03
1.384033756436415160e+03
1.395131766005148620e+03
1.406297621712256841e+03
1.417526149457958581e+03
1.428821184546962286e+03
1.440197114146830700e+03
1.451834390694933973e+03
1.463813251990908611e+03
1.475851860733796229e+03
1.487956194395919283e+03
1.500123217520281287e+03
1.512348229768988858e+03
1.524650388513550297e+03
1.537006112291199997e+03
1.549419935081267568e+03
1.561888590392585684e+03
1.574404790538410907e+03
1.586976947690539646e+03
1.599596896054371882e+03
1.612259648434914197e+03
1.624975663615924987e+03
1.637732542494914696e+03
1.650533422590315922e+03
1.663378548991613116e+03
1.676263116446495815e+03
1.689224626716115836e+03
1.702237149734589593e+03
1.715279375130396147e+03
1.728349517320199084e+03
1.741445744886991633e+03
1.754566178129393393e+03
1.767737965971195081e+03
1.780983478635014308e+03
1.794266222134931468e+03
1.807578588943724981e+03
1.820914143073676314e+03
1.834266277863728646e+03
1.847628149107559011e+03
1.860997591139445149e+03
1.874441891240199539e+03
1.887903259885526495e+03
1.901365770291726221e+03
1.914827370118905037e+03
1.928292840448749303e+03
1.941773091034120171e+03
1.955261229216789616e+03
1.968741280077211286e+03
1.982211809807810141e+03
1.995685031689190964e+03
2.009146773205128056e+03
2.022682705891568958e+03
2.036232944442934468e+03
2.049769448007953542e+03
2.063292049116221733e+03
2.076802931105069547e+03
2.090311727315911412e+03
2.103807770024292495e+03
2.117292003665012089e+03
2.130765649143139399e+03
2.144284039372575080e+03
2.157854706195038489e+03
2.171419905451066370e+03
2.184981776067521423e+03
2.198542650794792280e+03
2.212105027194870672e+03
2.225695540028169489e+03
2.239317547068000749e+03
2.252966162521378919e+03
2.266631582003683434e+03
2.280390175845122485e+03
2.294336034506004580e+03
2.308301835746789038e+03
2.322353062727358520e+03
2.336526882015815318e+03
2.350738466816128494e+03
