9.734819279302970972e+05
9.736160201190002263e+05
9.737467923872460378e+05
9.738748156791880028e+05
9.740002487480384298e+05
9.741231889367625117e+05
9.742437207890867721e+05
9.743612945172289619e+05
9.744762839880591491e+05
9.745886806314613204e+05
9.746991506143308943e+05
9.748081050569569925e+05
9.749152324397835182e+05
9.750206660180280451e+05
9.751248014858902898e+05
9.752281495524693746e+05
9.753305896615952952e+05
9.754323680137675256e+05
9.755333584746852284e+05
9.756338339779484086e+05
9.757335739821416792e+05
9.758324610050772317e+05
9.759305805708664702e+05
9.760284912117033964e+05
9.761262889680006774e+05
9.762240835820768261e+05
9.763221580774742179e+05
9.764204643805304077e+05
9.765193083488525590e+05
9.766191490865467349e+05
9.767196041957740672e+05
9.768211384308433626e+05
9.769244717988078482e+05
9.770290253679171437e+05
9.771351377835466992e+05
9.772428368038886692e+05
9.773514063062580535e+05
9.774617523920738604e+05
9.775741669605536154e+05
9.776895049471950624e+05
9.778073474619251210e+05
9.779280354724255158e+05
9.780518766616695793e+05
9.781785337793895742e+05
9.783087165455298964e+05
9.784421307419880759e+05
9.785792096068875398e+05
9.787200836336032953e+05
9.788654218988735229e+05
9.790150268353633583e+05
9.791692339781854535e+05
9.793275806513439165e+05
9.794896348105977522e+05
9.796566144573038910e+05
9.798294676377387950e+05
9.800083038924514549e+05
9.801928114703957690e+05
9.803832696401410503e+05
9.805790330400720704e+05
9.807803481209073216e+05
9.809880904089612886e+05
9.812017257802824024e+05
9.814217200105948141e+05
9.816492098916438408e+05
9.818842384312506765e+05
9.821271521843981463e+05
9.823773669966546586e+05
9.826341090809741290e+05
9.828978730323035270e+05
9.831688465517985169e+05
9.834457309221839532e+05
9.837298941296607954e+05
9.840207638836032711e+05
9.843193410490514943e+05
9.846254850485720672e+05
9.849393469075215980e+05
9.852608812524197856e+05
9.855904853128488176e+05
9.859274189057546901e+05
9.862726843811280560e+05
9.866256785662468756e+05
9.869864480697262334e+05
9.873543111134986393e+05
9.877294556289593456e+05
9.881129516531521222e+05
9.885048158377509099e+05
9.889048738374173408e+05
9.893127813563081436e+05
9.897289300218620338e+05
9.901532876047838945e+05
9.905854483209025348e+05
9.910255757153185550e+05
9.914743906242953381e+05
9.919312591367865680e+05
9.923956538559575565e+05
9.928682818731726147e+05
9.933486903476268053e+05
9.938372748515903950e+05
9.943331218909543240e+05
9.948364884336184477e+05
9.953483359362804331e+05
9.958686074026664719e+05
9.963972096569313435e+05
9.969344025707978290e+05
9.974795112715715077e+05
9.980328067522703204e+05
9.985940904164112872e+05
9.991628871645352338e+05
9.997406824720181758e+05
1.000326491741713951e+06
1.000920401979691582e+06
1.001522718266961281e+06
1.002133499948532903e+06
1.002752108553482336e+06
1.003379072280888446e+06
1.004013644762484706e+06
1.004656527432046714e+06
1.005307563836544286e+06
1.005967120210328489e+06
1.006634902728843270e+06
1.007309937030712259e+06
1.007992737849411205e+06
1.008684099779886543e+06
1.009384109640477691e+06
1.010091058697806438e+06
1.010805621772776125e+06
1.011527946317114984e+06
1.012258769902500324e+06
1.012998758433563984e+06
1.013747275027155876e+06
1.014503310536329634e+06
1.015266929917517002e+06
1.016038353693678277e+06
1.016818103489359724e+06
1.017605599472353584e+06
1.018399964324514498e+06
1.019202375332654337e+06
1.020013560613932554e+06
1.020832515869888943e+06
1.021659306825689157e+06
1.022494002731636749e+06
1.023336279384087655e+06
1.024186461199605139e+06
1.025043772516599740e+06
1.025908519889478805e+06
1.026780457274933113e+06
1.027659516153759556e+06
1.028545234145652968e+06
1.029437899704270414e+06
1.030337053951602895e+06
1.031242876140402048e+06
1.032156298475662130e+06
1.033077376671824837e+06
1.034005863985359203e+06
1.034941526347693638e+06
1.035884249812890193e+06
1.036834446440561907e+06
1.037792004191273823e+06
1.038757625105176703e+06
1.039731454157360597e+06
1.040712415426428546e+06
1.041700667368903989e+06
1.042696083721871488e+06
1.043697943762558396e+06
1.044705667939413572e+06
1.045720569829120184e+06
1.046742658092172933e+06
1.047771396358451340e+06
1.048806169570544967e+06
1.049847241640727501e+06
1.050894158520014957e+06
1.051946633428200614e+06
1.053005410185370827e+06
1.054070783082684735e+06
1.055141450601503253e+06
1.056216370019836351e+06
1.057296413011411438e+06
1.058382210777305299e+06
1.059473847840769915e+06
1.060570829019043595e+06
1.061672165784301236e+06
1.062778083914509742e+06
1.063889466780438554e+06
1.065004653681111289e+06
1.066125636366543360e+06
1.067250006076389225e+06
1.068376817532307701e+06
1.069508177608961239e+06
1.070643425809661625e+06
1.071781498125893995e+06
1.072921652112312149e+06
1.074065329910277389e+06
1.075212183225507848e+06
1.076361875213514781e+06
1.077515677056343062e+06
1.078671682753644418e+06
1.079829472583704628e+06
1.080988362930829870e+06
1.082149536991757341e+06
1.083311955197662115e+06
1.084476577204586705e+06
1.085642072308184346e+06
1.086807414215255762e+06
1.087973730067435885e+06
1.089140457387985894e+06
1.090307853946984047e+06
1.091475649033556459e+06
1.092643213304884732e+06
1.093810206613997696e+06
1.094976829572669929e+06
1.096143692624612013e+06
1.097310380454902304e+06
1.098476174518549815e+06
1.099640609535290161e+06
1.100804131295593921e+06
1.101966280000045430e+06
1.103125146299161017e+06
1.104280759065252729e+06
1.105433772923004813e+06
1.106585364012348000e+06
1.107734165689374786e+06
1.108879744483140064e+06
1.110022011124055833e+06
1.111161068786610384e+06
1.112297610498275841e+06
1.113432093458976829e+06
1.114563447810346959e+06
1.115691069911003113e+06
1.116814400483669946e+06
1.117934067164367530e+06
1.119048733835627325e+06
1.120158406561739044e+06
1.121263696728845593e+06
1.122364276404598262e+06
1.123460301120179705e+06
1.124550174555756152e+06
1.125634529576239642e+06
1.126713323895095615e+06
1.127786239711408736e+06
1.128851849857863272e+06
1.129911286558520515e+06
1.130963112003777642e+06
1.132006783498161705e+06
1.133043396861229558e+06
1.134072800505077001e+06
1.135093710292492062e+06
1.136106796208566288e+06
1.137111999108365504e+06
1.138107816923383856e+06
1.139095575249392772e+06
1.140075479921903927e+06
1.141049360122153535e+06
1.142014018898545997e+06
1.142969193026537308e+06
1.143916358074387768e+06
1.144856081723963143e+06
1.145787657934542047e+06
1.146712550614343723e+06
1.147628704598882934e+06
1.148536794645226328e+06
1.149437160386015428e+06
1.150330015202282928e+06
1.151215866936982144e+06
1.152094620644052280e+06
1.152966269502266543e+06
1.153832074267443735e+06
1.154690255011896370e+06
1.155542788470723666e+06
1.156389076046116417e+06
1.157228605801299680e+06
1.158061853981995257e+06
1.158891098083160818e+06
1.159713822163099190e+06
1.160531849199300865e+06
1.161343632655612892e+06
1.162150173993258737e+06
1.162951103090091608e+06
1.163745198286587140e+06
1.164532886564646615e+06
1.165316251960474532e+06
1.166094487580715446e+06
1.166867534649886657e+06
1.167635273813139647e+06
1.168397974981902633e+06
1.169156425371049205e+06
1.169910021190825850e+06
1.170659458408228587e+06
1.171404402659835527e+06
1.172144184634661768e+06
1.172879972897074185e+06
1.173611479636668693e+06
1.174338481318259845e+06
1.175062303601577412e+06
1.175782277949810261e+06
1.176498287797170691e+06
1.177210715317656752e+06
1.177921342443747213e+06
1.178628544102731859e+06
1.179330382067432161e+06
1.180027769109984860e+06
1.180721008333180100e+06
1.181411998973224079e+06
1.182100200829152949e+06
1.182786497300782008e+06
1.183471417636271566e+06
1.184154627766049001e+06
1.184835690845531877e+06
1.185513895758965984e+06
1.186190908564335667e+06
1.186866850985395955e+06
1.187540034197796369e+06
1.188211781283141579e+06
1.188883402920337860e+06
1.189554402635310311e+06
1.190224550028032158e+06
1.190892008774121990e+06
1.191559165275597712e+06
1.192224525723391213e+06
1.192888087150063133e+06
1.193551129097639350e+06
1.194213834034913452e+06
1.194874732897986425e+06
1.195535279260023963e+06
1.196196393536682706e+06
1.196857472102863481e+06
1.197517564054258633e+06
1.198175893947046483e+06
1.198832202577417018e+06
1.199487680831808597e+06
1.200143987431786722e+06
1.200800571139769163e+06
1.201455629890862852e+06
1.202109138301979052e+06
1.202760423100276617e+06
1.203409644727719482e+06
1.204057069291349035e+06
1.204702220491691725e+06
1.205346101472596638e+06
1.205989906828242354e+06
1.206633336696608225e+06
1.207277159505869262e+06
1.207920964680732926e+06
1.208563395359453745e+06
1.209204025285980897e+06
1.209843032301689032e+06
1.210482714367505629e+06
1.211120838169721887e+06
1.211757829972004052e+06
1.212394698839584365e+06
1.213029790301871486e+06
1.213664066380415112e+06
1.214297810830311384e+06
1.214931137927542906e+06
1.215563929645820754e+06
1.216195959933196660e+06
1.216825797240276355e+06
1.217454999057962792e+06
1.218082090821777238e+06
1.218706809591387631e+06
1.219329438994739903e+06
1.219950332418150036e+06
1.220571150667095324e+06
1.221189568528809352e+06
1.221805096288151573e+06
1.222419191395493923e+06
1.223031122404632624e+06
1.223639988546536304e+06
1.224246061783253914e+06
1.224849267483390635e+06
1.225448759460758884e+06
1.226046435907191131e+06
1.226643191757232184e+06
1.227236487867675023e+06
1.227825608836442465e+06
1.228410954097721493e+06
1.228992590978337219e+06
1.229570157302947016e+06
1.230146007359744282e+06
1.230718981911835726e+06
1.231289561143096071e+06
1.231856318626632448e+06
1.232419814422593452e+06
1.232979076783633325e+06
1.233532955841192976e+06
1.234082166076020803e+06
1.234629103854476940e+06
1.235172611902511911e+06
1.235713429095765343e+06
1.236249992116776295e+06
1.236781923502934398e+06
1.237310108361473773e+06
1.237834630627428647e+06
1.238353540983931627e+06
1.238867492827918380e+06
1.239377651279138867e+06
1.239881430912505370e+06
1.240379348277160432e+06
1.240872276493840851e+06
1.241360171598064015e+06
1.241842947258275934e+06
1.242320609002875397e+06
1.242792207887989935e+06
1.243257927406823728e+06
1.243719212388582993e+06
1.244175293488491559e+06
1.244626330184467370e+06
1.245071904514850583e+06
1.245512456182020949e+06
1.245946874727299437e+06
1.246375693237634609e+06
1.246799189526206814e+06
1.247216549910023808e+06
1.247628736289554276e+06
1.248035412706742296e+06
1.248436520365744829e+06
1.248832036450891290e+06
1.249220607860580320e+06
1.249604085947889602e+06
1.249982608731730143e+06
1.250355460579484003e+06
1.250722369114753092e+06
1.251083723090129439e+06
1.251438972047493095e+06
1.251788784591819858e+06
1.252132125096654752e+06
1.252469301701248623e+06
1.252801362674985081e+06
1.253127656433701515e+06
1.253448654873169959e+06
1.253765720813576831e+06
1.254077228846368846e+06
1.254382484075840563e+06
1.254681029760899255e+06
1.254973122511352412e+06
1.255259703501466196e+06
1.255539865682240808e+06
1.255813762014575303e+06
1.256082234596774913e+06
1.256344713094143197e+06
1.256600960730347550e+06
1.256851639042648487e+06
1.257094945704424288e+06
1.257331440348494332e+06
1.257560639350192156e+06
1.257783601045146817e+06
1.257999922056003241e+06
1.258208768093738239e+06
1.258411433447577758e+06
1.258608055024185684e+06
1.258799085532789351e+06
1.258984873684855644e+06
1.259163231601430336e+06
1.259334824553861050e+06
1.259499901407840662e+06
1.259657845559455222e+06
1.259807508786523715e+06
1.259952090901218122e+06
1.260091785012631444e+06
1.260225684826095589e+06
1.260352884140444454e+06
1.260472871624111664e+06
1.260586988031189656e+06
1.260694466994647169e+06
1.260795464994125767e+06
1.260891207530940650e+06
1.260981161313894670e+06
1.261065127277677180e+06
1.261142436626117211e+06
1.261213434519525850e+06
1.261279082679243991e+06
1.261339651710989419e+06
1.261394860652604839e+06
1.261446307206455618e+06
1.261492205367545830e+06
1.261532518618945964e+06
1.261566209408451105e+06
1.261591543583976105e+06
1.261609178851588629e+06
1.261620254660685780e+06
1.261624417276759632e+06
1.261621342293655500e+06
1.261611043613557937e+06
1.261594028757234570e+06
1.261570571427517338e+06
1.261541343428092776e+06
1.261507045738053042e+06
1.261467138198435074e+06
1.261420205654399004e+06
1.261365595528607257e+06
1.261303031142818509e+06
1.261235566736193839e+06
1.261162431136606028e+06
1.261083227403806290e+06
1.260996915096268058e+06
1.260904578963565873e+06
1.260805759939267533e+06
1.260700455698631471e+06
1.260589642949136207e+06
1.260472251334895147e+06
1.260348551947650500e+06
1.260218784533889033e+06
1.260083031840445939e+06
1.259941332508749096e+06
1.259795097727916902e+06
1.259642055327370064e+06
1.259483442954155616e+06
1.259317206426762510e+06
1.259144144246352836e+06
1.258965351513961796e+06
1.258780627835311694e+06
1.258590539115108782e+06
1.258394550289844163e+06
1.258190647568172310e+06
1.257979658361541806e+06
1.257761649911746150e+06
1.257538480377917411e+06
1.257309205754604191e+06
1.257075215542819351e+06
1.256835069283853518e+06
1.256588476519317832e+06
1.256334232219885336e+06
1.256074259450436337e+06
1.255808799435477005e+06
1.255537989044417161e+06
1.255261228957346408e+06
1.254979646036713151e+06
1.254692166486201342e+06
1.254398520685200579e+06
1.254099863951338222e+06
1.253793580577252898e+06
1.253481989834868582e+06
1.253166258514158195e+06
1.252845903631631052e+06
1.252518957637944492e+06
1.252186643913599895e+06
1.251849683321885066e+06
1.251505020361445146e+06
1.251154396180540556e+06
1.250798451659659622e+06
1.250436715419687796e+06
1.250070066070655128e+06
1.249697497394442093e+06
1.249318602712707827e+06
1.248934528751802165e+06
1.248544665311691118e+06
1.248148045077918330e+06
1.247744301620970480e+06
1.247334865648575360e+06
1.246920265107130399e+06
1.246501098493045196e+06
1.246077861204014625e+06
1.245649172113759443e+06
1.245214724720262690e+06
1.244776197665839689e+06
1.244332702669978375e+06
1.243883311850768048e+06
1.243428040309322067e+06
1.242968438428531401e+06
1.242504762518303236e+06
1.242036195839672349e+06
1.241563594181606313e+06
1.241085774737513391e+06
1.240602898720163386e+06
1.240116078462097561e+06
1.239625167511034058e+06
1.239129133416775381e+06
1.238629805650138995e+06
1.238126061442483682e+06
1.237616673808891559e+06
1.237102300630356418e+06
1.236583768722766312e+06
1.236059089501111768e+06
1.235528663856589468e+06
1.234993944088561460e+06
1.234454691892606905e+06
1.233911309513138141e+06
1.233365346598806325e+06
1.232815742529435549e+06
1.232260050818453543e+06
1.231698843750616536e+06
1.231132082907815697e+06
1.230561044354963116e+06
1.229985804919822374e+06
1.229405732316287933e+06
1.228820542886083480e+06
1.228230908159244340e+06
1.227638376771139214e+06
1.227042026235159487e+06
1.226442018968157005e+06
1.225839198903189506e+06
1.225232625099798432e+06
1.224622973404908786e+06
1.224008748434837442e+06
1.223389250669236528e+06
1.222764586988867959e+06
1.222135771393620642e+06
1.221502164590846049e+06
1.220864379101021448e+06
1.220222359462831635e+06
1.219576369769059820e+06
1.218925496141790180e+06
1.218270963385515381e+06
1.217613282330645248e+06
1.216951894297129242e+06
1.216287239689853508e+06
1.215619311625360511e+06
1.214947174874240300e+06
1.214271812034466071e+06
1.213591774227429181e+06
1.212908780839366140e+06
1.212222139043378644e+06
1.211530859541180544e+06
1.210835287808413850e+06
1.210135248680213233e+06
1.209431766714319354e+06
1.208725119265896268e+06
1.208016447669795947e+06
1.207304454175883438e+06
1.206589521573829697e+06
1.205870278867089190e+06
1.205146865485519171e+06
1.204420994786922587e+06
1.203692315125649795e+06
1.202959581635592040e+06
1.202222406440700404e+06
1.201482902060213964e+06
1.200740851211572532e+06
1.199996284533600090e+06
1.199247418841955950e+06
1.198494998422321863e+06
1.197738742879136931e+06
1.196978565316821449e+06
1.196214602124224883e+06
1.195446987827833043e+06
1.194676654395973776e+06
1.193902752059419872e+06
1.193125510952392826e+06
1.192346773205064004e+06
1.191564663266925840e+06
1.190780306717500556e+06
1.189993162273599999e+06
1.189203474132427014e+06
1.188410050074144965e+06
1.187613433857181342e+06
1.186812994775980245e+06
1.186009745733462274e+06
1.185202412656926317e+06
1.184391973517514532e+06
1.183577185027521336e+06
1.182759093150628963e+06
1.181939033465814078e+06
1.181115018139884109e+06
1.180288176950797439e+06
1.179459067612744402e+06
1.178627211488083936e+06
1.177793036956137745e+06
1.176956417929820251e+06
1.176116850342095597e+06
1.175272884551187279e+06
1.174426141908690799e+06
1.173575637821363751e+06
1.172721955245441524e+06
1.171865339873155346e+06
1.171006120931329438e+06
1.170143731173996115e+06
1.169280332212278387e+06
1.168415656260605436e+06
1.167548769240023568e+06
1.166678676251542754e+06
1.165806192905577598e+06
1.164932909594405675e+06
1.164058842955822824e+06
1.163182705031779828e+06
1.162304244780893903e+06
1.161423845414456446e+06
1.160540711990641896e+06
1.159655042853264371e+06
1.158768671024576062e+06
1.157879453664284665e+06
1.156989400146790082e+06
1.156096988519895123e+06
1.155201478258543415e+06
1.154302995812259382e+06
1.153401953020046232e+06
1.152499702139970846e+06
1.151595706375830341e+06
1.150688994885111228e+06
1.149779494322302984e+06
1.148867736644982360e+06
1.147953385062203510e+06
1.147038996334659634e+06
1.146123545493915211e+06
1.145207221254752018e+06
1.144289067761373939e+06
1.143368957330526318e+06
1.142447719210929936e+06
1.141526174743610900e+06
1.140603750730983680e+06
1.139680494796584593e+06
1.138757113814855227e+06
1.137832283023220953e+06
1.136905305419947486e+06
1.135975652970201336e+06
1.135044558651199332e+06
1.134113181526706554e+06
1.133180660272223875e+06
1.132246832883308642e+06
1.131311184668545611e+06
1.130374733294149861e+06
1.129437270652684383e+06
1.128499105608355720e+06
1.127560497643714538e+06
1.126620218962831423e+06
1.125678307953214739e+06
1.124735547714479035e+06
1.123791695808704011e+06
1.122845801032623742e+06
1.121899331226217560e+06
1.120952248104787199e+06
1.120003548134444049e+06
1.119053350443709176e+06
1.118102500616794219e+06
1.117150340188738657e+06
1.116196357329100138e+06
1.115240177071850514e+06
1.114282367428092519e+06
1.113324284364812309e+06
1.112363804665194126e+06
1.111401801636516349e+06
1.110438391271199798e+06
1.109473528250287985e+06
1.108507414440387394e+06
1.107538072171197273e+06
1.106568367409206694e+06
1.105597888998281211e+06
1.104626897253849078e+06
1.103654806762541411e+06
1.102682093094379408e+06
1.101709527374231955e+06
1.100736164928805782e+06
1.099762311906209914e+06
1.098786719124386087e+06
1.097810551161229610e+06
1.096833349457509816e+06
1.095856911126589403e+06
1.094880402635176200e+06
1.093902692688014591e+06
1.092925752680209465e+06
1.091948224803391378e+06
1.090970800810929853e+06
1.089993421823145822e+06
1.089015023628180148e+06
1.088036737865286414e+06
1.087057830755804200e+06
1.086078802094612736e+06
1.085097888191038975e+06
1.084115829692275263e+06
1.083133851947339950e+06
1.082150487977885175e+06
1.081166333862971980e+06
1.080182408546771621e+06
1.079198550308867823e+06
1.078213008762053913e+06
1.077226776236194186e+06
1.076241416097005131e+06
1.075257315798121039e+06
1.074273205106857931e+06
1.073288673083851580e+06
1.072302986696452834e+06
1.071317501340063056e+06
1.070333442260007840e+06
1.069350199289381271e+06
1.068368069056353066e+06
1.067386301135314163e+06
1.066404107206596760e+06
1.065423078953932971e+06
1.064442476243474521e+06
1.063463057296521030e+06
1.062485328295914223e+06
1.061508701035306090e+06
1.060531945757952519e+06
1.059555980886403704e+06
1.058580437018067809e+06
1.057606076338572195e+06
1.056632490001133410e+06
1.055661303620781284e+06
1.054691669829799561e+06
1.053723680473755114e+06
1.052757959071066231e+06
1.051795241642710520e+06
1.050834738938326715e+06
1.049876677341255127e+06
1.048920535707865143e+06
1.047967687572662719e+06
1.047017435711433529e+06
1.046070044147741632e+06
1.045125214839165797e+06
1.044182493973416509e+06
1.043241893353866762e+06
1.042303626265541068e+06
1.041366980867543025e+06
1.040432633267545258e+06
1.039500703832786297e+06
1.038570114324349444e+06
1.037642171605604235e+06
1.036716942506712279e+06
1.035794117660306743e+06
1.034874445952413254e+06
1.033958161013146862e+06
1.033044007775774575e+06
1.032131533939164830e+06
1.031221566285992390e+06
1.030315442308967584e+06
1.029412598340123077e+06
1.028513046988664777e+06
1.027616760516044451e+06
1.026724337506208918e+06
1.025835046968157636e+06
1.024948760074605118e+06
1.024066329715962172e+06
1.023187501437889179e+06
1.022312974984639906e+06
1.021442615983578609e+06
1.020576144746808452e+06
1.019712658668873133e+06
1.018852382803623332e+06
1.017997484513305011e+06
1.017146898017591098e+06
1.016300441864352091e+06
1.015458696641144576e+06
1.014621547295580152e+06
1.013788903100506635e+06
1.012961170439411653e+06
1.012138205252687796e+06
1.011320614509342122e+06
1.010509141268629348e+06
1.009702444856632035e+06
1.008899542797434842e+06
1.008101383364293608e+06
1.007308936185438535e+06
1.006521075950710336e+06
1.005738239916008897e+06
1.004961458189819125e+06
1.004190847239073366e+06
1.003426363339130417e+06
1.002667414860991645e+06
1.001914099714511191e+06
1.001166192123881425e+06
1.000423971942953067e+06
9.996884858226253418e+05
9.989589114380032988e+05
9.982348540812809952e+05
9.975161115561766783e+05
9.968039274245395791e+05
9.960982834872498643e+05
9.953995572481728159e+05
9.947068372979523847e+05
9.940204180055455072e+05
9.933407889177186880e+05
9.926669713692701189e+05
9.919992041864234488e+05
9.913378837149138562e+05
9.906825317103421548e+05
9.900347694788238732e+05
9.893938665212640772e+05
9.887596586222744081e+05
9.881327423145783832e+05
9.875131058913877932e+05
9.869012694227850297e+05
9.862971151620341698e+05
9.857016612361031584e+05
9.851137386318204226e+05
9.845327475369493477e+05
9.839591387912953505e+05
9.833934730139065068e+05
9.828352428773033898e+05
9.822848916024689097e+05
9.817428640682415571e+05
9.812095290889840107e+05
9.806839652640004642e+05
9.801669805265216855e+05
9.796584656948639313e+05
9.791579950369379949e+05
9.786647985787870130e+05
9.781795768237592420e+05
9.777021181616351241e+05
9.772333232058240101e+05
9.767735691946902080e+05
9.763224926370822359e+05
9.758797556385238422e+05
9.754456439596918644e+05
9.750197116743025836e+05
9.746025843574475730e+05
9.741940390918292105e+05
9.737944232487478293e+05
9.734036775888656266e+05
9.730219325360332150e+05
9.726498810671389801e+05
9.722874625668013468e+05
9.719338868812225992e+05
9.715895360045932466e+05
9.712547120640168432e+05
9.709285628261392703e+05
9.706114798965043155e+05
9.703047841499551432e+05
9.700082214016111102e+05
9.697216514090495184e+05
9.694445667646017391e+05
9.691767273955288110e+05
9.689177501308763167e+05
9.686681682522468036e+05
9.684289779848619364e+05
9.681999611383270239e+05
9.679798553307167022e+05
9.677691510870588245e+05
9.675679676228824537e+05
9.673756561064929701e+05
9.671923292241941672e+05
9.670181092382021016e+05
9.668528451338368468e+05
9.666961036572516896e+05
9.665493582607742865e+05
9.664125259915767238e+05
9.662850209338105051e+05
9.661662686298120534e+05
9.660567106477427296e+05
9.659561777296487708e+05
9.658645611199412961e+05
9.657820936896081548e+05
9.657089888091288740e+05
9.656445411217800574e+05
9.655887977795337792e+05
9.655418773070130264e+05
9.655031714545339346e+05
9.654728059982105624e+05
9.654515308686480857e+05
9.654383699063410750e+05
9.654336275246134028e+05
9.654371831042653648e+05
9.654482981821100693e+05
9.654674151773819467e+05
9.654942047974091256e+05
9.655289893438251456e+05
9.655713341379518388e+05
9.656207477633197559e+05
9.656769943531336030e+05
9.657402130454358412e+05
9.658099705855469219e+05
9.658864702281727223e+05
9.659697670871324372e+05
9.660587945633779746e+05
9.661529437619912205e+05
9.662525450450456701e+05
9.663579051905231318e+05
9.664684511166140437e+05
9.665838084468131419e+05
9.667040081622424768e+05
9.668281125965260435e+05
9.669564580697407946e+05
9.670889497825336875e+05
9.672249719051411375e+05
9.673645073909971397e+05
9.675079508367123781e+05
9.676551856207748642e+05
9.678055113120716996e+05
9.679581695807876531e+05
9.681133639874163782e+05
9.682713202547479887e+05
9.684315885848710313e+05
9.685942725533634657e+05
9.687585435557165183e+05
9.689247328446136089e+05
9.690923276933226734e+05
9.692610516859686468e+05
9.694304679921175120e+05
9.696007085284163477e+05
9.697720199607340619e+05
9.699436858854099410e+05
9.701152468882577959e+05
9.702869766147527844e+05
9.704587679830518318e+05
9.706301257532986347e+05
9.708012696244397666e+05
9.709724050409251358e+05
9.711428361212314339e+05
9.713121407995304326e+05
9.714802503172128927e+05
9.716469740547599504e+05
9.718119922823433299e+05
9.719752901027585613e+05
9.721366752572524128e+05
9.722961327802252490e+05
9.724535245868061902e+05
9.726087117854164680e+05
9.727616456923774676e+05
9.729118054444530280e+05
9.730588695822362788e+05
9.732031025279895402e+05
9.733442887507707346e+05
9.734819279302970972e+05
