1.926406072269882543e+03
1.932635641316858255e+03
1.938740774540626262e+03
1.945116308187931963e+03
1.951703493166179896e+03
1.958521269630150528e+03
1.965350240185554185e+03
1.972277421350301438e+03
1.979901480122107614e+03
1.987800323252172120e+03
1.996123425996993774e+03
2.004460406515298928e+03
2.013453976149909522e+03
2.024163560716244547e+03
2.034645314287226029e+03
2.044896129425883373e+03
2.054881406754088403e+03
2.065162183544106483e+03
2.076021345292037950e+03
2.086901205326792478e+03
2.097591813563427877e+03
2.108616004632924160e+03
2.119575082546163685e+03
2.130477580502951241e+03
2.141141893512080060e+03
2.151812341555763851e+03
2.162408173816052113e+03
2.172854485227056557e+03
2.183276687635832786e+03
2.193599993126868412e+03
2.203780487056923448e+03
2.213831527524973353e+03
2.223818999049590275e+03
2.233702861247531928e+03
2.243504142369760302e+03
2.253239130651433697e+03
2.262915922861036051e+03
2.272527507290091307e+03
2.282079064293478950e+03
2.291805837762107785e+03
2.301891811197144307e+03
2.311930558510666742e+03
2.321910274454347018e+03
2.331879943034480675e+03
2.341914446940420930e+03
2.351869817434003835e+03
2.361727180376663455e+03
2.371464251421521567e+03
2.381066708111145090e+03
2.390519905386009214e+03
2.399844613525993736e+03
2.409366244047134387e+03
2.418706075400485133e+03
2.428097729051041370e+03
2.437354196147010498e+03
2.446380306752288561e+03
2.455412457010004800e+03
2.464361021389871894e+03
2.473061216421029712e+03
2.481492887743588653e+03
2.491407506923792425e+03
2.501549185087509159e+03
2.511549088732012933e+03
2.521233454849467307e+03
2.530582965998983127e+03
2.539585809959076869e+03
2.548231943108642554e+03
2.556630857944435775e+03
2.564760769167765829e+03
2.572593497303269487e+03
2.580192997319628830e+03
2.587776406137232243e+03
2.595196142908675029e+03
2.602234861815587465e+03
2.608903863298818123e+03
2.615218943518532342e+03
2.621499769608845327e+03
2.628078812653021032e+03
2.634637802600605028e+03
2.641004180868118965e+03
2.647333499144128837e+03
2.654344640524447641e+03
2.662159040437185467e+03
2.669682076412219430e+03
2.676839957525299724e+03
2.683632853124237045e+03
2.690404077625231366e+03
2.697014787459014315e+03
2.703265232014095545e+03
2.709250475116191865e+03
2.717011852869870836e+03
2.724444469949151426e+03
2.731567666721137357e+03
2.738403027147778175e+03
2.744869102768502671e+03
2.751004361180301657e+03
2.756797343693373477e+03
2.762219682640522478e+03
2.767294771743523597e+03
2.772104150392109204e+03
2.776561194033071843e+03
2.780675306602933688e+03
2.784457230035806333e+03
2.787926556797285684e+03
2.791093924291212261e+03
2.793966572226276185e+03
2.796606651324555969e+03
2.799356163929783179e+03
2.802601642051422914e+03
2.805797965038914299e+03
2.808826675851960772e+03
2.811621639781855265e+03
2.814204879250507020e+03
2.816765557512318082e+03
2.820396590047198060e+03
2.824492492851743918e+03
2.828535944597614616e+03
2.832338443663040835e+03
2.835891446775966870e+03
2.839186121636137614e+03
2.842213647543449497e+03
2.845327225205722243e+03
2.848303411947683799e+03
2.851303681391748796e+03
2.854813502074793178e+03
2.858204327975828619e+03
2.861279118723662123e+03
2.864031817521918128e+03
2.866468885141039664e+03
2.868579824757981442e+03
2.870531218524717133e+03
2.872202386330549416e+03
2.873548456418017395e+03
2.874574223833013093e+03
2.875286074131546229e+03
2.876179646083899570e+03
2.877139060802409404e+03
2.877809208161952483e+03
2.879200566409371277e+03
2.880763772344658264e+03
2.883923701330032600e+03
2.887575611566512634e+03
2.891536285324071287e+03
2.895415805470678151e+03
2.899086095717668286e+03
2.902661477189660218e+03
2.906085721834613651e+03
2.909730605327516969e+03
2.913225083139624076e+03
2.916493822879158870e+03
2.919483424121970529e+03
2.922526660236570933e+03
2.925530700743549005e+03
2.928300334508659034e+03
2.930919009836001351e+03
2.933364345001353286e+03
2.936716456697867670e+03
2.940654699928093578e+03
2.945617522323122103e+03
2.950924329089851199e+03
2.956188010027291057e+03
2.961445559933259574e+03
2.966551534761865696e+03
2.971514237437794691e+03
2.976251511708183443e+03
2.981435073762408138e+03
2.986937912797043282e+03
2.992301786712213016e+03
2.997667504473976805e+03
3.002968633955745645e+03
3.008111037912794927e+03
3.013580179267834865e+03
3.019512065130049450e+03
3.026484055243444800e+03
3.033199417045145765e+03
3.039651794199726282e+03
3.045841554001877739e+03
3.052027801292529148e+03
3.058116146511318220e+03
3.063951592175083533e+03
3.070364508651541655e+03
3.076718201704261446e+03
3.082844816982009888e+03
3.089274197926139550e+03
3.095535230161282470e+03
3.102092063581576440e+03
3.109807044398375638e+03
3.117665310819341812e+03
3.125437981007420603e+03
3.132882741615809209e+03
3.139982695564094684e+03
3.147193093809705260e+03
3.154368771308957548e+03
3.161152932122839957e+03
3.167535079866301203e+03
3.173506155515104183e+03
3.179072211958748085e+03
3.184265880895088230e+03
3.189151278052652742e+03
3.193915423073460715e+03
3.198653990831662668e+03
3.203072792247001416e+03
3.207293612185882921e+03
3.211309790079312734e+03
3.215021543899714288e+03
3.218326666949162700e+03
3.221945917291848673e+03
3.225812887548407161e+03
3.229308389786195221e+03
3.232587591606394653e+03
3.235863511888859648e+03
3.239861210716224832e+03
3.243896326710031644e+03
3.248191110360960465e+03
3.252644664184143949e+03
3.256758387227813728e+03
3.260901076049105541e+03
3.264994153061777070e+03
3.269068554937482986e+03
3.272893553529534074e+03
3.276498844304384875e+03
3.279755456177819724e+03
3.282854170811761378e+03
3.285958882277702287e+03
3.288706266908890484e+03
3.291172985164444981e+03
3.293440756296203745e+03
3.295982103633456973e+03
3.298205013591003990e+03
3.300045252577956944e+03
3.301579335156970956e+03
3.302672161856944513e+03
3.303333797737102032e+03
3.303462702698285284e+03
3.303096232640169092e+03
3.302167758201826928e+03
3.300721415876957963e+03
3.298755589948523266e+03
3.297281826316111164e+03
3.296209567810307817e+03
3.294765944652577673e+03
3.293566855472932275e+03
3.291939459071024885e+03
3.290073922800935179e+03
3.287841701159326476e+03
3.285423528364777212e+03
3.283849168736974207e+03
3.282154402144255073e+03
3.280877127102513896e+03
3.281586897412462349e+03
3.281903035111725330e+03
3.281630275808631268e+03
3.280767777507309802e+03
3.279620700394056257e+03
3.278069572251005866e+03
3.276183543876304611e+03
3.274343897599448610e+03
3.272290286734825258e+03
3.269986644758737839e+03
3.267709921558187489e+03
3.265608940028501820e+03
3.263049248551325945e+03
3.260034259103174918e+03
3.257170111298129086e+03
3.254007348734960942e+03
3.250433872223331946e+03
3.246961120968115210e+03
3.243844744614984393e+03
3.240500709323803221e+03
3.237502269018789775e+03
3.234206004099934489e+03
3.230537263648703174e+03
3.226453178942928389e+03
3.221959550494970699e+03
3.217074671747547654e+03
3.211944768343731539e+03
3.206565954172184320e+03
3.200862805364693941e+03
3.195645490596801210e+03
3.193175092804267479e+03
3.190455363637797745e+03
3.187695145987599062e+03
3.184711111980612259e+03
3.181534272354657332e+03
3.178004327289727371e+03
3.174171284945612570e+03
3.170605834931230220e+03
3.167580614309505108e+03
3.164216686648375344e+03
3.160519007965020592e+03
3.156953036910952505e+03
3.153146056394835796e+03
3.149021342900942727e+03
3.144590313680872896e+03
3.140774753096952281e+03
3.136933132041982844e+03
3.132890675351019127e+03
3.129223002630946212e+03
3.125584174203926523e+03
3.121990922422454787e+03
3.118556256305871557e+03
3.115169278674387897e+03
3.111495880481247696e+03
3.107446730591092546e+03
3.103567235931882351e+03
3.099725958400453237e+03
3.095482103629463381e+03
3.090825391910110284e+03
3.086339569666100488e+03
3.083007603344081872e+03
3.080444926628379108e+03
3.078338390644967149e+03
3.075824241982702006e+03
3.072857616199275981e+03
3.070316100562054089e+03
3.068463458729292142e+03
3.066709028599537305e+03
3.065685386100003598e+03
3.064535001395829568e+03
3.062861297815524722e+03
3.061293850859507529e+03
3.059417191415123852e+03
3.057040706477024287e+03
3.054189455482460744e+03
3.051350972839906717e+03
3.048347844851529771e+03
3.044886858995358125e+03
3.041099913462499899e+03
3.037551238357671537e+03
3.035159221033678932e+03
3.034036879792568470e+03
3.032769947508895712e+03
3.031203695420832901e+03
3.029405814541782092e+03
3.028710105736833157e+03
3.028085498282496701e+03
3.027686003265330328e+03
3.027142233766440313e+03
3.026992730414724974e+03
3.027171818853067180e+03
3.027656388210346449e+03
3.027864866221406373e+03
3.027801238878598269e+03
3.027469001001528341e+03
3.026871016600399798e+03
3.026523467246079235e+03
3.027927648820348622e+03
3.029638801463628624e+03
3.031254717974016330e+03
3.032582322603268949e+03
3.033671966527091627e+03
3.034661518780297229e+03
3.036119792302628866e+03
3.037292217026711114e+03
3.038207685857309116e+03
3.038844383726765500e+03
3.039134861588993317e+03
3.039067875885465128e+03
3.038640947221915667e+03
3.037853950165276729e+03
3.036709136318379478e+03
3.035409921858383314e+03
3.034003778048122967e+03
3.032499953463775910e+03
3.030666271468422565e+03
3.029252200579506280e+03
3.029560104283566034e+03
3.029808861863130460e+03
3.029754175573691100e+03
3.030165892768956837e+03
3.030302763610473448e+03
3.030279690128159928e+03
3.030060299090410808e+03
3.029978694566062586e+03
3.030529425204348627e+03
3.031382185139077137e+03
3.032232575310198627e+03
3.033263486697217559e+03
3.034104414010471373e+03
3.034973094041170498e+03
3.035577290863077451e+03
3.035863888337664321e+03
3.035827332546328762e+03
3.035461230193561278e+03
3.034758259469239874e+03
3.033710117550820542e+03
3.032432513157485118e+03
3.031224362063477201e+03
3.029855699461824315e+03
3.028305986724120885e+03
3.026417058134654326e+03
3.024388846811231815e+03
3.022910675956526575e+03
3.021514159298693357e+03
3.020066185919140025e+03
3.018135264836313581e+03
3.015815643230887872e+03
3.013107709162050924e+03
3.009903344401029244e+03
3.006264931978775166e+03
3.002462691493088641e+03
2.998233812700187627e+03
2.993496350820856605e+03
2.988526941243453166e+03
2.984627026884807492e+03
2.980204482567948617e+03
2.976249806486027865e+03
2.971852834207047181e+03
2.966947504650893734e+03
2.961550812575382224e+03
2.955718412598754185e+03
2.951124283814709088e+03
2.946997017517190216e+03
2.942940360955957658e+03
2.938723650218032617e+03
2.934252293649005878e+03
2.929632346911644618e+03
2.924752857370957372e+03
2.919516989360917250e+03
2.914252069623033094e+03
2.908957550837102644e+03
2.903693139689436521e+03
2.898264646720595010e+03
2.892563668428714664e+03
2.886610329811734118e+03
2.880456925102894274e+03
2.874174613508866969e+03
2.867664276893528950e+03
2.860942476375287697e+03
2.853997894963654289e+03
2.846825709872466632e+03
2.839485519068015947e+03
2.831947725932751837e+03
2.824175988083002721e+03
2.816167508676986472e+03
2.807907492860093043e+03
2.799413093441393357e+03
2.790693823553307084e+03
2.781708083497099324e+03
2.772453523684720039e+03
2.762929622884386390e+03
2.753209687479800778e+03
2.743670944432581109e+03
2.733940348331404493e+03
2.723955968141981430e+03
2.713725235620015155e+03
2.704751306152559664e+03
2.696845702913696186e+03
2.688807971799484221e+03
2.681258609299642558e+03
2.673749763323653042e+03
2.666819819872907374e+03
2.659791174147640959e+03
2.652547201810560182e+03
2.645085870544718091e+03
2.637358950135768282e+03
2.629372534093152353e+03
2.621118252345760993e+03
2.612948073783312793e+03
2.604678062452683207e+03
2.596289413840162524e+03
2.587653758772559740e+03
2.578762287612430555e+03
2.569684064498203952e+03
2.560464660058533354e+03
2.551005399676102115e+03
2.542233980224844345e+03
2.533450396173727313e+03
2.524562685738703294e+03
2.515433136745276897e+03
2.506138978756936467e+03
2.496760411974465569e+03
2.487094561625912320e+03
2.477177602591376854e+03
2.468038441677330411e+03
2.459679065817636911e+03
2.451568116898568405e+03
2.443568176472535924e+03
2.435902941542487497e+03
2.428173030083485173e+03
2.420176253385427117e+03
2.411844916039444797e+03
2.403175349329621440e+03
2.394195631483433317e+03
2.384981011402561762e+03
2.375467071438991752e+03
2.366671848004289131e+03
2.359387150467823631e+03
2.352409974985208009e+03
2.345159019777947833e+03
2.337641546255603771e+03
2.329887542424963613e+03
2.321891991600204165e+03
2.313673117759437901e+03
2.305248830622309015e+03
2.296640348590247413e+03
2.287975218685012806e+03
2.279308445189782560e+03
2.270747615758045868e+03
2.262209613695888947e+03
2.253711153699096485e+03
2.245282857396093277e+03
2.236988159051580624e+03
2.228622628232334137e+03
2.220191529360318782e+03
2.211719311062111046e+03
2.203271128555695668e+03
2.194867771784598972e+03
2.186453886605786465e+03
2.179493985348422939e+03
2.173482788399117453e+03
2.167445467900622589e+03
2.161402064197292020e+03
2.155448235038942585e+03
2.149387278332939786e+03
2.143191761380813659e+03
2.136850551233551414e+03
2.130360183949290331e+03
2.123711648506071924e+03
2.116885030558176368e+03
2.109888459985008012e+03
2.102763440445195101e+03
2.095481236796626490e+03
2.088025513758812849e+03
2.080399674787751337e+03
2.074411160163581371e+03
2.069105043171524358e+03
2.063646256516629364e+03
2.058038185393490494e+03
2.052302723472500020e+03
2.046686237865822932e+03
2.041060083287559792e+03
2.035502563834221746e+03
2.030264153612845803e+03
2.026283877187642702e+03
2.022428495450930541e+03
2.018465602553751523e+03
2.014359079857151528e+03
2.010115800208082874e+03
2.006006261468874072e+03
2.001942940921921945e+03
1.997985009138418718e+03
1.993963935039598255e+03
1.990369580923704234e+03
1.986767737221533480e+03
1.983181407884663031e+03
1.979467225312842857e+03
1.975601814273763466e+03
1.971582037158531875e+03
1.967404621444239638e+03
1.963082106822447940e+03
1.958606107131535737e+03
1.953965951377239890e+03
1.949165093475333379e+03
1.944190370326025004e+03
1.939040262615247229e+03
1.933723025930781432e+03
1.929206516222822756e+03
1.925021031764537611e+03
1.920644818328539714e+03
1.916082658019174460e+03
1.911371399975865870e+03
1.907014374443277575e+03
1.902438124296265642e+03
1.897638721021977290e+03
1.892613699572742235e+03
1.887592159044742857e+03
1.882811323905911422e+03
1.877804313959581123e+03
1.872605746171484498e+03
1.867523640931369982e+03
1.862588028554661378e+03
1.857439288206329593e+03
1.852082603954418119e+03
1.846583282274590374e+03
1.841354697179168397e+03
1.836507886208177297e+03
1.831487746412315346e+03
1.826308085564619887e+03
1.820966977326629603e+03
1.815475571191506788e+03
1.809852619495055478e+03
1.804081572927210345e+03
1.798153389438564773e+03
1.792073526626483726e+03
1.785851757899977201e+03
1.779512374445204387e+03
1.773038555169400979e+03
1.766444647779871502e+03
1.759918376604219702e+03
1.753293953442141401e+03
1.746558882996335342e+03
1.739776763201861286e+03
1.733021529122010634e+03
1.726181731124897397e+03
1.719507055801445858e+03
1.712748998100947574e+03
1.705912187553554304e+03
1.699017622215418669e+03
1.692060717735920662e+03
1.685037438674095483e+03
1.677951334479206480e+03
1.670830652413192183e+03
1.663975749188961117e+03
1.657066077460717224e+03
1.650103263897738998e+03
1.643098344854804964e+03
1.636066140973503934e+03
1.628993273273755449e+03
1.621880656727551923e+03
1.614717842168961624e+03
1.607504420540848287e+03
1.600247403988818860e+03
1.592947825971412840e+03
1.585621741614895654e+03
1.578259786763844431e+03
1.570844649370926618e+03
1.563370785240745136e+03
1.555836210615313121e+03
1.548238896398375118e+03
1.540582822646971863e+03
1.532867745962601475e+03
1.525097562539530827e+03
1.517286694007817914e+03
1.509415712318615988e+03
1.501473106235069508e+03
1.493458709284336237e+03
1.485449480346573637e+03
1.477549368169101399e+03
1.469647301302967435e+03
1.461813507093530916e+03
1.453915347437170112e+03
1.445956171507928275e+03
1.437940015032409519e+03
1.429874999298889634e+03
1.422006725030775897e+03
1.414407634653203104e+03
1.406781659581029544e+03
1.399141308926828970e+03
1.392533843122579583e+03
1.386175340343746939e+03
1.380296665835227486e+03
1.374417116460993384e+03
1.368523237595513365e+03
1.363029900198503128e+03
1.357566272571886429e+03
1.352099970422412980e+03
1.346626737783676845e+03
1.341154188648341005e+03
1.335675469445561703e+03
1.330190916399671778e+03
1.324725080540149747e+03
1.319270578470253895e+03
1.313845106502980798e+03
1.308543035824089429e+03
1.303306149777703922e+03
1.298515500833482520e+03
1.293762318002573920e+03
1.289051394544210325e+03
1.284369805229375515e+03
1.279741545837735430e+03
1.275334800956996105e+03
1.271050978808148784e+03
1.266801554024073994e+03
1.262588894238216881e+03
1.258431696185997907e+03
1.254328529643746833e+03
1.250271288416509833e+03
1.246255971215671707e+03
1.242809461821952482e+03
1.239592059730651499e+03
1.236426566828710747e+03
1.233297747195623288e+03
1.230192037014825473e+03
1.227100249372048665e+03
1.224019116846718134e+03
1.221220069161378433e+03
1.218459705172519079e+03
1.215711232796025115e+03
1.212970547104058369e+03
1.210246491846711933e+03
1.207526163431198484e+03
1.204849040900042610e+03
1.202175243550262621e+03
1.200186324764406891e+03
1.198269727554057908e+03
1.196359527421899656e+03
1.194444177974367449e+03
1.192541155390261792e+03
1.190957790943255986e+03
1.189376092336365446e+03
1.187796541011958197e+03
1.186201492431897350e+03
1.184587367299066727e+03
1.182953635149854108e+03
1.181299942845475471e+03
1.179636081442636169e+03
1.177964916002309110e+03
1.176290199084795859e+03
1.174617128649637834e+03
1.172927907124913872e+03
1.171231689141735387e+03
1.169538346736364701e+03
1.167840604160758176e+03
1.166128530692827553e+03
1.164402968208099537e+03
1.162680352906759254e+03
1.160962823062133793e+03
1.159392217102558789e+03
1.157815382139822304e+03
1.156239748239722758e+03
1.154665300456043269e+03
1.153088434088227586e+03
1.151520935398459642e+03
1.149944640994164729e+03
1.148354206603547482e+03
1.146760112833779885e+03
1.145160579990889801e+03
1.143561112950721508e+03
1.141951008907456298e+03
1.140330663439255204e+03
1.139366665271778629e+03
1.138412577145997602e+03
1.137447408489300869e+03
1.136461197796392298e+03
1.135463434264718217e+03
1.134448144766367932e+03
1.133410964272346973e+03
1.132334850525129468e+03
1.131227836799864235e+03
1.130078525458370223e+03
1.128904443740735132e+03
1.127683070450646710e+03
1.126415996696422553e+03
1.125100936454584826e+03
1.123731282879825585e+03
1.122323715967453836e+03
1.120863020851175179e+03
1.119357402310987936e+03
1.117797850459803612e+03
1.116243186471072477e+03
1.114830043342470162e+03
1.113376734233386514e+03
1.111878952150446139e+03
1.110349180968480596e+03
1.108779599974664507e+03
1.107177898874559105e+03
1.105552060502696349e+03
1.103906134085634903e+03
1.102240872559231093e+03
1.101261290557415123e+03
1.100252323463544144e+03
1.099210470293998469e+03
1.098207825234642996e+03
1.097224223844381413e+03
1.096227447240132733e+03
1.095217259777645268e+03
1.094199627860152304e+03
1.093404675439958282e+03
1.092930066317395358e+03
1.092614475243588686e+03
1.092296376961754731e+03
1.091958685797316775e+03
1.091608044271950803e+03
1.091236496318917489e+03
1.090853224674840021e+03
1.090467311148692943e+03
1.090081866932213188e+03
1.089703465827813261e+03
1.089336147918132610e+03
1.088974066250124679e+03
1.088606009031614576e+03
1.088234586175407230e+03
1.087864941697659788e+03
1.087506637753303949e+03
1.087166542847394112e+03
1.086834418803056678e+03
1.086522651980168121e+03
1.086244375528000319e+03
1.086008300421001422e+03
1.085806247739462151e+03
1.085640313623214979e+03
1.085523069040068549e+03
1.085438481502848390e+03
1.085387219406258282e+03
1.085384519838742108e+03
1.085439984776742222e+03
1.085538495288709100e+03
1.085677601595983560e+03
1.085868247282554421e+03
1.086600306979085872e+03
1.087410853809769833e+03
1.088271126914531123e+03
1.090014943879156817e+03
1.091810722543193606e+03
1.093800346886042917e+03
1.095867152501311011e+03
1.097979024486980506e+03
1.100127800685036391e+03
1.102291932232731824e+03
1.104474776491233342e+03
1.106679752934584030e+03
1.108890204785321885e+03
1.111099838891351737e+03
1.113331457293779977e+03
1.115564018892286640e+03
1.117942115366240841e+03
1.120319907887672571e+03
1.122727445697455551e+03
1.125180423717118401e+03
1.127662344736779460e+03
1.130164252554462792e+03
1.133619186651335895e+03
1.137576474572662164e+03
1.141576855863245100e+03
1.145607145965557493e+03
1.149673871033701971e+03
1.153777982027917915e+03
1.157896488536169500e+03
1.162035120463888688e+03
1.166205591494378950e+03
1.170405247885523295e+03
1.174624289317352577e+03
1.178874686100167082e+03
1.183158224810342290e+03
1.187467684538362164e+03
1.191799619265726506e+03
1.196165466926918725e+03
1.200570682100336398e+03
1.205051946931144585e+03
1.209599996748614558e+03
1.214178123042194102e+03
1.218798243161244955e+03
1.223466767572851040e+03
1.228190087377342934e+03
1.232967705273243155e+03
1.237819697943020628e+03
1.242820297660538472e+03
1.248165196899006787e+03
1.253555516656639611e+03
1.258965437922767478e+03
1.264384046839612665e+03
1.269806153853906835e+03
1.275226292218148501e+03
1.280638795388241306e+03
1.286063962182097384e+03
1.291505445381717209e+03
1.296938854702334311e+03
1.302344733397822210e+03
1.307714983932238056e+03
1.313213122336544075e+03
1.318681132522510779e+03
1.324102991145115539e+03
1.329481747074713439e+03
1.334814114819723727e+03
1.340257677985043074e+03
1.345634708583860174e+03
1.350942472779570835e+03
1.356178728963916683e+03
1.361341724970183122e+03
1.366431057109992253e+03
1.371457769385179517e+03
1.376419103612699928e+03
1.381307918651038563e+03
1.386123204691548381e+03
1.390885210172687039e+03
1.395632836875485737e+03
1.400385300555546564e+03
1.405511453771248398e+03
1.410777596123682088e+03
1.415976494824866222e+03
1.421113171163792003e+03
1.426209989601287816e+03
1.431270353357137083e+03
1.436276763514934373e+03
1.441214580119806214e+03
1.446100088984600916e+03
1.450969701523084723e+03
1.455792460748185931e+03
1.460549569371291682e+03
1.465231962797491633e+03
1.469838997236643081e+03
1.474369910284532352e+03
1.478823813414231608e+03
1.483199689347633239e+03
1.487496395207937439e+03
1.491722960076921709e+03
1.495883269352950720e+03
1.499976971364592373e+03
1.504019221895744522e+03
1.508027587921366830e+03
1.511968596306019890e+03
1.515847054425453734e+03
1.519654544879070954e+03
1.523374516005088026e+03
1.527002142659432820e+03
1.530549829880099196e+03
1.534051025888756612e+03
1.537868074324875124e+03
1.541600658937002208e+03
1.545248122277198490e+03
1.548811297220319375e+03
1.552281686116989931e+03
1.555669239601122172e+03
1.558970363134734271e+03
1.562187089040924320e+03
1.565322072413504884e+03
1.568367960651461772e+03
1.571376055089994225e+03
1.575207112462604300e+03
1.578959371843693816e+03
1.582649807826143842e+03
1.586494224718702526e+03
1.590262771516488556e+03
1.593950838626071800e+03
1.597538978496840173e+03
1.601021425985486758e+03
1.604382000911289424e+03
1.607621295406464469e+03
1.610871595729599903e+03
1.614132806628410890e+03
1.617270568957216256e+03
1.620275763853585886e+03
1.623143612681528111e+03
1.625884064369574389e+03
1.628503531423575168e+03
1.630998182624808578e+03
1.633499251322743930e+03
1.636066108992935597e+03
1.638521267206223229e+03
1.640873626230911896e+03
1.643140351424080563e+03
1.645317701105134347e+03
1.649042778385856536e+03
1.652893967940384755e+03
1.656661232543427559e+03
1.660353600287480276e+03
1.663958980756182882e+03
1.667473086647673426e+03
1.670892947209136764e+03
1.674215433281907508e+03
1.677456340044717763e+03
1.680677390819568245e+03
1.683803872682318342e+03
1.686819151470206862e+03
1.689726108989395016e+03
1.692534721457392152e+03
1.695397585301220715e+03
1.698242583528549403e+03
1.700978321437390150e+03
1.703584355400476170e+03
1.706216709494320867e+03
1.708726925459186987e+03
1.711100932185948750e+03
1.713322652433522762e+03
1.715504026974824683e+03
1.717563015028581958e+03
1.719468078438803332e+03
1.721228273975156071e+03
1.723152640546442854e+03
1.725042370757138997e+03
1.726809408090650550e+03
1.729316652556530698e+03
1.732498603082071440e+03
1.735814191808124178e+03
1.739081825840202328e+03
1.742685583276007492e+03
1.746642664702692400e+03
1.750497800188505153e+03
1.754583916251259780e+03
1.759962527364351217e+03
1.765335937693736923e+03
1.770624179110316163e+03
1.775867003825778738e+03
1.781209737453425078e+03
1.786504801495389074e+03
1.791769966871673887e+03
1.797011961151392825e+03
1.802282787699758501e+03
1.807597498352970433e+03
1.813002790319951600e+03
1.818415067570899282e+03
1.823843300793486378e+03
1.829304590899078221e+03
1.834800089710293605e+03
1.840341393384693902e+03
1.845946312758933118e+03
1.851600529995250781e+03
1.857294759062674302e+03
1.863020165650841136e+03
1.868901619961739470e+03
1.875152455187124133e+03
1.881483866925346774e+03
1.887872612275780284e+03
1.894249581692011816e+03
1.900588797711078314e+03
1.907125708337930291e+03
1.913625217422931655e+03
1.920058057690652277e+03
1.926406072269882088e+03
