2.906992826655196259e+05
2.924207443389032269e+05
2.941483779832875589e+05
2.958790678844128852e+05
2.976130649367470760e+05
2.993520799897818360e+05
3.010964796365238726e+05
3.028423951012822799e+05
3.045917985632471973e+05
3.063439959803629899e+05
3.080999575286553008e+05
3.098585289111045422e+05
3.116201182747966959e+05
3.133829269425839302e+05
3.151508352286486770e+05
3.169248035496715456e+05
3.187026988417261164e+05
3.204817656507636420e+05
3.222676309465182130e+05
3.240581412261796650e+05
3.258512534887849470e+05
3.276487491250229650e+05
3.294473701923041372e+05
3.312458589931885363e+05
3.330468962324570166e+05
3.348519333891071146e+05
3.366608160476823105e+05
3.384770337660309160e+05
3.402968910154154873e+05
3.421205386478481814e+05
3.439426587400291464e+05
3.457645386366448365e+05
3.475852973920593504e+05
3.494071393558876589e+05
3.512301996259328444e+05
3.530499952110563172e+05
3.548684857489552232e+05
3.566877583631590824e+05
3.585065551624356303e+05
3.603257060842488427e+05
3.621439909222953138e+05
3.639636259693235043e+05
3.657802108091889531e+05
3.675959256486991653e+05
3.694107467405296629e+05
3.712279567612021929e+05
3.730459317903503543e+05
3.748612107283517253e+05
3.766778848456651904e+05
3.784934819187108660e+05
3.803103047184578609e+05
3.821255312768809381e+05
3.839371027672273922e+05
3.857469355015902547e+05
3.875544644210221595e+05
3.893627079287940869e+05
3.911670468532467494e+05
3.929646810808397131e+05
3.947579180362224579e+05
3.965438406104160240e+05
3.983216850996379508e+05
4.000952563356275787e+05
4.018613868319453322e+05
4.036205516424280941e+05
4.053777572531885235e+05
4.071334455267632147e+05
4.088827213857466704e+05
4.106211073373797699e+05
4.123551084751105518e+05
4.140803230269412161e+05
4.157984056061934098e+05
4.175073575325249694e+05
4.192043986250996822e+05
4.208992964867198025e+05
4.225921016566973412e+05
4.242800425417530350e+05
4.259607113447543816e+05
4.276419244193702471e+05
4.293162218711980386e+05
4.309746681493233191e+05
4.326202955625657924e+05
4.342509366894570994e+05
4.358634220318582375e+05
4.374610011248704395e+05
4.390464168763884809e+05
4.406226897044286015e+05
4.421846112943969201e+05
4.437280394509921898e+05
4.452531786578040919e+05
4.467584644314474426e+05
4.482474265768797486e+05
4.497213836496113217e+05
4.511801812145253061e+05
4.526253887465292937e+05
4.540561119404545752e+05
4.554715420434266562e+05
4.568737441888180911e+05
4.582667134190218640e+05
4.596417788657032652e+05
4.609957807315636310e+05
4.623315924314983422e+05
4.636530421323031187e+05
4.649542782962179626e+05
4.662315502445822931e+05
4.674897769409983885e+05
4.687327511582705192e+05
4.699583579217584338e+05
4.711626580064275768e+05
4.723431034708383377e+05
4.735007226270721294e+05
4.746311185657222522e+05
4.757378302633307758e+05
4.768184796257741400e+05
4.778771240332659800e+05
4.789171893726824783e+05
4.799266333598076599e+05
4.809168733956448268e+05
4.818903774024812155e+05
4.828450331049112719e+05
4.837806142179585295e+05
4.846879453633223893e+05
4.855741594406656804e+05
4.864420584961451823e+05
4.872962378268504981e+05
4.881272071433959063e+05
4.889363192289291183e+05
4.897296713452170952e+05
4.905035487887005438e+05
4.912568155973218963e+05
4.919947824866094161e+05
4.927120124655874097e+05
4.934076950713783735e+05
4.940836042993940646e+05
4.947528331823619665e+05
4.953989339036549209e+05
4.960247075175719801e+05
4.966329254364075605e+05
4.972225294619684573e+05
4.977955306830630288e+05
4.983476273820048082e+05
4.988716685843013693e+05
4.993751182266690303e+05
4.998645668717922526e+05
5.003463395497701131e+05
5.008108996319886646e+05
5.012604437247609021e+05
5.017006461657122709e+05
5.021276538357909885e+05
5.025496346465194365e+05
5.029690792817385518e+05
5.033871028379733325e+05
5.038072246744544245e+05
5.042262286204176489e+05
5.046380175577718765e+05
5.050553789662171039e+05
5.054791902216121671e+05
5.059202092603541096e+05
5.063796875147621613e+05
5.068538101565076504e+05
5.073325243046980468e+05
5.078218712354482268e+05
5.083207011142237461e+05
5.088200233928738744e+05
5.093244548001789954e+05
5.098296619455048931e+05
5.103580909103160375e+05
5.108933352572186268e+05
5.114401481671119691e+05
5.120059839082811377e+05
5.125837016797187971e+05
5.131811187206494506e+05
5.137999735462221433e+05
5.144540793829612085e+05
5.151401002508529346e+05
5.158618054763262626e+05
5.166301774713936611e+05
5.174247532255375991e+05
5.182489629422110738e+05
5.191141983881522319e+05
5.200152988276938559e+05
5.209594519735052017e+05
5.219472422080710530e+05
5.229762436312836944e+05
5.240490268881396041e+05
5.251666882802268956e+05
5.263366718048221665e+05
5.275593379677857738e+05
5.288358401266001165e+05
5.301550996285653673e+05
5.315163448067227146e+05
5.329286175568053732e+05
5.343750719175117556e+05
5.358538527394415578e+05
5.373668663267233642e+05
5.389203554725036956e+05
5.405079273549863137e+05
5.421419780134538887e+05
5.438291379040654283e+05
5.455547043452097569e+05
5.473145396657383535e+05
5.491106103722298285e+05
5.509540187917364528e+05
5.528308285559315700e+05
5.547328805792370113e+05
5.566584685571586015e+05
5.586113633700611535e+05
5.605906686927480623e+05
5.626048744499668246e+05
5.646421037875717739e+05
5.666995062457722379e+05
5.687725180705345701e+05
5.708654906705560861e+05
5.729774906449893024e+05
5.750980609118697466e+05
5.772264205294427229e+05
5.793578629024421098e+05
5.814598283229777589e+05
5.835431222398672253e+05
5.856164200853134971e+05
5.876637519015967846e+05
5.896866570728428196e+05
5.916815811948741321e+05
5.936589409751782659e+05
5.956186837856812635e+05
5.975529143402149202e+05
5.994563695088988170e+05
6.013202411808060715e+05
6.031615640836253297e+05
6.049588468174128793e+05
6.067094869891793933e+05
6.084204297816110775e+05
6.100892789051091531e+05
6.117022367536112433e+05
6.132582714593064738e+05
6.147665592667245073e+05
6.162052386997595895e+05
6.175746842863970669e+05
6.188656138371410780e+05
6.200980680658116471e+05
6.212450803059177706e+05
6.223135590455521597e+05
6.232994961236132076e+05
6.241984223950376036e+05
6.250240837203994161e+05
6.257562033424201654e+05
6.263799910250218818e+05
6.269078445623823209e+05
6.273140702271492919e+05
6.275854613133792300e+05
6.277219014913125429e+05
6.277491537777390331e+05
6.277187435572239337e+05
6.275525806396742119e+05
6.272502145355317043e+05
6.268112419559565606e+05
6.262687410610397346e+05
6.255999259270288749e+05
6.248504581921402132e+05
6.239949592306276318e+05
6.230423206550506875e+05
6.219955437240817118e+05
6.208654404256907292e+05
6.196642681633315515e+05
6.183887553698341362e+05
6.170589112147280248e+05
6.156538757827774389e+05
6.141623356726509519e+05
6.126250123026437359e+05
6.110348139778133482e+05
6.093981343338248553e+05
6.076941719887566287e+05
6.059410208456446417e+05
6.041435449265437201e+05
6.023085377653591568e+05
6.004359380152142840e+05
5.985307880313058849e+05
5.965817213592950720e+05
5.946116748784017982e+05
5.926003837416325696e+05
5.905622037391633494e+05
5.885002004040204920e+05
5.864144909906669054e+05
5.843018682205644436e+05
5.821776729632806964e+05
5.800384647556166165e+05
5.778815115542309359e+05
5.757180177259650081e+05
5.735496254843283677e+05
5.713927975496220170e+05
5.692324330796652939e+05
5.670715954743167385e+05
5.649220416119470028e+05
5.627883028923609527e+05
5.606639533730288967e+05
5.585577612351190764e+05
5.564684064432528103e+05
5.544258820617671590e+05
5.524304194633157458e+05
5.504926620705282548e+05
5.486085584008130245e+05
5.467680425659817411e+05
5.449602908839407610e+05
5.431996935449836310e+05
5.414863594317729585e+05
5.398290538303659996e+05
5.382170514565112535e+05
5.366491066909480141e+05
5.351204618407732341e+05
5.336230558725616429e+05
5.321750973401931114e+05
5.307652812113183318e+05
5.294007454004085157e+05
5.280821654447687324e+05
5.268105650496763410e+05
5.255808283972607460e+05
5.243867373340646736e+05
5.232302540509188548e+05
5.221264348832914839e+05
5.210697740146367578e+05
5.200573029225149658e+05
5.190971528495222447e+05
5.181816130986415083e+05
5.173123190536063630e+05
5.164888956382682081e+05
5.157146931756215054e+05
5.149686351695701014e+05
5.142486642171049607e+05
5.135565944405806949e+05
5.128927758358381689e+05
5.122713861867267406e+05
5.116779777835444547e+05
5.110976344255667063e+05
5.105398657759467023e+05
5.099958950500898645e+05
5.094671446288906736e+05
5.089560772702195100e+05
5.084601417784462683e+05
5.079645582186533138e+05
5.074761012289696373e+05
5.069986272507495596e+05
5.065246470558851724e+05
5.060518859116610838e+05
5.055821063358772662e+05
5.051263916322669829e+05
5.046696690087430179e+05
5.042115428523582523e+05
5.037623349979127524e+05
5.033166196102777030e+05
5.028813881076883990e+05
5.024485368636302883e+05
5.020125976957997191e+05
5.015802898900327855e+05
5.011502586313050124e+05
5.007134154321106616e+05
5.002613474453170202e+05
4.997934237887141062e+05
4.993122317729170900e+05
4.988209807410162757e+05
4.983162847401525360e+05
4.977977789887487888e+05
4.972677128398790956e+05
4.967183323283009231e+05
4.961526985035472317e+05
4.955660032225126051e+05
4.949596194125210750e+05
4.943323478891502600e+05
4.936787341354491655e+05
4.930028672013158794e+05
4.923027113831875613e+05
4.915892342218458070e+05
4.908511780216784682e+05
4.900848090988963377e+05
4.892897270681855734e+05
4.884730223115446279e+05
4.876313502468669321e+05
4.867642840974132996e+05
4.858796982785213040e+05
4.849843948189008515e+05
4.840671088308131439e+05
4.831360723700902890e+05
4.821842436107031535e+05
4.812143115584934130e+05
4.802196030693888897e+05
4.792013414823488565e+05
4.781638258271993836e+05
4.771127057698118733e+05
4.760415046523427591e+05
4.749445397588824853e+05
4.738211440282319672e+05
4.726797795068504056e+05
4.715186661402893951e+05
4.703363316108930157e+05
4.691270335708909552e+05
4.678916361998158973e+05
4.666380180411605397e+05
4.653757680260993657e+05
4.641014952072250308e+05
4.628085695610443363e+05
4.614946204541069455e+05
4.601624747888725251e+05
4.588131013209818630e+05
4.574474080711416900e+05
4.560642080264305114e+05
4.546636444805223728e+05
4.532464527451316826e+05
4.518120173370445264e+05
4.503625583393345005e+05
4.489019463572485838e+05
4.474258367665153928e+05
4.459300179707357893e+05
4.444168463700240827e+05
4.428872029208820313e+05
4.413420902886697440e+05
4.397840191921637161e+05
4.382138031469599809e+05
4.366339221485214075e+05
4.350469896189675783e+05
4.334503363544028834e+05
4.318428733839471824e+05
4.302292268182114931e+05
4.286099716517838533e+05
4.269742101793041220e+05
4.253246119492456201e+05
4.236601191140920273e+05
4.219902387353053200e+05
4.203123685337025090e+05
4.186254817978946958e+05
4.169281507342315745e+05
4.152225923220638651e+05
4.135060837095616153e+05
4.117772572220346192e+05
4.100319901020212565e+05
4.082786001643146155e+05
4.065201368410168798e+05
4.047557913292436861e+05
4.029875581655295682e+05
4.012130603954243124e+05
3.994332289905772777e+05
3.976467746406478691e+05
3.958586206273991265e+05
3.940708484414248960e+05
3.922757228582978714e+05
3.904782743154322379e+05
3.886816349895199528e+05
3.868784848888125271e+05
3.850764776708320132e+05
3.832686654143268825e+05
3.814565890916021308e+05
3.796421788261313341e+05
3.778281513161034090e+05
3.760144286131925764e+05
3.741999466570884688e+05
3.723803640565432142e+05
3.705580280900149955e+05
3.687361309045235976e+05
3.669117283395652776e+05
3.650858332543732249e+05
3.632566777805706370e+05
3.614288840692767408e+05
3.595997532273432589e+05
3.577698911666197237e+05
3.559415730273172958e+05
3.541119251976584201e+05
3.522865523384560365e+05
3.504607055043965811e+05
3.486314155040900805e+05
3.467964881343320594e+05
3.449586323926950572e+05
3.431228464511216735e+05
3.412909638657172327e+05
3.394628383937689941e+05
3.376340436452149297e+05
3.358060665523541975e+05
3.339803706265338114e+05
3.321573825620644493e+05
3.303348623652167153e+05
3.285155805321340449e+05
3.267030696841932368e+05
3.248930852998123737e+05
3.230828498519174173e+05
3.212741367585113621e+05
3.194711414528834866e+05
3.176759859363983851e+05
3.158883433032873436e+05
3.141062846587648382e+05
3.123286394225109252e+05
3.105583517590916599e+05
3.087919283532309346e+05
3.070280861808227492e+05
3.052659728950013523e+05
3.035075617435764871e+05
3.017520518724945141e+05
2.999978751685582683e+05
2.982453304804096697e+05
2.964967946217394201e+05
2.947532835453973385e+05
2.930183014785698615e+05
2.912879158143065288e+05
2.895625163970863214e+05
2.878432707611958613e+05
2.861307081717918045e+05
2.844272820750850951e+05
2.827324308850878151e+05
2.810406314160160837e+05
2.793555064194460283e+05
2.776797312324215891e+05
2.760090279688190785e+05
2.743422430807647179e+05
2.726804680266872747e+05
2.710258098396264249e+05
2.693747126571764820e+05
2.677271212813845486e+05
2.660850566408932791e+05
2.644490175772478688e+05
2.628174114358771476e+05
2.611940838404327806e+05
2.595816264436272322e+05
2.579751968429252156e+05
2.563770664444564318e+05
2.547877003168046358e+05
2.532042472620766202e+05
2.516298102664663747e+05
2.500645271929502778e+05
2.485054815943207941e+05
2.469518980278526433e+05
2.454051937715277018e+05
2.438654061110840994e+05
2.423347271856628649e+05
2.408099478000944946e+05
2.392913938659209816e+05
2.377837287791310810e+05
2.362851987748011597e+05
2.347965445846262737e+05
2.333155473458798369e+05
2.318410006052578683e+05
2.303733044072928024e+05
2.289118363180680608e+05
2.274592855562807526e+05
2.260158068334282434e+05
2.245794500716126349e+05
2.231491861337175069e+05
2.217249841927607486e+05
2.203078242719599511e+05
2.188965905918582284e+05
2.174931455875622050e+05
2.160980735199389455e+05
2.147109958729335631e+05
2.133292457188328844e+05
2.119551314443175797e+05
2.105875207677047001e+05
2.092276330932918354e+05
2.078766296869372891e+05
2.065325783200063452e+05
2.051940510029589641e+05
2.038625569003063138e+05
2.025395193095397553e+05
2.012236139150725212e+05
1.999174161356741097e+05
1.986182064481516427e+05
1.973253724655060796e+05
1.960381747662077541e+05
1.947577435550078226e+05
1.934844667701240978e+05
1.922187925031729101e+05
1.909607200193758181e+05
1.897080583628716995e+05
1.884626679601071519e+05
1.872232686916082748e+05
1.859904359015472000e+05
1.847658188824216777e+05
1.835484087629087735e+05
1.823372750510796905e+05
1.811321698367666686e+05
1.799344728896886809e+05
1.787447381610032171e+05
1.775635014126319438e+05
1.763902661743874196e+05
1.752254115750288183e+05
1.740682438180269673e+05
1.729226632324492966e+05
1.717841245440640487e+05
1.706513536264374270e+05
1.695235519156977243e+05
1.684037439539738407e+05
1.672930720946004440e+05
1.661902752902570646e+05
1.650950654734068085e+05
1.640079801088013337e+05
1.629278715237718716e+05
1.618545783213442774e+05
1.607891992321790021e+05
1.597299561285801756e+05
1.586775162690863071e+05
1.576319554466588306e+05
1.565951478407925460e+05
1.555656605147297087e+05
1.545430188906388939e+05
1.535267342315742862e+05
1.525173258581720584e+05
1.515161145620283787e+05
1.505225474463750434e+05
1.495379433530701790e+05
1.485603457218315743e+05
1.475888958396105445e+05
1.466252297754370375e+05
1.456703816018980870e+05
1.447225740996017121e+05
1.437814007397558598e+05
1.428474280726348225e+05
1.419204393772424082e+05
1.410001647662782052e+05
1.400869417850380996e+05
1.391827347894111299e+05
1.382877170608399028e+05
1.374017105256188661e+05
1.365222872279141739e+05
1.356490325096104352e+05
1.347840702048350940e+05
1.339255620361933834e+05
1.330743369142758602e+05
1.322302875113080663e+05
1.313967034088677028e+05
1.305698355913441192e+05
1.297496162908892147e+05
1.289362375042636850e+05
1.281307444646951917e+05
1.273329413399441401e+05
1.265426698045546655e+05
1.257600867614486051e+05
1.249859653216748557e+05
1.242203134828827024e+05
1.234617064530728239e+05
1.227111069442907756e+05
1.219672426751994353e+05
1.212308847408278089e+05
1.205017446979994711e+05
1.197793410551041161e+05
1.190642927410380216e+05
1.183561812870185968e+05
1.176540041914913454e+05
1.169593632727187214e+05
1.162745814421678224e+05
1.155961188335453917e+05
1.149235137104541645e+05
1.142571031184712192e+05
1.135963147475715377e+05
1.129418944962448586e+05
1.122942928352532472e+05
1.116534846020699624e+05
1.110197685135163192e+05
1.103922451237597415e+05
1.097723243192362424e+05
1.091606901474775950e+05
1.085576183854907285e+05
1.079638364297583030e+05
1.073776464160738542e+05
1.067988106179876631e+05
1.062266686434915755e+05
1.056627089610337571e+05
1.051053910313835513e+05
1.045541691888312780e+05
1.040091684076901438e+05
1.034717351253207307e+05
1.029412192861004733e+05
1.024184450156714884e+05
1.019035102857660968e+05
1.013956554910076811e+05
1.008951638497482054e+05
1.004018722573631821e+05
9.991554076933801116e+04
9.943589803942930303e+04
9.896225724858342437e+04
9.849573843383940402e+04
9.803595410521040321e+04
9.758427530176681466e+04
9.714061394957227458e+04
9.670395716464429279e+04
9.627428521900055057e+04
9.585112851557941758e+04
9.543566384007372835e+04
9.502685496110926033e+04
9.462430263486546755e+04
9.422992258455636329e+04
9.384343748532114842e+04
9.346399357681881520e+04
9.309233971348241903e+04
9.272767177481047111e+04
9.236961345205018006e+04
9.201843021278150263e+04
9.167371835316883516e+04
9.133668405125572463e+04
9.100594263358876924e+04
9.068162519084221276e+04
9.036447190328073339e+04
9.005503280933218775e+04
8.975239772732308484e+04
8.945664407376798044e+04
8.916774316337899654e+04
8.888606781189370668e+04
8.861224332750696340e+04
8.834597872966963041e+04
8.808735917560935195e+04
8.783561331447173143e+04
8.759050486396135238e+04
8.735331580442347331e+04
8.712339231150429987e+04
8.689986575362345320e+04
8.668332780333465780e+04
8.647346506118189427e+04
8.627040205663852976e+04
8.607408912830607733e+04
8.588442162094477681e+04
8.570065754033144913e+04
8.552391551900391642e+04
8.535361425121959473e+04
8.518922560003647231e+04
8.503040531652969366e+04
8.487760466280873516e+04
8.473080211943855102e+04
8.459086146999694756e+04
8.445630350487960095e+04
8.432746129056060454e+04
8.420448968118394259e+04
8.408711479046009481e+04
8.397524484709456738e+04
8.386865140662385966e+04
8.376817542274259904e+04
8.367311730126698967e+04
8.358309571118956956e+04
8.349827731801007758e+04
8.341874606795836007e+04
8.334413292796579481e+04
8.327437684863520553e+04
8.320954724473197712e+04
8.314963868804127560e+04
8.309465311008229037e+04
8.304402149185896269e+04
8.299769475087009778e+04
8.295575575265521184e+04
8.291788912875704409e+04
8.288402466692072630e+04
8.285412439894268755e+04
8.282809840472775977e+04
8.280552669490675908e+04
8.278685462650968111e+04
8.277111816305373213e+04
8.275883585688413586e+04
8.274919206336454954e+04
8.274217913553245307e+04
8.273785580439395562e+04
8.273760925011002109e+04
8.274043835676698654e+04
8.274583745060347428e+04
8.275379652419111517e+04
8.276457488534848380e+04
8.277872407358553028e+04
8.279605731386895059e+04
8.281671203104339656e+04
8.284158870728594775e+04
8.287031200571266527e+04
8.290287410167073540e+04
8.293947369226516457e+04
8.297994557842370705e+04
8.302485409443131357e+04
8.307437424016086152e+04
8.312840263571939431e+04
8.318764788460712589e+04
8.325273598465860414e+04
8.332288282056327444e+04
8.339794463352876483e+04
8.347787638216235791e+04
8.356276396919343097e+04
8.365271960652704001e+04
8.374814451278424531e+04
8.384958221839531325e+04
8.395665428884205176e+04
8.406923723223661364e+04
8.418713770545656735e+04
8.431108354010542098e+04
8.444104043164190080e+04
8.457690741600283945e+04
8.471905540756328264e+04
8.486822869092003384e+04
8.502380649363077828e+04
8.518530875853991893e+04
8.535253697352905874e+04
8.552537481647753157e+04
8.570439636527003313e+04
8.589027243106931564e+04
8.608285370788141154e+04
8.628219560371842817e+04
8.648815185222335276e+04
8.670019792549121485e+04
8.691823038196803827e+04
8.714327810047057574e+04
8.737475479432969587e+04
8.761301961270233733e+04
8.785776497976652172e+04
8.810952153285259556e+04
8.836965188340209716e+04
8.863989645799322170e+04
8.891707203259666858e+04
8.920104599743252038e+04
8.949319384491053643e+04
8.979201941862408421e+04
9.009779380476681399e+04
9.041012207269090868e+04
9.072910693594301119e+04
9.105560892580159998e+04
9.138969448278010532e+04
9.173105231660071877e+04
9.207967518937686691e+04
9.243561821525159758e+04
9.280043590737810882e+04
9.317241982010639913e+04
9.355194331083088764e+04
9.393904747874921304e+04
9.433336051924347703e+04
9.473439380325494858e+04
9.514176343282374728e+04
9.555625303853910009e+04
9.597830463615876215e+04
9.640888966792439169e+04
9.684724207806881168e+04
9.729336338479179540e+04
9.774703311179121374e+04
9.820772644235815096e+04
9.867565582058171276e+04
9.915076436614697741e+04
9.963279157963971375e+04
1.001216944715655409e+05
1.006187084704331937e+05
1.011225122607702215e+05
1.016328319826740626e+05
1.021493361669261067e+05
1.026735763751594350e+05
1.032041524504898116e+05
1.037418384141356219e+05
1.042864079309395020e+05
1.048384495273818175e+05
1.053979370725193003e+05
1.059640404338537337e+05
1.065362525575556792e+05
1.071145722725675587e+05
1.076991789848291082e+05
1.082913233871700504e+05
1.088908423057542241e+05
1.094975211945067858e+05
1.101117353381082357e+05
1.107326133342996764e+05
1.113606226611550665e+05
1.119953812354853872e+05
1.126357704214403493e+05
1.132830482464011729e+05
1.139389188500282035e+05
1.146008787692939804e+05
1.152693716004992020e+05
1.159443774487123010e+05
1.166272497214230825e+05
1.173177533324635733e+05
1.180140921110353083e+05
1.187166081081578159e+05
1.194258388683684898e+05
1.201423144263425638e+05
1.208652947809145990e+05
1.215959894449254207e+05
1.223363824589648866e+05
1.230866641921937116e+05
1.238432722589590994e+05
1.246069814778740692e+05
1.253770091295372695e+05
1.261545562200259737e+05
1.269393246068582957e+05
1.277304697525253723e+05
1.285284780745969765e+05
1.293341157654754061e+05
1.301491235477892624e+05
1.309718420376859867e+05
1.318021160408831784e+05
1.326390221371053194e+05
1.334828891155644087e+05
1.343335624985648901e+05
1.351911988256034965e+05
1.360547104668104439e+05
1.369258256219926116e+05
1.378049739241406787e+05
1.386904007125410135e+05
1.395826669984154578e+05
1.404852691105253180e+05
1.413975078338644817e+05
1.423166920836179634e+05
1.432423648179854499e+05
1.441745043284725107e+05
1.451165314557015954e+05
1.460716406487672648e+05
1.470336387840032403e+05
1.480016608379500685e+05
1.489756890679422650e+05
1.499588426987575949e+05
1.509487869103890262e+05
1.519463295035516494e+05
1.529524129855035280e+05
1.539669267206718214e+05
1.549907146321796463e+05
1.560224165927101567e+05
1.570615780694565910e+05
1.581092711610353435e+05
1.591656461985066417e+05
1.602323296356152860e+05
1.613072056961027556e+05
1.623898526346620056e+05
1.634836965193240030e+05
1.645864468853168655e+05
1.656984659715561138e+05
1.668198484125307878e+05
1.679486868936751562e+05
1.690843697376937780e+05
1.702269597553732456e+05
1.713793259049752960e+05
1.725403144339498831e+05
1.737114991173571325e+05
1.748912854618340207e+05
1.760784143762572203e+05
1.772726382232104079e+05
1.784750060614137910e+05
1.796856105381817324e+05
1.809043818765431934e+05
1.821332481016117381e+05
1.833714167947694659e+05
1.846187844321608136e+05
1.858766276865854161e+05
1.871437847741270962e+05
1.884200753412151535e+05
1.897046160168392526e+05
1.909949422119507508e+05
1.922924559426627529e+05
1.935984333613016643e+05
1.949113341960697144e+05
1.962328739133986237e+05
1.975611580123234016e+05
1.988957446993787307e+05
2.002392042402801453e+05
2.015906836629705795e+05
2.029526176469070779e+05
2.043234390817953681e+05
2.057021990050865570e+05
2.070876201007388299e+05
2.084797279233204026e+05
2.098839674491691694e+05
2.112958034474641900e+05
2.127171829057112336e+05
2.141449973636508221e+05
2.155794206661899807e+05
2.170194822112921393e+05
2.184684586956246931e+05
2.199247236302960955e+05
2.213883160994693171e+05
2.228595042927435716e+05
2.243380075587860774e+05
2.258249910238125594e+05
2.273210274057300703e+05
2.288261649021143676e+05
2.303395313431068789e+05
2.318606749050925719e+05
2.333896657184101932e+05
2.349266697473766399e+05
2.364694761433920648e+05
2.380176056013657362e+05
2.395723904650822224e+05
2.411340344857895107e+05
2.427020420521849883e+05
2.442754194647523982e+05
2.458538683349471539e+05
2.474398189383829304e+05
2.490337864245481614e+05
2.506353970645412628e+05
2.522425079220292100e+05
2.538541574873276404e+05
2.554713040226892917e+05
2.570937295253040502e+05
2.587213123380686156e+05
2.603571311089635128e+05
2.620001508730091446e+05
2.636490458020808874e+05
2.653050219578336691e+05
2.669652564722524839e+05
2.686280373143617180e+05
2.703000500934598385e+05
2.719770462649065303e+05
2.736591094643230317e+05
2.753466303463086952e+05
2.770385839961369638e+05
2.787356298665422364e+05
2.804362943323749932e+05
2.821416278977300972e+05
2.838498228657189757e+05
2.855589390624754597e+05
2.872703042114326963e+05
2.889840322339343838e+05
2.906992826655195095e+05
