1.713638301563488312e+03
1.713531926386128589e+03
1.713409207400964988e+03
1.713263670574657453e+03
1.713093301234027422e+03
1.712900626476081925e+03
1.712695818160425688e+03
1.712484283975484686e+03
1.712282614983971371e+03
1.712059790400828206e+03
1.711821767246528907e+03
1.711563073045787405e+03
1.711286613405990238e+03
1.710989114217856468e+03
1.710671175192224155e+03
1.710329993573521733e+03
1.709976495200351565e+03
1.709601077065398840e+03
1.709209266777001858e+03
1.708795626366247689e+03
1.708376361391398405e+03
1.707952268064130294e+03
1.707511498615999699e+03
1.707062028432253783e+03
1.706620742901069889e+03
1.706175239174904164e+03
1.705708174563696275e+03
1.705215909064496373e+03
1.704700311373457225e+03
1.704167300229393277e+03
1.703622072472276159e+03
1.703069967095776974e+03
1.702516529395518774e+03
1.701952821960972869e+03
1.701371473072827939e+03
1.700775665897670251e+03
1.700171397671654177e+03
1.699582195316267189e+03
1.698991340057325942e+03
1.698380254859005163e+03
1.697799550518263459e+03
1.697235213091086280e+03
1.696658431211633342e+03
1.696071058644381083e+03
1.695496166875557719e+03
1.694910076877613847e+03
1.694305395364136984e+03
1.693687815885173222e+03
1.693071334065044994e+03
1.692454596525135457e+03
1.691856960784665262e+03
1.691251466182371587e+03
1.690639671554518372e+03
1.690023219850437499e+03
1.689387209028528332e+03
1.688724843900650512e+03
1.688036061772716266e+03
1.687340132300308142e+03
1.686618537167365275e+03
1.685877103006870129e+03
1.685129443915509910e+03
1.684376263655864250e+03
1.683601293475081093e+03
1.682831221371357515e+03
1.682047221459563616e+03
1.681235449787311609e+03
1.680417108760527071e+03
1.679590482642349798e+03
1.678737819570558258e+03
1.677954847063972693e+03
1.677190241916287277e+03
1.676429307456419565e+03
1.675670012564132776e+03
1.674927143050225823e+03
1.674190337548522393e+03
1.673515057616797321e+03
1.672883818317876148e+03
1.672271349617051555e+03
1.671674965544024872e+03
1.671060771769215535e+03
1.670434314350702607e+03
1.669803895204131550e+03
1.669182804137642506e+03
1.668549739293232051e+03
1.667909683105935301e+03
1.667264923927261407e+03
1.666634569551299592e+03
1.666020619216076284e+03
1.665423349754258197e+03
1.664876087057498580e+03
1.664320198337275087e+03
1.663773811601342459e+03
1.663227884819973042e+03
1.662668330778215022e+03
1.662157823500524955e+03
1.661633750641565257e+03
1.661103890103553795e+03
1.660554892389695851e+03
1.659979757447592874e+03
1.659377062167039185e+03
1.658764759997938881e+03
1.658171569177335186e+03
1.657557044536993999e+03
1.656933578616691193e+03
1.656293122776092787e+03
1.655646416410471602e+03
1.655004344882497207e+03
1.654400681457597329e+03
1.653849388150392087e+03
1.653341023814272148e+03
1.652849587589386374e+03
1.652344469234974895e+03
1.651837509107596816e+03
1.651365707635779017e+03
1.650881595892170708e+03
1.650371554334548819e+03
1.649876917141198192e+03
1.649366422943070120e+03
1.648853608203651675e+03
1.648360760508023759e+03
1.647891688696124675e+03
1.647429244370492142e+03
1.646988904637677933e+03
1.646539812229469135e+03
1.646077325876151463e+03
1.645586784614980843e+03
1.645075500275519744e+03
1.644593716581464378e+03
1.644170738425243371e+03
1.643748744802881447e+03
1.643398741744402059e+03
1.643016424366939418e+03
1.642597570890366114e+03
1.642184389720783656e+03
1.641859048271353004e+03
1.641534781552331879e+03
1.641202538492502526e+03
1.640876574015883762e+03
1.640537930660645543e+03
1.640206240621611869e+03
1.639875136223877462e+03
1.639542374661271879e+03
1.639222257521656729e+03
1.638895108895533667e+03
1.638559650046377328e+03
1.638202919729043970e+03
1.637890367298602769e+03
1.637577598224823078e+03
1.637237187309774299e+03
1.636867230606156681e+03
1.636497011204882256e+03
1.636099457875844791e+03
1.635725479665010880e+03
1.635355286506100128e+03
1.635038417167323587e+03
1.634809340110456105e+03
1.634561125016761707e+03
1.634309648260981248e+03
1.634043762092051793e+03
1.633827639333259867e+03
1.633651144985079327e+03
1.633470061244374847e+03
1.633275951739707580e+03
1.633100646541359538e+03
1.632996254920310548e+03
1.632975341384284775e+03
1.632978729464918160e+03
1.633043980159980947e+03
1.633165974933479220e+03
1.633273273015073073e+03
1.633402516882986220e+03
1.633519462948817363e+03
1.633643991489127984e+03
1.633754807501953564e+03
1.633883483166490805e+03
1.634028126585257269e+03
1.634152650640173761e+03
1.634228240191007671e+03
1.634260831745344603e+03
1.634291482467786864e+03
1.634306011239689951e+03
1.634281147696317021e+03
1.634250798520090939e+03
1.634253531517986403e+03
1.634339096997692423e+03
1.634439818245255310e+03
1.634574227505508588e+03
1.634721259436431410e+03
1.634835495069520675e+03
1.634977166927794769e+03
1.635128333028144425e+03
1.635276577926093978e+03
1.635435054293159283e+03
1.635613836248825919e+03
1.635784106280958895e+03
1.636036229171526657e+03
1.636309210636393345e+03
1.636631124008304369e+03
1.636959142309744493e+03
1.637289607005938478e+03
1.637590287253654878e+03
1.637885423585087665e+03
1.638165634197148393e+03
1.638444042588351067e+03
1.638815220584726831e+03
1.639207524304915296e+03
1.639586884655102494e+03
1.639947501896146832e+03
1.640281451049057523e+03
1.640601344163684871e+03
1.640863641915323797e+03
1.641098833095342798e+03
1.641344803482071711e+03
1.641616366424358603e+03
1.641838408395873103e+03
1.642061408647933604e+03
1.642257391380929448e+03
1.642428100907940461e+03
1.642583808593431741e+03
1.642691815098378811e+03
1.642821363088654834e+03
1.643011467479728708e+03
1.643153151088773484e+03
1.643245963458692358e+03
1.643318932848383156e+03
1.643373484904200950e+03
1.643414190462529177e+03
1.643418146063633912e+03
1.643455257469520802e+03
1.643509573845591603e+03
1.643502377408719894e+03
1.643444020811787595e+03
1.643327826279495639e+03
1.643161950283625856e+03
1.642963974928870357e+03
1.642756922983860932e+03
1.642590219331031221e+03
1.642445249414063483e+03
1.642289553893946959e+03
1.642050307495972220e+03
1.641764199565132003e+03
1.641429035878530158e+03
1.641026806632807620e+03
1.640573575543439119e+03
1.640116465318865266e+03
1.639621301918336712e+03
1.639046625313447748e+03
1.638408566139806908e+03
1.637736859267852196e+03
1.636999314330143989e+03
1.636219714212119925e+03
1.635408582053491045e+03
1.634573300687450683e+03
1.633706202545984297e+03
1.632779681762227483e+03
1.631814797944820157e+03
1.630879892612424328e+03
1.629910846700571710e+03
1.628879090818407803e+03
1.627809715579803196e+03
1.626729428503843110e+03
1.625595740917216517e+03
1.624386872580133513e+03
1.623092786062850791e+03
1.621743643677108594e+03
1.620366865418103771e+03
1.618963673911977367e+03
1.617570097289621117e+03
1.616173270690607751e+03
1.614861524341992208e+03
1.613632883051013323e+03
1.612392688240862753e+03
1.611148791243186224e+03
1.609844502219217702e+03
1.608451411146128748e+03
1.607001795115870209e+03
1.605576600098874678e+03
1.604083845310391553e+03
1.602524731668112054e+03
1.600944590371405411e+03
1.599362230791576394e+03
1.597812098118817175e+03
1.596246553403966118e+03
1.594676351954829215e+03
1.593063197701139188e+03
1.591392989475802324e+03
1.589674183445740709e+03
1.587953828613735823e+03
1.586222759499266203e+03
1.584479835260730169e+03
1.582730862119922222e+03
1.580958105431808690e+03
1.579173040437865211e+03
1.577331015952215239e+03
1.575445863177323872e+03
1.573540011941393686e+03
1.571610056387304667e+03
1.569642261955158119e+03
1.567611589240825651e+03
1.565515869601891382e+03
1.563482390287852468e+03
1.561501626643833788e+03
1.559570986402260132e+03
1.557668302978117936e+03
1.555806049717782798e+03
1.553977746916194974e+03
1.552128419184839458e+03
1.550266001113731591e+03
1.548433013988337734e+03
1.546667946801969947e+03
1.544883177465126664e+03
1.543096130003762255e+03
1.541316438537636714e+03
1.539494895228450559e+03
1.537699804189612678e+03
1.535917516966796484e+03
1.534190231892753218e+03
1.532416238582345841e+03
1.530575911581966011e+03
1.528716900772207737e+03
1.526883689643628713e+03
1.524991275744902850e+03
1.523063127012546147e+03
1.521084343016633284e+03
1.519079493972213641e+03
1.517131569438723545e+03
1.515171982189226355e+03
1.513212329186073703e+03
1.511295857702552439e+03
1.509387252974421244e+03
1.507528802098826873e+03
1.505648429754970266e+03
1.503791908385938541e+03
1.501918749164392921e+03
1.499985257412679402e+03
1.498040650331769484e+03
1.496154011413322678e+03
1.494275999559935826e+03
1.492341129438356802e+03
1.490365180486716554e+03
1.488354107131654473e+03
1.486290698466380263e+03
1.484257502423050482e+03
1.482187984511956984e+03
1.480103820283723053e+03
1.478009094732461108e+03
1.475872837146908751e+03
1.473761937785768623e+03
1.471629933646803238e+03
1.469448878658794229e+03
1.467212721034398328e+03
1.464983108441335617e+03
1.462710660618225347e+03
1.460456090312070955e+03
1.458188605735116198e+03
1.455933200563536275e+03
1.453722460372993737e+03
1.451473560686998326e+03
1.449181137870979001e+03
1.446850597557760466e+03
1.444590809392471328e+03
1.442419749354785381e+03
1.440285203100266699e+03
1.438122687562512056e+03
1.435912596375326530e+03
1.433663456726998220e+03
1.431383725583046044e+03
1.429156018624638364e+03
1.427001910034175125e+03
1.424818443034837401e+03
1.422576481859292926e+03
1.420288880999861703e+03
1.417952244733593034e+03
1.415598981922539451e+03
1.413207979949647097e+03
1.410795208654925318e+03
1.408354933369210357e+03
1.405890410040702136e+03
1.403380875402791844e+03
1.400834106664940236e+03
1.398260574251824210e+03
1.395646968668220552e+03
1.392959263558132989e+03
1.390204327221918220e+03
1.387446887045525727e+03
1.384648884960690793e+03
1.381775045532560853e+03
1.378847904836123234e+03
1.375856290663609343e+03
1.372841716201337022e+03
1.369791064065289675e+03
1.366751233522064467e+03
1.363709478795310361e+03
1.360715870530361371e+03
1.357707057442549740e+03
1.354680092876672688e+03
1.351772743474004983e+03
1.348842845178113748e+03
1.345917574845141189e+03
1.343065714631995434e+03
1.340257233293817535e+03
1.337381351476967438e+03
1.334409855736020518e+03
1.331409523891089066e+03
1.328406764345537340e+03
1.325400469557850101e+03
1.322317727372769241e+03
1.319208253993803737e+03
1.316053032805707289e+03
1.312915058400019689e+03
1.309763403523918896e+03
1.306608265588874474e+03
1.303507462464118817e+03
1.300361861030072305e+03
1.297133438115879471e+03
1.293857147992419414e+03
1.290523488410354275e+03
1.287201381535589462e+03
1.283856289069963623e+03
1.280454724997477570e+03
1.276973744739791982e+03
1.273454987047066879e+03
1.269926236659172446e+03
1.266344476436017430e+03
1.262744003285270537e+03
1.259146428208410271e+03
1.255470548834861347e+03
1.251741537580853219e+03
1.248029661435372418e+03
1.244288942646265241e+03
1.240481906656778847e+03
1.236633522729328661e+03
1.232832637729188718e+03
1.228974265428968920e+03
1.225075298900240341e+03
1.221236129086091069e+03
1.217425641249403725e+03
1.213606015963343452e+03
1.209873300158714983e+03
1.206231113364376142e+03
1.202557335890495096e+03
1.198886159237407355e+03
1.195220643783235346e+03
1.191535612702641629e+03
1.187867193797295840e+03
1.184193684253627453e+03
1.180502736008385000e+03
1.176756803123309055e+03
1.173060114670577150e+03
1.169325340122857369e+03
1.165550969308587582e+03
1.161698192884471837e+03
1.157805832781839626e+03
1.153869991150503893e+03
1.149915406863935459e+03
1.145996482097832541e+03
1.142061657719082632e+03
1.138138352654083747e+03
1.134212847858412260e+03
1.130244242116438500e+03
1.126303525115545654e+03
1.122317540000397912e+03
1.118326259025977151e+03
1.114343984371368379e+03
1.110359734952840199e+03
1.106413919056931263e+03
1.102457207961094127e+03
1.098524527810755444e+03
1.094600222631023826e+03
1.090666338525392803e+03
1.086683521913377717e+03
1.082781612295223340e+03
1.078979487941234311e+03
1.075240618427878871e+03
1.071507113999614830e+03
1.067697329004689664e+03
1.063904708616439621e+03
1.060124646610041509e+03
1.056383952863505556e+03
1.052656333005857960e+03
1.048912862094694674e+03
1.045159857596754136e+03
1.041388119036020953e+03
1.037594834031911887e+03
1.033792700141370005e+03
1.030013477571916837e+03
1.026218881559432930e+03
1.022413123247889075e+03
1.018578425801781577e+03
1.014755734588201221e+03
1.010886583618179202e+03
1.006946846495487875e+03
1.003009183341784137e+03
9.990640124787884133e+02
9.951024036127155341e+02
9.911617544647131126e+02
9.871764253697418781e+02
9.831739341581196641e+02
9.792347186567722019e+02
9.753281549440930576e+02
9.713739963280640950e+02
9.674171872894189619e+02
9.634892936594777666e+02
9.594994547282612984e+02
9.554412656850298617e+02
9.513710145451069593e+02
9.473373310408935595e+02
9.433250841533399580e+02
9.393385737296073330e+02
9.353369798403768982e+02
9.313794623554322243e+02
9.274647795759516384e+02
9.235779453887704449e+02
9.197194008139047128e+02
9.159355773390477680e+02
9.121662446389218530e+02
9.083628457667784915e+02
9.045598501216866225e+02
9.007376175760621209e+02
8.969009871834948626e+02
8.930516017029547129e+02
8.891689302609455581e+02
8.853196312684549412e+02
8.815111832295419845e+02
8.776974466769703440e+02
8.739082089471081645e+02
8.700399204818206726e+02
8.661886537400980615e+02
8.622982446477212761e+02
8.583545398454205042e+02
8.544119508472624602e+02
8.504461132464191451e+02
8.465256359511738538e+02
8.426991190025090646e+02
8.388320321708629308e+02
8.349063425965932765e+02
8.310072308576311571e+02
8.271254816127301410e+02
8.232133245643029795e+02
8.192614519390458554e+02
8.153414852034776459e+02
8.114327340954703232e+02
8.075799177562042814e+02
8.036723808114711574e+02
7.997583414915691264e+02
7.958610040667666681e+02
7.919344792256033543e+02
7.879366198861696375e+02
7.839040337623512187e+02
7.799108822083339874e+02
7.759678643583447410e+02
7.719621163965103960e+02
7.679063026624130543e+02
7.638550897261071668e+02
7.597684453522576860e+02
7.556041237240362989e+02
7.514321253977336710e+02
7.472453466369092894e+02
7.430046396821836652e+02
7.387238212704772877e+02
7.343906793028922948e+02
7.300151888493139722e+02
7.256451907678617772e+02
7.213266782723778761e+02
7.169752036902207237e+02
7.125752798177968543e+02
7.081245075046435886e+02
7.036340512501482181e+02
6.991310800853716501e+02
6.946579735405417750e+02
6.902602877566762345e+02
6.860242720304966042e+02
6.817592820770212256e+02
6.774754981227475810e+02
6.731761684198988860e+02
6.688546872984095444e+02
6.645132920150385871e+02
6.601590948970276713e+02
6.557385371896305060e+02
6.512637295841842615e+02
6.467508751392842896e+02
6.422104992056976016e+02
6.376764683693231746e+02
6.330857528318070990e+02
6.284393206477683407e+02
6.239005283033511660e+02
6.194013814858321894e+02
6.149750576174442358e+02
6.105373201472999654e+02
6.061411674229187838e+02
6.017455688736806678e+02
5.973706132495145766e+02
5.930155886075697254e+02
5.886272642027455504e+02
5.842196003021148272e+02
5.797718120236726236e+02
5.753780842954701029e+02
5.710313690711029722e+02
5.666422776777326362e+02
5.621790337194111089e+02
5.577192508498253574e+02
5.532322218452538891e+02
5.487156733029573843e+02
5.442115145881314220e+02
5.397000498791564951e+02
5.351656355096058633e+02
5.305699302495045231e+02
5.259475896082130930e+02
5.213179165038596921e+02
5.166920237304709644e+02
5.121071189200836216e+02
5.075248713728885832e+02
5.029999622647134174e+02
4.984344002925082577e+02
4.939222771381571420e+02
4.895002550089507736e+02
4.851146129835400984e+02
4.806957264867642721e+02
4.762586937572904162e+02
4.718397625897077887e+02
4.674735100197003135e+02
4.630640512910748612e+02
4.586077549362621539e+02
4.541813881177565122e+02
4.497602998215271555e+02
4.453373333655828219e+02
4.409387474686131441e+02
4.365294410096089450e+02
4.321200719307546478e+02
4.277532723380863899e+02
4.233895085386618007e+02
4.190344015313258978e+02
4.147377937776748240e+02
4.105134316133360244e+02
4.063252732839695796e+02
4.021739473369152051e+02
3.979975419122608855e+02
3.937922124021930586e+02
3.895437937631203340e+02
3.853428411249833516e+02
3.811234236593672904e+02
3.769059475302001943e+02
3.727402894368585748e+02
3.686146574200585064e+02
3.644623751341641764e+02
3.603286408647346661e+02
3.561813876367851321e+02
3.520646039508197873e+02
3.479992875355318915e+02
3.439474099143981221e+02
3.399128337487995850e+02
3.359027981088236743e+02
3.318774035063384531e+02
3.278763999432109131e+02
3.238777344257344453e+02
3.198779051331104029e+02
3.158916866644709671e+02
3.119043000673534607e+02
3.078983163334838764e+02
3.038614910491101000e+02
2.997888038200578649e+02
2.957105117914076118e+02
2.916249411982387301e+02
2.875177667815952418e+02
2.834332542525827421e+02
2.793661367898170056e+02
2.752657616262758324e+02
2.711642089201590693e+02
2.670742816289072721e+02
2.629535936385449872e+02
2.588173495962564630e+02
2.547270141474354261e+02
2.506579212472983613e+02
2.466527156733114055e+02
2.426212193027706689e+02
2.385961061066568902e+02
2.345106213153153192e+02
2.304133740431461774e+02
2.262962212118339664e+02
2.221804727109380622e+02
2.180276778029098637e+02
2.138071298241091824e+02
2.096494662179655393e+02
2.055627055336053388e+02
2.014863248540899008e+02
1.974440512289254457e+02
1.933949799507259115e+02
1.893339507147861127e+02
1.852870566096939058e+02
1.812108235393446307e+02
1.770863321113650386e+02
1.729417344614298599e+02
1.687869023380090994e+02
1.646237847061803166e+02
1.604429361883859713e+02
1.562461500126745477e+02
1.520231377053635811e+02
1.477907982929027355e+02
1.435123435599154789e+02
1.392121106848927354e+02
1.348897067649280075e+02
1.305250966943817446e+02
1.261874579294035499e+02
1.218740821174517066e+02
1.175987017139978263e+02
1.133058730636583107e+02
1.089571994401775612e+02
1.045598373702584354e+02
1.001257673179641472e+02
9.568060685753404471e+01
9.121284393302151727e+01
8.671424789772962072e+01
8.224310863753325407e+01
7.773905116452617392e+01
7.321559698606723998e+01
6.865736635749399852e+01
6.405480513043222857e+01
5.946091318817909155e+01
5.487451057460494042e+01
5.027268450154445389e+01
4.563356951584806609e+01
4.097486574485856181e+01
3.633242285543285277e+01
3.166459603549724733e+01
2.695894843345779890e+01
2.226868275362618022e+01
1.758691392023918354e+01
1.291098148187131756e+01
8.273466639483842755e+00
3.642491450616461179e+00
-1.003373402776588819e+00
-5.591328627664537976e+00
-1.018534604820348477e+01
-1.479249698313556394e+01
-1.940743036509068986e+01
-2.401438978309786876e+01
-2.862068216151043032e+01
-3.319041095118066664e+01
-3.776843507248247533e+01
-4.233276060464679347e+01
-4.694115398908446934e+01
-5.154948195814735357e+01
-5.619262046316641346e+01
-6.083430531007792297e+01
-6.543339089969919087e+01
-7.003031407343247849e+01
-7.463716545037254946e+01
-7.927402570084166200e+01
-8.391965826053433375e+01
-8.850920645641019746e+01
-9.308094438608229382e+01
-9.762631490220145736e+01
-1.021817178202870338e+02
-1.067234082362175371e+02
-1.111880823789896340e+02
-1.156374893571255456e+02
-1.200658278859047954e+02
-1.244880543983500871e+02
-1.288983735324435429e+02
-1.333086598238897693e+02
-1.377214513918984835e+02
-1.421135340092838533e+02
-1.464993253663857899e+02
-1.508602508947749925e+02
-1.552173097119829777e+02
-1.595856176436150236e+02
-1.639172111534891485e+02
-1.682344711398491768e+02
-1.725489543854100702e+02
-1.768032112257217250e+02
-1.810939203204228249e+02
-1.853793333970195931e+02
-1.896490234171429847e+02
-1.939289374418916054e+02
-1.981831855604149837e+02
-2.024024497449472619e+02
-2.066218126908258341e+02
-2.108154804488264631e+02
-2.150055480180591303e+02
-2.191923221081902682e+02
-2.233825291984886121e+02
-2.275734243071646858e+02
-2.317542445074716397e+02
-2.359361492604428463e+02
-2.400732933599264811e+02
-2.441548065782412493e+02
-2.482652258611577452e+02
-2.523967242124543873e+02
-2.565118614675376421e+02
-2.606336601709872411e+02
-2.647529306529886526e+02
-2.688500689611275902e+02
-2.729289226642561630e+02
-2.770433299259570390e+02
-2.811685400912807609e+02
-2.852266933430371409e+02
-2.892524279995780034e+02
-2.932749500546585750e+02
-2.973190327398278896e+02
-3.013732133748980573e+02
-3.054180875523673535e+02
-3.094329610983278371e+02
-3.134505441304013402e+02
-3.174446891637731483e+02
-3.214415973236954187e+02
-3.254482190889743833e+02
-3.294462219668724856e+02
-3.334358550471841340e+02
-3.373809186455310964e+02
-3.412760845342000948e+02
-3.451690395023994142e+02
-3.490829475551524865e+02
-3.530254995120786816e+02
-3.570011765940994337e+02
-3.609686529730570328e+02
-3.649090330070418418e+02
-3.688428454077904917e+02
-3.727380099043174368e+02
-3.766157857004536140e+02
-3.804370163707762913e+02
-3.842415848351128034e+02
-3.880486665350099429e+02
-3.918657409956312563e+02
-3.956715873841459370e+02
-3.994300444480628585e+02
-4.031726394631217545e+02
-4.068948269278681664e+02
-4.105487172810760512e+02
-4.140998574169794324e+02
-4.175798341208360398e+02
-4.210621670450685770e+02
-4.244558448626357858e+02
-4.278289792202104422e+02
-4.311909297858559853e+02
-4.345566957660250864e+02
-4.379143774100148221e+02
-4.412551759358740924e+02
-4.445680077278735780e+02
-4.478776481158878369e+02
-4.511589397247118995e+02
-4.544496765263154998e+02
-4.577308033171318584e+02
-4.610109575764992087e+02
-4.642588483186066242e+02
-4.674314924540880156e+02
-4.705935657505414156e+02
-4.737497288707671146e+02
-4.769009917248897636e+02
-4.800356661939165974e+02
-4.831553646237539397e+02
-4.861991555913197658e+02
-4.891582144016839493e+02
-4.920455692732526245e+02
-4.948847866903246882e+02
-4.977360770908775294e+02
-5.005779116778280695e+02
-5.033725450470529950e+02
-5.061121951026856323e+02
-5.088042380591030565e+02
-5.114300507250424630e+02
-5.139964370126062931e+02
-5.165590911641318144e+02
-5.190280589061021601e+02
-5.213640939292583880e+02
-5.236690419480643186e+02
-5.259422536162818460e+02
-5.281990409016023023e+02
-5.303919097827022142e+02
-5.325329331523869314e+02
-5.346607521490058161e+02
-5.367295354703593375e+02
-5.387979248957772143e+02
-5.408468606154958707e+02
-5.428487822903334745e+02
-5.447213284383474274e+02
-5.465468948083630494e+02
-5.483079172979407758e+02
-5.500481088514826524e+02
-5.517784655322279832e+02
-5.534860318881026160e+02
-5.551253184119962043e+02
-5.567478042700915921e+02
-5.583522654225419046e+02
-5.599297871110403548e+02
-5.614884476275744873e+02
-5.630442735790292090e+02
-5.646042827442483940e+02
-5.661490650434388954e+02
-5.675808160933154340e+02
-5.689752617033122988e+02
-5.703440120665691211e+02
-5.716763790634257703e+02
-5.729842572898642175e+02
-5.742269557195936613e+02
-5.754321457322628248e+02
-5.765953692084667637e+02
-5.776511830654790174e+02
-5.786946710448224849e+02
-5.797149587013235532e+02
-5.807172871734913997e+02
-5.817242208556656351e+02
-5.827003770411747610e+02
-5.836752471094907833e+02
-5.846079612455471306e+02
-5.855009605049114043e+02
-5.863323520921205727e+02
-5.871410656456329207e+02
-5.879508199941063822e+02
-5.887517950364488115e+02
-5.895321183254536663e+02
-5.903134894111424273e+02
-5.910788510591589784e+02
-5.918118345917699799e+02
-5.925355496648508051e+02
-5.932653352918686096e+02
-5.939680015066114720e+02
-5.946356314894755997e+02
-5.952886276618141892e+02
-5.959335819924835960e+02
-5.965626142697701653e+02
-5.971669191953736799e+02
-5.977704805953028426e+02
-5.983787977781380505e+02
-5.989790564020377133e+02
-5.995818691847921400e+02
-6.001619565030155172e+02
-6.007127163016673421e+02
-6.012675731480262584e+02
-6.018210041312263456e+02
-6.023721765250109001e+02
-6.028907038351584333e+02
-6.033661771915387817e+02
-6.038440544628738280e+02
-6.043089917706042797e+02
-6.047670413228736379e+02
-6.052136353402156601e+02
-6.056661288727019610e+02
-6.061078656051597591e+02
-6.065121909274926111e+02
-6.069186789950883849e+02
-6.073264863461347431e+02
-6.077188943089340682e+02
-6.080870096474567390e+02
-6.084452793187020916e+02
-6.088048591059889532e+02
-6.091575122627006067e+02
-6.094659710876877625e+02
-6.097608144254222680e+02
-6.100558674315941516e+02
-6.103378916381800536e+02
-6.105639749469416984e+02
-6.107949466084489814e+02
-6.110323247759763490e+02
-6.112732407038993188e+02
-6.114871175394628153e+02
-6.116910556913401251e+02
-6.118965741731107073e+02
-6.121063606689504013e+02
-6.123219165040709413e+02
-6.125375076976489481e+02
-6.127334234817044489e+02
-6.129349602125114416e+02
-6.131300728783423892e+02
-6.133293957055798273e+02
-6.135218333662211307e+02
-6.136836246987927552e+02
-6.138334024980169943e+02
-6.139698624354167578e+02
-6.140947044896568059e+02
-6.142221025737200080e+02
-6.143397208038617237e+02
-6.144318011722035635e+02
-6.144843799737709560e+02
-6.145384435544103781e+02
-6.145961369639180703e+02
-6.146568923210402318e+02
-6.147073963293279348e+02
-6.147447225017398296e+02
-6.147792929641484534e+02
-6.148041898590865912e+02
-6.148323629294732200e+02
-6.148557375925345241e+02
-6.148762507297857383e+02
-6.148987786109518083e+02
-6.149237867852389172e+02
-6.149412864837682946e+02
-6.149561134377595408e+02
-6.149622206071164783e+02
-6.149640186147597660e+02
-6.149543576641376603e+02
-6.149287064495315462e+02
-6.148869530162037336e+02
-6.148449634309823750e+02
-6.148053109742487550e+02
-6.147671968158449545e+02
-6.147307995038027002e+02
-6.146951144263656488e+02
-6.146553561892648077e+02
-6.146086593142313177e+02
-6.145626513264644473e+02
