2.847201896974188858e+05
2.864226708753652638e+05
2.881308014489263878e+05
2.898446291688369238e+05
2.915644452191977180e+05
2.932882758087911643e+05
2.950175998550438671e+05
2.967559674656818970e+05
2.984971408026764402e+05
3.002417957796161063e+05
3.019928172954426263e+05
3.037517041269617039e+05
3.055149149253505166e+05
3.072847953140878235e+05
3.090629460672906716e+05
3.108486925175496144e+05
3.126429554816171294e+05
3.144415952885721927e+05
3.162472959499952849e+05
3.180596067909016274e+05
3.198739266704753973e+05
3.216896076270964113e+05
3.235078132888374967e+05
3.253306928009855328e+05
3.271567171591116930e+05
3.289861209244726342e+05
3.308197318659258890e+05
3.326526638009577291e+05
3.344908934141416103e+05
3.363288059257171699e+05
3.381670099037848995e+05
3.400074851705656620e+05
3.418488666162982117e+05
3.436931442951266654e+05
3.455392261852197698e+05
3.473883622742466396e+05
3.492372320096404874e+05
3.510823830853590043e+05
3.529282868533176370e+05
3.547793982293244335e+05
3.566282182012854028e+05
3.584808567958177300e+05
3.603366676649684669e+05
3.621897867817457300e+05
3.640409378739980748e+05
3.658897794819241972e+05
3.677332534403634490e+05
3.695742022777701495e+05
3.714106243391242460e+05
3.732439761397049297e+05
3.750788156123689841e+05
3.769107674846356385e+05
3.787380129101441125e+05
3.805590502943237661e+05
3.823790237785103382e+05
3.841996837937103701e+05
3.860192645432569552e+05
3.878356686597724329e+05
3.896464554788646055e+05
3.914534369890449452e+05
3.932582579408235615e+05
3.950581983307297924e+05
3.968538800713105011e+05
3.986439968594039674e+05
4.004259479268806754e+05
4.022022198169655167e+05
4.039670991801200435e+05
4.057219663651191513e+05
4.074632066928366548e+05
4.091925060418405919e+05
4.109107699804502190e+05
4.126189653516549733e+05
4.143136978494554060e+05
4.159992902898410684e+05
4.176793409728273400e+05
4.193492412886808161e+05
4.210076000842746580e+05
4.226567615850931033e+05
4.242979642873066477e+05
4.259320325837846030e+05
4.275582126300350064e+05
4.291709637869090075e+05
4.307707488576157484e+05
4.323576352975895279e+05
4.339293601669349591e+05
4.354871065174881951e+05
4.370354872938047629e+05
4.385707335853152326e+05
4.400859515667519881e+05
4.415815879541219911e+05
4.430619041278914665e+05
4.445267762460107333e+05
4.459743529548447113e+05
4.474088389500125777e+05
4.488319041426826734e+05
4.502382683714634040e+05
4.516317433698198874e+05
4.530082527048922493e+05
4.543590103027756559e+05
4.556864849415203789e+05
4.569965492740472546e+05
4.582905285196356126e+05
4.595644191402427386e+05
4.608209432767592953e+05
4.620636185317613417e+05
4.632816472891239100e+05
4.644790933947559679e+05
4.656537667818223708e+05
4.668112196037402609e+05
4.679535359994854662e+05
4.690778317395648337e+05
4.701830771686763619e+05
4.712699218045165762e+05
4.723410450002250145e+05
4.733936775341989123e+05
4.744235760716940276e+05
4.754292422488348093e+05
4.764140262141512940e+05
4.773773517089167144e+05
4.783204136944861384e+05
4.792406346928624553e+05
4.801514702149823424e+05
4.810533126121329842e+05
4.819367377663525403e+05
4.828015271799364127e+05
4.836431249268906540e+05
4.844592725682840100e+05
4.852535103414837504e+05
4.860232357874760055e+05
4.867635456335607450e+05
4.874894418138791225e+05
4.881954854922087397e+05
4.888778215829420369e+05
4.895387413811459555e+05
4.901763472907643882e+05
4.907944962359707570e+05
4.913934230408334406e+05
4.919755152428457513e+05
4.925336466469954466e+05
4.930651635461417609e+05
4.935763938948824652e+05
4.940703139769596164e+05
4.945453204061139259e+05
4.950087859043503995e+05
4.954682911171703599e+05
4.959273304882065859e+05
4.963798247304141987e+05
4.968222871706549777e+05
4.972642363940792857e+05
4.977092745643549133e+05
4.981463937187071424e+05
4.985713336329702288e+05
4.990055840256664669e+05
4.994412814028071007e+05
4.998717158748727525e+05
5.003096285827463726e+05
5.007577389587390935e+05
5.011998220865349285e+05
5.016306538226836128e+05
5.020602658741970663e+05
5.024936587461768650e+05
5.029315090486261179e+05
5.033888748234306695e+05
5.038560787323520053e+05
5.043338444816546980e+05
5.048354543752438622e+05
5.053482430128664710e+05
5.058721637641616981e+05
5.064186216652377043e+05
5.069892206445831689e+05
5.075730977496015257e+05
5.081815664093895466e+05
5.088254714713800931e+05
5.095031838237142074e+05
5.102170398758277297e+05
5.109518112809538725e+05
5.117178994939364493e+05
5.125204219318708638e+05
5.133633100312003517e+05
5.142448491221091244e+05
5.151547676210838836e+05
5.160993213607011130e+05
5.170867030776588363e+05
5.181133888439763105e+05
5.191749682278017863e+05
5.202752480682140449e+05
5.214182669795415131e+05
5.226148854329522583e+05
5.238763291938682669e+05
5.251771060947499936e+05
5.265163177349847974e+05
5.278881941699973540e+05
5.293071716964354273e+05
5.307794045003548963e+05
5.323063617260213941e+05
5.338739635803024285e+05
5.354838438164736144e+05
5.371174245818004711e+05
5.387937237621697132e+05
5.405089435484944843e+05
5.422627186367274262e+05
5.440660327069255291e+05
5.459193716121844482e+05
5.478111986068768892e+05
5.497374771770312218e+05
5.516961450562069658e+05
5.536702844406898366e+05
5.556773233656974044e+05
5.577157158457039623e+05
5.597814770881171571e+05
5.618649972706551198e+05
5.639633122302590637e+05
5.660671263841349864e+05
5.681861532679465599e+05
5.703116525758012431e+05
5.724412941062623868e+05
5.745649992814527359e+05
5.766896038091945229e+05
5.788073124137985287e+05
5.809127346636246657e+05
5.829943079080455936e+05
5.850481408651150996e+05
5.870879984644904034e+05
5.891081510181835620e+05
5.910908370016661938e+05
5.930333034787991783e+05
5.949419193558567204e+05
5.968345958701125346e+05
5.986795255244253203e+05
6.004810689963587793e+05
6.022261635398222134e+05
6.039293028658002149e+05
6.055879561165082268e+05
6.071880170044662664e+05
6.087368391996539431e+05
6.102325727400596952e+05
6.116715597714957548e+05
6.130388726370480144e+05
6.143404719019726617e+05
6.155682079137380933e+05
6.167193007287986111e+05
6.177753145053022308e+05
6.187402675104972441e+05
6.196232686053285142e+05
6.203998007200021530e+05
6.210599001008389750e+05
6.216236670578445774e+05
6.220661684575253166e+05
6.223746984079082031e+05
6.225493485932913609e+05
6.226206084191695554e+05
6.226492318468926242e+05
6.225437065567655955e+05
6.223036775195983937e+05
6.219287840075060958e+05
6.214842820681706071e+05
6.209254925926786382e+05
6.202661368542389246e+05
6.194908229848534102e+05
6.186081093996264972e+05
6.176287798415783327e+05
6.165648396442929516e+05
6.154092131264633499e+05
6.141581140277367085e+05
6.128359323317031376e+05
6.114622325631813146e+05
6.100200915437758667e+05
6.085205651738923043e+05
6.069730142531819874e+05
6.053622691522500245e+05
6.037014201996895717e+05
6.020020865050224820e+05
6.002608904120407533e+05
5.984830194838354364e+05
5.966593465874755057e+05
5.948111453392498661e+05
5.929175211850368651e+05
5.909985043508984381e+05
5.890450426921573235e+05
5.870482318562378641e+05
5.850206261569485068e+05
5.829663049361223821e+05
5.809028937328751199e+05
5.788219879957045196e+05
5.767193242272452917e+05
5.746035113241818035e+05
5.724681181532235350e+05
5.703363878237080062e+05
5.682175977090469096e+05
5.661082536023474531e+05
5.640190677914991975e+05
5.619467029985986883e+05
5.598772325749716256e+05
5.578115661888628965e+05
5.557877036828041309e+05
5.537879700932495762e+05
5.518162552047790959e+05
5.498851333684737328e+05
5.479754517798350425e+05
5.460966851603660034e+05
5.442450833876506658e+05
5.424192965848407475e+05
5.406320245965290815e+05
5.388905211731124436e+05
5.371910183040420525e+05
5.355262614456985611e+05
5.339041988548983354e+05
5.323220045183459297e+05
5.307718533168402500e+05
5.292483509116870118e+05
5.277796136334054172e+05
5.263707954193715705e+05
5.250150855824537575e+05
5.237079834077694104e+05
5.224413917428987916e+05
5.212057965819349629e+05
5.200056956254901015e+05
5.188447291057913098e+05
5.177334357176894555e+05
5.166608614547164761e+05
5.156282284213078674e+05
5.146378622102775844e+05
5.136951162384804338e+05
5.128030342713460559e+05
5.119790440314480220e+05
5.111906799902394414e+05
5.104314117909870110e+05
5.097090518768944312e+05
5.090215758295718115e+05
5.083510542547808145e+05
5.077094780546464026e+05
5.070814579145862954e+05
5.064638002245431999e+05
5.058695222584816511e+05
5.052970623251887737e+05
5.047375313651609467e+05
5.041930242443513707e+05
5.036605521791941137e+05
5.031501316247981740e+05
5.026594723214948899e+05
5.021841423379009357e+05
5.017233263025844353e+05
5.012724913793791784e+05
5.008265471531149233e+05
5.003941818053415627e+05
4.999714536016742350e+05
4.995539749489519163e+05
4.991306306153277983e+05
4.987057610643866356e+05
4.982837079386339174e+05
4.978478209301942261e+05
4.974029021322464105e+05
4.969576681585710612e+05
4.965108610532489256e+05
4.960599053893678938e+05
4.956047499680313049e+05
4.951332097717662691e+05
4.946474794927766197e+05
4.941497944300089148e+05
4.936478475727140321e+05
4.931363629919823725e+05
4.926104120108297793e+05
4.920698495287000551e+05
4.915134765749425860e+05
4.909308761329839472e+05
4.903321105954080704e+05
4.897230090915802284e+05
4.890894938826442813e+05
4.884277268936536857e+05
4.877391400726328720e+05
4.870349357520132908e+05
4.863093461183092440e+05
4.855674287698228145e+05
4.848018804097884567e+05
4.840041124831358320e+05
4.831783526845122688e+05
4.823307571206555585e+05
4.814604574918252183e+05
4.805768393820393831e+05
4.796742820016120677e+05
4.787538296221977216e+05
4.778071892511476763e+05
4.768397747138008708e+05
4.758629049199591391e+05
4.748659043327546678e+05
4.738506795397180831e+05
4.728200567741179839e+05
4.717675252857264713e+05
4.706992689948590123e+05
4.696148801881010877e+05
4.685051903307712637e+05
4.673738230708030751e+05
4.662210848683438380e+05
4.650499559024806367e+05
4.638608769121125806e+05
4.626557806024033343e+05
4.614327021025166032e+05
4.601876405362211517e+05
4.589195364234159933e+05
4.576286501575103030e+05
4.563222685688094352e+05
4.549986820111399866e+05
4.536587421623579576e+05
4.522981377871185541e+05
4.509276180527165998e+05
4.495399917841189308e+05
4.481308877030373551e+05
4.466989098367961124e+05
4.452570164464003174e+05
4.438032374752573669e+05
4.423353121612847317e+05
4.408549831532310927e+05
4.393638172554181656e+05
4.378533361952477135e+05
4.363330049473737599e+05
4.348018123986051069e+05
4.332575861351415515e+05
4.316997301120218472e+05
4.301329192307385965e+05
4.285527363758481224e+05
4.269652940168782370e+05
4.253726512728327070e+05
4.237689401254217955e+05
4.221546924345660373e+05
4.205293047778430628e+05
4.188885828565065749e+05
4.172349228981462657e+05
4.155689884814228863e+05
4.138983963950237958e+05
4.122182309801342199e+05
4.105312831448388752e+05
4.088360119250191492e+05
4.071324859889741056e+05
4.054185544416320045e+05
4.036943385275336914e+05
4.019591971913103480e+05
4.002143792998057324e+05
3.984667469115595450e+05
3.967112764445197536e+05
3.949440320766915102e+05
3.931674346446179552e+05
3.913809610184043995e+05
3.895917802546631428e+05
3.877994362925087917e+05
3.860050823889208841e+05
3.842098923891065642e+05
3.824101682701613754e+05
3.806059897679248243e+05
3.788006795887902845e+05
3.769919479675680632e+05
3.751786314692490851e+05
3.733591499408149975e+05
3.715371578412886010e+05
3.697123340156993363e+05
3.678872821818437078e+05
3.660608730122525012e+05
3.642329048895459855e+05
3.624029407832553261e+05
3.605723396265808260e+05
3.587369769671105314e+05
3.568983647485522670e+05
3.550580860558693530e+05
3.532140503439359600e+05
3.513691349885445670e+05
3.495214669269325677e+05
3.476751140157682821e+05
3.458263292432994349e+05
3.439784313822682016e+05
3.421313463882309152e+05
3.402826270669944934e+05
3.384344055554930237e+05
3.365937025694643380e+05
3.347527019564982620e+05
3.329147054712159443e+05
3.310820148143972619e+05
3.292525471773978206e+05
3.274298512226822786e+05
3.256087949572682264e+05
3.237863075025434955e+05
3.219626666559819132e+05
3.201413189700638177e+05
3.183273280384618556e+05
3.165192200445225462e+05
3.147135982001142693e+05
3.129103295601193677e+05
3.111134503902597353e+05
3.093205606069850619e+05
3.075340892338454723e+05
3.057570188812253764e+05
3.039848622770518414e+05
3.022199672709053848e+05
3.004598690867600963e+05
2.987010548837982351e+05
2.969501465719858534e+05
2.952040799965404440e+05
2.934615725858443184e+05
2.917213937930504326e+05
2.899860333986339974e+05
2.882546202512874152e+05
2.865266905811134493e+05
2.848047193953538081e+05
2.830875844655728433e+05
2.813751664804606116e+05
2.796677409019684419e+05
2.779719382877454045e+05
2.762844189062057994e+05
2.746049470698033692e+05
2.729330539706809795e+05
2.712695099808510859e+05
2.696105232516045799e+05
2.679565741735537886e+05
2.663107897553846124e+05
2.646746441591216135e+05
2.630448012632548343e+05
2.614200270610688021e+05
2.598006820580430503e+05
2.581896039792099036e+05
2.565850875234494160e+05
2.549835867079297896e+05
2.533856289291230205e+05
2.517948365655011148e+05
2.502137958798174514e+05
2.486407821059758717e+05
2.470754944526921608e+05
2.455167983360526850e+05
2.439661923109269410e+05
2.424263858355240664e+05
2.408946323040725256e+05
2.393713079117303132e+05
2.378553675929874298e+05
2.363459355943391274e+05
2.348421696747735841e+05
2.333434570869865711e+05
2.318519585073090566e+05
2.303661883545771125e+05
2.288889537124219933e+05
2.274212133305348398e+05
2.259590054057188390e+05
2.245034434708922927e+05
2.230566465646353026e+05
2.216148686716071097e+05
2.201803450430747471e+05
2.187529746560446220e+05
2.173322618293262785e+05
2.159163514799872646e+05
2.145086541607492254e+05
2.131060979072065093e+05
2.117114129550872603e+05
2.103277571648072626e+05
2.089525413824697316e+05
2.075850173723113257e+05
2.062250540457109746e+05
2.048716054517385783e+05
2.035244662918284303e+05
2.021852656875422108e+05
2.008549910926814773e+05
1.995332119532304350e+05
1.982194094081931107e+05
1.969144296590473095e+05
1.956145564289950125e+05
1.943216461794456118e+05
1.930350407670626882e+05
1.917557221917854040e+05
1.904825323923045071e+05
1.892150074013558915e+05
1.879540427612916101e+05
1.867027250791494444e+05
1.854612412829055393e+05
1.842309367625646410e+05
1.830077556925329845e+05
1.817911262887555058e+05
1.805812358405352279e+05
1.793797370480548416e+05
1.781849932299863431e+05
1.769982375738322444e+05
1.758190381638641120e+05
1.746460311294628482e+05
1.734801799860162428e+05
1.723209048843940545e+05
1.711675610016751452e+05
1.700209997592939180e+05
1.688802121639142861e+05
1.677466014899511938e+05
1.666205624008830928e+05
1.655023269545434741e+05
1.643910564752326463e+05
1.632866447213106148e+05
1.621915902265782934e+05
1.611064326104663196e+05
1.600301198151422432e+05
1.589617366341867018e+05
1.579037656297092617e+05
1.568548522150112840e+05
1.558143630915794056e+05
1.547815201190486259e+05
1.537550990777967672e+05
1.527354422251585638e+05
1.517228465963889321e+05
1.507167674069840286e+05
1.497173818490401318e+05
1.487254794147755892e+05
1.477407061210697284e+05
1.467633398920817999e+05
1.457947250237415428e+05
1.448323056039215589e+05
1.438778556459752144e+05
1.429321276933207992e+05
1.419937438473659568e+05
1.410634239972010837e+05
1.401396576688190980e+05
1.392222297359056247e+05
1.383110471528545022e+05
1.374063764835837646e+05
1.365103634354066453e+05
1.356220922921226302e+05
1.347414878525592503e+05
1.338688289447349380e+05
1.330035110258425411e+05
1.321454885601971764e+05
1.312953514710927848e+05
1.304535494562804088e+05
1.296195976649001386e+05
1.287928552607138263e+05
1.279728906818933319e+05
1.271589756737307762e+05
1.263519043868911976e+05
1.255520402582612587e+05
1.247589685557180492e+05
1.239758862681801693e+05
1.231995077086401434e+05
1.224300354319831386e+05
1.216669341097136203e+05
1.209111705357839674e+05
1.201634202087442973e+05
1.194257211497522367e+05
1.186961278704477008e+05
1.179737217282656056e+05
1.172584807547540986e+05
1.165500067749941518e+05
1.158490413249677367e+05
1.151556589732265420e+05
1.144688520193467266e+05
1.137886027690147748e+05
1.131146915780249547e+05
1.124476887481215235e+05
1.117868193391729146e+05
1.111333961978517036e+05
1.104864755315178336e+05
1.098481500389063149e+05
1.092161948705525429e+05
1.085925858756446542e+05
1.079772011742665345e+05
1.073696906292878994e+05
1.067695690834764973e+05
1.061761377409001725e+05
1.055907804974126921e+05
1.050141899488450726e+05
1.044444903088046849e+05
1.038826924164940719e+05
1.033314797619514138e+05
1.027878716117938457e+05
1.022522517512092745e+05
1.017243631779644929e+05
1.012033483570487297e+05
1.006898038118586846e+05
1.001828511021392042e+05
9.968247065782095888e+04
9.918892419155366952e+04
9.870339234873600071e+04
9.822541278244199930e+04
9.775501690921977570e+04
9.729138447381388687e+04
9.683484469168822397e+04
9.638495899112246116e+04
9.594246441764663905e+04
9.550850593197171111e+04
9.508088521819116431e+04
9.466006806662971212e+04
9.424684530563277076e+04
9.384068948737715255e+04
9.344250881843504612e+04
9.305050295221470878e+04
9.266560252137182397e+04
9.228695573162847722e+04
9.191594093926566711e+04
9.155208818962662190e+04
9.119595408357569249e+04
9.084831780535637517e+04
9.050789153086120496e+04
9.017387133513178560e+04
8.984681907715511625e+04
8.952690905065812694e+04
8.921378465559474716e+04
8.890810054841419333e+04
8.860895590804691892e+04
8.831733306064772478e+04
8.803281015626780572e+04
8.775494654084209469e+04
8.748341737093288975e+04
8.721938390254674596e+04
8.696287947158355382e+04
8.671285544987075264e+04
8.646933941316921846e+04
8.623293234498862876e+04
8.600393152913190715e+04
8.578173312187471311e+04
8.556665278492217476e+04
8.535912690768198809e+04
8.515813889615838707e+04
8.496351035464515735e+04
8.477507306349494320e+04
8.459218407869854127e+04
8.441578492824587738e+04
8.424583024115186709e+04
8.408161651060260192e+04
8.392279939052600821e+04
8.377036193444964010e+04
8.362513605511646892e+04
8.348560693726416503e+04
8.335152127687382745e+04
8.322283997389297292e+04
8.309963166589921457e+04
8.298333637691238255e+04
8.287322963484490174e+04
8.276798082720722596e+04
8.266793424702230550e+04
8.257314297607507615e+04
8.248349409979781194e+04
8.239885688373308221e+04
8.231926465419317537e+04
8.224461041343437682e+04
8.217503706145256001e+04
8.211033890466269804e+04
8.205079485901090084e+04
8.199627443226762989e+04
8.194669910836611234e+04
8.190152784905616136e+04
8.186036917245716904e+04
8.182340365583273524e+04
8.179073934177460615e+04
8.176194797487610776e+04
8.173695886045321822e+04
8.171564646881194494e+04
8.169780269709938148e+04
8.168390508329862496e+04
8.167292484735234757e+04
8.166539880894047383e+04
8.166050790716157644e+04
8.165824234993071877e+04
8.165859119829656265e+04
8.166339384110060928e+04
8.167140331921113830e+04
8.168198915036937979e+04
8.169513749394068145e+04
8.171143972093009506e+04
8.173154830528692401e+04
8.175463854385302693e+04
8.178084292756507057e+04
8.181045569204374624e+04
8.184351539579866221e+04
8.188008778293163050e+04
8.192023412862405530e+04
8.196394985605134571e+04
8.201172565710949129e+04
8.206360285095029394e+04
8.211964558328922431e+04
8.217979914317111252e+04
8.224507324074991629e+04
8.231505421307426877e+04
8.238937226365345123e+04
8.246949940765845531e+04
8.255538440517478739e+04
8.264739650074622477e+04
8.274538136754222796e+04
8.284868856351177965e+04
8.295701336720251129e+04
8.307109245364663366e+04
8.319094441964272119e+04
8.331634980191924842e+04
8.344746249776805053e+04
8.358448404825516627e+04
8.372683931358480186e+04
8.387530241124068561e+04
8.403001651004812447e+04
8.419129135648283409e+04
8.435816156967356801e+04
8.453099766429918236e+04
8.471002654037757020e+04
8.489577483103403938e+04
8.508751404397912847e+04
8.528520074592725723e+04
8.548908298852578446e+04
8.569917602245513990e+04
8.591608955893808161e+04
8.613996319737687008e+04
8.637036291062788223e+04
8.660801347438950324e+04
8.685311967364177690e+04
8.710494532172435720e+04
8.736321665067762660e+04
8.762909297340468038e+04
8.790134168842289364e+04
8.817999020854804257e+04
8.846534380855502968e+04
8.875760654967851588e+04
8.905625576129215187e+04
8.936207942387345247e+04
8.967441063902949099e+04
8.999364367607184977e+04
9.032045953547870158e+04
9.065380533184888191e+04
9.099441120239809970e+04
9.134256005052890396e+04
9.169809383642108878e+04
9.205989095612817619e+04
9.243018346022380865e+04
9.280843827364653407e+04
9.319413302367483266e+04
9.358800772904895712e+04
9.398988136863127875e+04
9.439915037359432608e+04
9.481592866960154788e+04
9.523984013903392770e+04
9.567072445329911716e+04
9.610931713498075260e+04
9.655435547211994708e+04
9.700752041076378373e+04
9.746801321534943418e+04
9.793534339608806476e+04
9.841057242988346843e+04
9.889315213563315046e+04
9.938360190358269028e+04
9.988141123777149187e+04
1.003861801799110544e+05
1.008974619688079110e+05
1.014157186629474745e+05
1.019416254632794007e+05
1.024763490953133587e+05
1.030194260618409171e+05
1.035707486963461852e+05
1.041294796310517850e+05
1.046964138184935582e+05
1.052715500574453908e+05
1.058537059747107269e+05
1.064443084848012368e+05
1.070424327952821914e+05
1.076477566028383444e+05
1.082589640511634352e+05
1.088779639038903988e+05
1.095031283564766782e+05
1.101340624816894997e+05
1.107714804243744584e+05
1.114155899594291986e+05
1.120666885048670520e+05
1.127246117643514153e+05
1.133901956019445206e+05
1.140643389123737288e+05
1.147456037829560228e+05
1.154361823597651673e+05
1.161337573039523995e+05
1.168383316763785551e+05
1.175501703470723442e+05
1.182690392612322903e+05
1.189959061843876843e+05
1.197303780303144740e+05
1.204734336024563527e+05
1.212232668089701765e+05
1.219814219132915896e+05
1.227471750048347167e+05
1.235204825348808954e+05
1.243007807485347148e+05
1.250875184606350667e+05
1.258818763750628423e+05
1.266821590311319742e+05
1.274892522557998309e+05
1.283044685793318204e+05
1.291269849367614515e+05
1.299573180963016639e+05
1.307946269728749176e+05
1.316382317340937443e+05
1.324903496154697204e+05
1.333503797129018640e+05
1.342188421015352942e+05
1.350938123985675920e+05
1.359747481848694733e+05
1.368629209402131091e+05
1.377578613396524161e+05
1.386595750535902916e+05
1.395673341089379974e+05
1.404823845016176638e+05
1.414039806849021115e+05
1.423314022328679275e+05
1.432646858300864697e+05
1.442052472681494255e+05
1.451533235379864054e+05
1.461085665169260465e+05
1.470707611720458663e+05
1.480395727953329915e+05
1.490161175310742110e+05
1.500023766835803399e+05
1.509964725153431064e+05
1.519975088451437769e+05
1.530046396561859874e+05
1.540187547084947000e+05
1.550396031718373997e+05
1.560680500210286409e+05
1.571045527598659100e+05
1.581492120864387252e+05
1.592000745476107404e+05
1.602572677244971273e+05
1.613211838717102655e+05
1.623952333435121982e+05
1.634790370672164136e+05
1.645691613956869696e+05
1.656660033107574272e+05
1.667693326848039869e+05
1.678778182204203913e+05
1.689942085018388170e+05
1.701177934773298912e+05
1.712493308109387581e+05
1.723871698947536643e+05
1.735312537722375710e+05
1.746833516120626591e+05
1.758418064404072647e+05
1.770060009321021789e+05
1.781759609824538929e+05
1.793518998397297983e+05
1.805335823347308615e+05
1.817223174398743722e+05
1.829202014928006975e+05
1.841266027865169162e+05
1.853391514688358584e+05
1.865576941554241348e+05
1.877819186249998165e+05
1.890123216540722933e+05
1.902501739676872385e+05
1.914933131615905440e+05
1.927421065074864018e+05
1.939983464665362262e+05
1.952626263268097537e+05
1.965354563469846616e+05
1.978148331251496857e+05
1.991012017734887195e+05
2.003960187624712416e+05
2.017005748241464898e+05
2.030101779042034468e+05
2.043265701487194747e+05
2.056513586014394241e+05
2.069833783657942549e+05
2.083255794325794850e+05
2.096740072253235558e+05
2.110269034911664785e+05
2.123845676241596811e+05
2.137481805405848427e+05
2.151181104160353716e+05
2.164973004875575134e+05
2.178848472207006416e+05
2.192780739028364769e+05
2.206777971150053781e+05
2.220830506212812033e+05
2.234966579988184676e+05
2.249218781019438175e+05
2.263540627743393125e+05
2.277942393198918144e+05
2.292431562276547484e+05
2.306992438342776441e+05
2.321618497753212287e+05
2.336329076584348222e+05
2.351126253419350833e+05
2.366005492259555322e+05
2.380969369994986919e+05
2.395997851430760929e+05
2.411099987643270288e+05
2.426269892731891887e+05
2.441495759899163968e+05
2.456811245847925602e+05
2.472216278284647269e+05
2.487710976751382987e+05
2.503281471276941884e+05
2.518937854441441013e+05
2.534699974507012521e+05
2.550570022617578506e+05
2.566506551676799427e+05
2.582477259282805026e+05
2.598523368641870329e+05
2.614663502113679133e+05
2.630871119164189440e+05
2.647120409870655276e+05
2.663440652804519632e+05
2.679862675636981148e+05
2.696337584412479773e+05
2.712864668423627736e+05
2.729483287848992040e+05
2.746150539771341719e+05
2.762872474616045365e+05
2.779639274747755262e+05
2.796454278823186178e+05
2.813327326341430889e+05
2.830241629946352914e+05
2.847201896974187694e+05
