3.456242231722294491e+02
3.457083375409642940e+02
3.457910924754889379e+02
3.458715803323052000e+02
3.459547469886462068e+02
3.460400635673004786e+02
3.461227547046698874e+02
3.462026957564630720e+02
3.462807410208661167e+02
3.463574694400948033e+02
3.464316609536367650e+02
3.465078850803606088e+02
3.465823970865963020e+02
3.466569869775928510e+02
3.467291945020301114e+02
3.467975084091666531e+02
3.468653583073620439e+02
3.469552543716944797e+02
3.470533112649048348e+02
3.471467141646858749e+02
3.472352376435458154e+02
3.473186526730144692e+02
3.473967275089186160e+02
3.474692285400403193e+02
3.475727961501402206e+02
3.476852869498007976e+02
3.477935758693176922e+02
3.479436119722518583e+02
3.480876090956007829e+02
3.482246639699714024e+02
3.483563261884313533e+02
3.484803010180341403e+02
3.485963275837859783e+02
3.487140567752785500e+02
3.488318125937322520e+02
3.489442112591416958e+02
3.490510608792996550e+02
3.491505016594218205e+02
3.492700883607531068e+02
3.494031344203309004e+02
3.495279653795905119e+02
3.496716147875171146e+02
3.498086714604793883e+02
3.499376975790191864e+02
3.500574714110214245e+02
3.501672951474741353e+02
3.502679001490947712e+02
3.503616432871517645e+02
3.504511476899319291e+02
3.505371718466263360e+02
3.506129927622139917e+02
3.506805988417688695e+02
3.507409046474379011e+02
3.507934534591186093e+02
3.508494630766958267e+02
3.509003904223325208e+02
3.509577848186212350e+02
3.510253010709761838e+02
3.510825715186224443e+02
3.511299088761152234e+02
3.511650269088335108e+02
3.511878566722867845e+02
3.511983368961120959e+02
3.511964143637177358e+02
3.511856306806867565e+02
3.511756730190663802e+02
3.511602310599486714e+02
3.511329703945281722e+02
3.510931798466019700e+02
3.510419871444511841e+02
3.509789381428487332e+02
3.509080630706985744e+02
3.508740550151476327e+02
3.508818110333437517e+02
3.508807425573120327e+02
3.508727130745901377e+02
3.508663294887829807e+02
3.508494418423714478e+02
3.508211987139108032e+02
3.507808112081613103e+02
3.507298682621037642e+02
3.506672762162300501e+02
3.505950920131135717e+02
3.505133056079275207e+02
3.504274217256976272e+02
3.503314983737316197e+02
3.502246423627982495e+02
3.501071087127189685e+02
3.499889998752422571e+02
3.499279675820459943e+02
3.498686484474259260e+02
3.498066339995981480e+02
3.497673719863823862e+02
3.497516210629222542e+02
3.497269910296107582e+02
3.497007689070613878e+02
3.496750986478510868e+02
3.496413956137039918e+02
3.496035282900680841e+02
3.495920154120222492e+02
3.495733899270430811e+02
3.495516895790760827e+02
3.495308056383960320e+02
3.495038184081063264e+02
3.495173842750439235e+02
3.495797303463842809e+02
3.496368362074495622e+02
3.496889922643480304e+02
3.497427428231968634e+02
3.497991076323850166e+02
3.498566292004001639e+02
3.499104127542858578e+02
3.499626426309042699e+02
3.500117384702188019e+02
3.500588725761884916e+02
3.501309783341703792e+02
3.502257341923176455e+02
3.503187039559247182e+02
3.504098904638626664e+02
3.504995135558225456e+02
3.505877784079996218e+02
3.506767721997948115e+02
3.507728355484921963e+02
3.508697460993923869e+02
3.509659310786263973e+02
3.510618610949674121e+02
3.511595586491102949e+02
3.512603645847653979e+02
3.513660602809306965e+02
3.515000385430766983e+02
3.516436288202053220e+02
3.518130287614670806e+02
3.519875438438745050e+02
3.521608454178931993e+02
3.523326465633419957e+02
3.525026256460895411e+02
3.526704279377170224e+02
3.528475043542231333e+02
3.530991797899889661e+02
3.533862643828376804e+02
3.536692630177168439e+02
3.539475819717267768e+02
3.542517583035486268e+02
3.545567198293751403e+02
3.548567681156787330e+02
3.551606782902322266e+02
3.555056123188400647e+02
3.558566068674347207e+02
3.561987820005511480e+02
3.565314480612004786e+02
3.568752140081350603e+02
3.572173225433588755e+02
3.575585732708434534e+02
3.578934729768095622e+02
3.582245954453786112e+02
3.585470856175861627e+02
3.588631175693690238e+02
3.591976528748509736e+02
3.595197051880448953e+02
3.598298223483833453e+02
3.601264653222251582e+02
3.604133969998177918e+02
3.606923953707608916e+02
3.609577721413763811e+02
3.612453804148757399e+02
3.615798227248451440e+02
3.620012785758244718e+02
3.625116880758441766e+02
3.630957972010600656e+02
3.637127596159226641e+02
3.643464124406284554e+02
3.649738474276668398e+02
3.655874727310564367e+02
3.661883946229998514e+02
3.667767281079121062e+02
3.673868183765404751e+02
3.680007893618871435e+02
3.686199245560482041e+02
3.692614800859140587e+02
3.699363127701739131e+02
3.706164731447192366e+02
3.713113778823638427e+02
3.720068620617164470e+02
3.727615535914446241e+02
3.735461369123029272e+02
3.743343769979051103e+02
3.751101347117344176e+02
3.758843660686258659e+02
3.766484696426775827e+02
3.774035987389774505e+02
3.782016519879383623e+02
3.789884724769899549e+02
3.797701766948423483e+02
3.805419939595695382e+02
3.813028739773407096e+02
3.820530552340424038e+02
3.828112670176356005e+02
3.835846625777359122e+02
3.843482391923289470e+02
3.851068904069678638e+02
3.858593919538919863e+02
3.866058176596643534e+02
3.873500782668825764e+02
3.880864082775232760e+02
3.888138050432535238e+02
3.895375046563069645e+02
3.903107854456044947e+02
3.910891846323124810e+02
3.918601495932698526e+02
3.926490770056768724e+02
3.934336296811003990e+02
3.942092087990008622e+02
3.949756532775508049e+02
3.957327767331572659e+02
3.964803679694249468e+02
3.972181914201572681e+02
3.979597394847386340e+02
3.987252810005356309e+02
3.995316287512478084e+02
4.003395792754512286e+02
4.011360376987117888e+02
4.019273821191187608e+02
4.027157001534370693e+02
4.034921583920621515e+02
4.042560919589833475e+02
4.050239379946157214e+02
4.057911934593131491e+02
4.065750395910824295e+02
4.073431594620261649e+02
4.080965425964219548e+02
4.088613792508254505e+02
4.096182446670593436e+02
4.103782629597223490e+02
4.111340588280124280e+02
4.118713979725282570e+02
4.125940167520504929e+02
4.132975846141183638e+02
4.139809793891372465e+02
4.146430734621521879e+02
4.153181817075283107e+02
4.160001516230283869e+02
4.166608362407823165e+02
4.172986247228812431e+02
4.179131948742731311e+02
4.185042588367213057e+02
4.190715614734667156e+02
4.196403016921849485e+02
4.202002789552929016e+02
4.207358370128710021e+02
4.212901120624457008e+02
4.218489202269786347e+02
4.223927952852862973e+02
4.229142242518327066e+02
4.234383017309848469e+02
4.239794498079573941e+02
4.245170511433216234e+02
4.250842483920553150e+02
4.256455290854687519e+02
4.262227091873655240e+02
4.267757597828203870e+02
4.273016846282680490e+02
4.278061891173506979e+02
4.282867394117952244e+02
4.287397170810210127e+02
4.292198138326942853e+02
4.296939415566037042e+02
4.301520206750379316e+02
4.305813579546055507e+02
4.309817557198472286e+02
4.313794593517852718e+02
4.317806126305290491e+02
4.321741751294077858e+02
4.325610841640989861e+02
4.329307705858459485e+02
4.333124436279442762e+02
4.336641579798100565e+02
4.339858435629513451e+02
4.342774654911476659e+02
4.345390253206609827e+02
4.347705619086129900e+02
4.349809700382029405e+02
4.351664201465249562e+02
4.353221909871751905e+02
4.354484715601475955e+02
4.355630780860597042e+02
4.356717132955185434e+02
4.357516164972356592e+02
4.358071942249467270e+02
4.358376142921673591e+02
4.358403080804596357e+02
4.358163222402756674e+02
4.357667900561344254e+02
4.357152296953117343e+02
4.356529513867557739e+02
4.356511018823304084e+02
4.356565833468781648e+02
4.357006363724349285e+02
4.357763539606179961e+02
4.358462282497598608e+02
4.359252745780613623e+02
4.359801747123227642e+02
4.360174909509463532e+02
4.360320845645732106e+02
4.360232375793470965e+02
4.359918563159129690e+02
4.359368710027553107e+02
4.358702571368002623e+02
4.358216261377929186e+02
4.357500566787654748e+02
4.356593530070238103e+02
4.356376287936283234e+02
4.355986800600801416e+02
4.355422516621537739e+02
4.354997992154736721e+02
4.354700588822882992e+02
4.354481629995005392e+02
4.354055036490934754e+02
4.353505142637616814e+02
4.352799365744820648e+02
4.351897273238772641e+02
4.351017300360675790e+02
4.350434201083455719e+02
4.349762835723140597e+02
4.348890189905209809e+02
4.347817684973732639e+02
4.346546831258571046e+02
4.345079227459806930e+02
4.343416557296519613e+02
4.342029699793903319e+02
4.340667264775444210e+02
4.339502786796030023e+02
4.338635009163559175e+02
4.338008812123830467e+02
4.337332891228876406e+02
4.336955551367381645e+02
4.336787879359836779e+02
4.336439822480547832e+02
4.336166499254227347e+02
4.335783084903983422e+02
4.335357427801799304e+02
4.334992869467466221e+02
4.334499217381252265e+02
4.333912022231925221e+02
4.333493443382604369e+02
4.332896241704569888e+02
4.332121394714001781e+02
4.331170075550785441e+02
4.330536449413185665e+02
4.329874846668499231e+02
4.329279970083337048e+02
4.328766163321511726e+02
4.328699656328593619e+02
4.328851398236178056e+02
4.329113473250379229e+02
4.329639315747235173e+02
4.330069875599977536e+02
4.330605039687166027e+02
4.331239240108867534e+02
4.332038658422678168e+02
4.332920323007323304e+02
4.334226736142433083e+02
4.335866859925230870e+02
4.337666520748605308e+02
4.339541257762456326e+02
4.341587838184618704e+02
4.343720221823455176e+02
4.346045471018910575e+02
4.348201141563106376e+02
4.350230695160817618e+02
4.352550136448687113e+02
4.354822404371142284e+02
4.356927621819161232e+02
4.358866806198358859e+02
4.360641281831239553e+02
4.362534233015661584e+02
4.364352336458577497e+02
4.366106141765886832e+02
4.368108570140320808e+02
4.370289893531152643e+02
4.372484436048222278e+02
4.375074953349908355e+02
4.377939864696680843e+02
4.381057592676862669e+02
4.384425416056336644e+02
4.387781193677764122e+02
4.390986632012570681e+02
4.394197714555575089e+02
4.397448431530498283e+02
4.400901092957303717e+02
4.404284783476898042e+02
4.407781927091081116e+02
4.411203344802800075e+02
4.414471482897146188e+02
4.417585380440430072e+02
4.420701384764458908e+02
4.423840779366819334e+02
4.426822329130073399e+02
4.430013119794472232e+02
4.433462748339899804e+02
4.436748707247434709e+02
4.439868533932236119e+02
4.443216163068082665e+02
4.446980114891216544e+02
4.451156222158441551e+02
4.455152593933461276e+02
4.458964894275663369e+02
4.462588762272782787e+02
4.466627355831116120e+02
4.471044927364532668e+02
4.475329342692685941e+02
4.479699081094177018e+02
4.484209410648863923e+02
4.488679877641048961e+02
4.493052533629795562e+02
4.497196316460249363e+02
4.501106163507807878e+02
4.504777221596652907e+02
4.508204860748920737e+02
4.511384682108102879e+02
4.514312520051433921e+02
4.517071657106863540e+02
4.520107985292645481e+02
4.523320101853473147e+02
4.526293327584795065e+02
4.529681799775989361e+02
4.533159574146114892e+02
4.536355946568553463e+02
4.539408314194157015e+02
4.542770300248103013e+02
4.546992953823781818e+02
4.551028357344476944e+02
4.555429994678885919e+02
4.559692317973592708e+02
4.563641980438045493e+02
4.567274755842537388e+02
4.570616804290995105e+02
4.574121778925011768e+02
4.577505867920024798e+02
4.580722733463263694e+02
4.583604927353800917e+02
4.586500216239985548e+02
4.589484085911271904e+02
4.592139455848847547e+02
4.595024954115185665e+02
4.597706135592438272e+02
4.600359616689310656e+02
4.602901615159276503e+02
4.605209014829134730e+02
4.607156505668351087e+02
4.608742238801039548e+02
4.609964718651464750e+02
4.610867005425789671e+02
4.611855012256752389e+02
4.612476870515697556e+02
4.612857548373841041e+02
4.613056996148206963e+02
4.613067291150694587e+02
4.613016897026208767e+02
4.613082246334925003e+02
4.612892619180126985e+02
4.612441829150895956e+02
4.612074507970769446e+02
4.611659389497178267e+02
4.611179139317627573e+02
4.610558856850958023e+02
4.609933617278987867e+02
4.609180890159410069e+02
4.608075623948692510e+02
4.606896657875598748e+02
4.605538673399045138e+02
4.604049199182858274e+02
4.602266221986275241e+02
4.600107106902322016e+02
4.597571286954720335e+02
4.594658425360703404e+02
4.591878706955827738e+02
4.588744012486554311e+02
4.585327145903644350e+02
4.581740183852559767e+02
4.577867706788831583e+02
4.574543422124344261e+02
4.571044505888440881e+02
4.567177838294960566e+02
4.562962188855857448e+02
4.558376709646554445e+02
4.553423883919290915e+02
4.548106713299771400e+02
4.542444254591980553e+02
4.537469562748195244e+02
4.532798065605331317e+02
4.527776999109114513e+02
4.522515610557814512e+02
4.517337939840735430e+02
4.511824088732386713e+02
4.505979323447465958e+02
4.499809369387253923e+02
4.493320377443127995e+02
4.486891105998038256e+02
4.480652873003606373e+02
4.474973352379813605e+02
4.469048664246264480e+02
4.463129168943432887e+02
4.456927944646885180e+02
4.450639131190737885e+02
4.445164442014466317e+02
4.439567482569432855e+02
4.433710036526488238e+02
4.427627125434062236e+02
4.421602122349818842e+02
4.415591785095957675e+02
4.409471907218618867e+02
4.403501409585678630e+02
4.397404041001610722e+02
4.391439245891526753e+02
4.385244620022019717e+02
4.378964078924410614e+02
4.372777655590558652e+02
4.366393399293123139e+02
4.359790082429989297e+02
4.352970155099410476e+02
4.345936029592521663e+02
4.338690074040542868e+02
4.331234603383203421e+02
4.323592799699835041e+02
4.315824131414117346e+02
4.307852453925309533e+02
4.299783499465215755e+02
4.291838345659346032e+02
4.283695229997722436e+02
4.275556924858243519e+02
4.267363003384519970e+02
4.258973444574946825e+02
4.250583423799611751e+02
4.242450087575448379e+02
4.234486087950130582e+02
4.226732982946834909e+02
4.219112920286821691e+02
4.211617692108567326e+02
4.204016593045663512e+02
4.196396244598132625e+02
4.188692785924422424e+02
4.180788850933762433e+02
4.173056397580224939e+02
4.165192311760818029e+02
4.157386075092043711e+02
4.149466377912608550e+02
4.141532588943491078e+02
4.133892103673086353e+02
4.126445752654758508e+02
4.119198636615400915e+02
4.111862639634873062e+02
4.104931447627988064e+02
4.098277914479573951e+02
4.091887174285380979e+02
4.086568021408921823e+02
4.081285441817600486e+02
4.075759695100703084e+02
4.069957717725000066e+02
4.064289269984745374e+02
4.058355628503855428e+02
4.052131602884949189e+02
4.045614176545017244e+02
4.038800979636160946e+02
4.031734618959457066e+02
4.025389819339118276e+02
4.019617379469666503e+02
4.013822259328987911e+02
4.007724141120231707e+02
4.001363513359589206e+02
3.994968623848437801e+02
3.988357367171474834e+02
3.982097486350628515e+02
3.975828462740414011e+02
3.969741511685772366e+02
3.963354376294510075e+02
3.957479850786227189e+02
3.951604000543009079e+02
3.945739770246108833e+02
3.939582644145745007e+02
3.933243587771603416e+02
3.926815657506954267e+02
3.920186239908304060e+02
3.913579780072175254e+02
3.907035469841663371e+02
3.900683111729834422e+02
3.894090968016642478e+02
3.887226670626243958e+02
3.880092935920823720e+02
3.872728430049969006e+02
3.865571316285826242e+02
3.858791047089322319e+02
3.852355102946261241e+02
3.846369290420281004e+02
3.840132871474232843e+02
3.833845802250600627e+02
3.827722442866837582e+02
3.821404290667019268e+02
3.814918474967809061e+02
3.808486255477801024e+02
3.801818168447640005e+02
3.794905252682348191e+02
3.788149168311036306e+02
3.781228645403662085e+02
3.774330423818061035e+02
3.767888593719827668e+02
3.761224927434938081e+02
3.754325033567179162e+02
3.747203921466687575e+02
3.740570908106114416e+02
3.734049932639814529e+02
3.727532539883974323e+02
3.720945897908861753e+02
3.714288265849952495e+02
3.707402101293583314e+02
3.700537275286263821e+02
3.693810457114258270e+02
3.687076351661191893e+02
3.680117502207211828e+02
3.672934887404773008e+02
3.665529606271590524e+02
3.657952400111253155e+02
3.650761401179955783e+02
3.643965559585971050e+02
3.636950652036452993e+02
3.629717108132197723e+02
3.622502093703836294e+02
3.615360591096853113e+02
3.608495585496115154e+02
3.601733641926926452e+02
3.595043538693306573e+02
3.588141168723658438e+02
3.581033603957031346e+02
3.573706974646063372e+02
3.566161270644909109e+02
3.558396669625146274e+02
3.550413542448361000e+02
3.542212453763126518e+02
3.533829486533060162e+02
3.525308422098243000e+02
3.516574430123432649e+02
3.507626532629913072e+02
3.498505338202288613e+02
3.489252394556725108e+02
3.480006901691111807e+02
3.470843102338247377e+02
3.461735639764702910e+02
3.453062295059780809e+02
3.444348029288583461e+02
3.435428243767529466e+02
3.426306621829077699e+02
3.416993172595160786e+02
3.407585079605918281e+02
3.398413477336762298e+02
3.389537567195042129e+02
3.381032686434031120e+02
3.372719597653210712e+02
3.364305148414991891e+02
3.355689228051189730e+02
3.347130008239490166e+02
3.338416009140083816e+02
3.329484602804662927e+02
3.320808129709453169e+02
3.311959537586164970e+02
3.302886105405201533e+02
3.294828037710749982e+02
3.286778829469799348e+02
3.278672196966547858e+02
3.271142804579032486e+02
3.264109267670611416e+02
3.257042427874068835e+02
3.249749895158125810e+02
3.242209525870737252e+02
3.234419306107277521e+02
3.226719789697299348e+02
3.218787853983308764e+02
3.210667201917403872e+02
3.202514054024236430e+02
3.194376212969916651e+02
3.186112389067259301e+02
3.177902172754064054e+02
3.169965316100584687e+02
3.161917797598470088e+02
3.154492233034816309e+02
3.147049257385073133e+02
3.139389782691559958e+02
3.131493499319277589e+02
3.123588934128087544e+02
3.115942168520680298e+02
3.108324256049182850e+02
3.101157997767784877e+02
3.094011247669807290e+02
3.086828482091320893e+02
3.079793841496948517e+02
3.072558104660344611e+02
3.065126474457803170e+02
3.057848995324742418e+02
3.051108780557731848e+02
3.044192391513863640e+02
3.037288427296305144e+02
3.030847663003643788e+02
3.024243368220646744e+02
3.018264274550560913e+02
3.012576975706256235e+02
3.006735416939306447e+02
3.000866471812650502e+02
2.995262503008825092e+02
2.989585167578663913e+02
2.984123616539151271e+02
2.978530947574265610e+02
2.972815295853507109e+02
2.966968190714745788e+02
2.960992657873230200e+02
2.954891708818381062e+02
2.948668323768152959e+02
2.942325431685127910e+02
2.935865887671776591e+02
2.929333294542491331e+02
2.922712364087121841e+02
2.916171854008229616e+02
2.909708268408525100e+02
2.903139728099935724e+02
2.897159873087460369e+02
2.891169303348501671e+02
2.885402026872548618e+02
2.879534061255065467e+02
2.873579924098829679e+02
2.867533377978315912e+02
2.861392443076663881e+02
2.855146648978011399e+02
2.849148654829882616e+02
2.843231496765266684e+02
2.837440968681983122e+02
2.832022145620593392e+02
2.826488018539791369e+02
2.821152243420143577e+02
2.815928741259133403e+02
2.810850640635941318e+02
2.805642354532697027e+02
2.800381790040509031e+02
2.795367109700620176e+02
2.790447423828363185e+02
2.785450342508677863e+02
2.780302269369230999e+02
2.774999289203682906e+02
2.769537752505894446e+02
2.763919264288990689e+02
2.758446736512838129e+02
2.753011202705074538e+02
2.747427171262437469e+02
2.741714477227433804e+02
2.735842268114746503e+02
2.729793610260982177e+02
2.724183601295204653e+02
2.718659010264490803e+02
2.712960638818408370e+02
2.707263441439864664e+02
2.701994960184296701e+02
2.696727123105291639e+02
2.691480350206779804e+02
2.686246384774403282e+02
2.680889678323919725e+02
2.675808763931719341e+02
2.670543119544124693e+02
2.665217561363312484e+02
2.660071086252370947e+02
2.654760010299970645e+02
2.649266317449873895e+02
2.643591132377850954e+02
2.637992570340206839e+02
2.632539120698467627e+02
2.626917759063964013e+02
2.621160851586527087e+02
2.615595475923363438e+02
2.610004997420039672e+02
2.604277331356915397e+02
2.598383764306178136e+02
2.592326989668314354e+02
2.586109885013209464e+02
2.579735491918855814e+02
2.573328874509082880e+02
2.567656428169984224e+02
2.561835871180013555e+02
2.555870038564830224e+02
2.549761827013714139e+02
2.543623745782685148e+02
2.537357073693559073e+02
2.531000367148410533e+02
2.524992172829616095e+02
2.518856031037663001e+02
2.512594492993050324e+02
2.506482642449347225e+02
2.500313068175768763e+02
2.494168652155461530e+02
2.488145028502462424e+02
2.482081467566268316e+02
2.475919919387761752e+02
2.469718207372189624e+02
2.463418418982896014e+02
2.457070964995200484e+02
2.450623366897378617e+02
2.444427412607819861e+02
2.438618004933527459e+02
2.432699054422940037e+02
2.426923767389266402e+02
2.421099831435106466e+02
2.415165083991371660e+02
2.409173583169127824e+02
2.403091135451013258e+02
2.396896216712026728e+02
2.390719796473121050e+02
2.384829972066302730e+02
2.378826254443026187e+02
2.372719484471372198e+02
2.366522105875323803e+02
2.360236021383918796e+02
2.353842672510421039e+02
2.347600013617340267e+02
2.341540948960984849e+02
2.335413497724031799e+02
2.329434433558391220e+02
2.323380907736186316e+02
2.317244408656460450e+02
2.310994615754969459e+02
2.304632261168593459e+02
2.298158268439379128e+02
2.291573742745738969e+02
2.284879957117082370e+02
2.278116267814370985e+02
2.271598243205450842e+02
2.265006708543080265e+02
2.258760076121268980e+02
2.253167946532241785e+02
2.248325378299840054e+02
2.243791227196464320e+02
2.239215994905393359e+02
2.234555650777651294e+02
2.229799792914316470e+02
2.224957730836002270e+02
2.220014941976394311e+02
2.214996434717931493e+02
2.210299196111657807e+02
2.205848893689572492e+02
2.201326266263315290e+02
2.196716443057616743e+02
2.192007916536020673e+02
2.187201256817605781e+02
2.182328959346739623e+02
2.177401003199505567e+02
2.172397304218691829e+02
2.167309409327233425e+02
2.162159248601619765e+02
2.156977120860058221e+02
2.151955461536183520e+02
2.147341332546000672e+02
2.142836523300306339e+02
2.138251210988556181e+02
2.133628057517382501e+02
2.128940000055526696e+02
2.124191308777128313e+02
2.119411648696290058e+02
2.114660267783966106e+02
2.109874669995984391e+02
2.105089442679351919e+02
2.100303370394661613e+02
2.095478356197116341e+02
2.090651202727123348e+02
2.085776661093937605e+02
2.080933740069095848e+02
2.076272923804037589e+02
2.071579027862154021e+02
2.066832475210410394e+02
2.062035215477959014e+02
2.057189147640607700e+02
2.052303108772636051e+02
2.047391314007709582e+02
2.042436016157187453e+02
2.037462490792516405e+02
2.032486601281877938e+02
2.027521656178062699e+02
2.022857241258983834e+02
2.018195675752625675e+02
2.013557072586986010e+02
2.008906401673650066e+02
2.004245511343054886e+02
1.999549668347475517e+02
1.994819087968158442e+02
1.990075553467650025e+02
1.985397486111756962e+02
1.981122559322558061e+02
1.976818440386966813e+02
1.972494463699839287e+02
1.968133902908459447e+02
1.963736027045199535e+02
1.959300061450056774e+02
1.954845983009092265e+02
1.950352901952283560e+02
1.945825378554697522e+02
1.941303918989196973e+02
1.936752390991820221e+02
1.932157896896827083e+02
1.927522592882312722e+02
1.922890905422087826e+02
1.918278521547543960e+02
1.913636888214527971e+02
1.908949090805195397e+02
1.904214683437735403e+02
1.899478588231673371e+02
1.894822592572638200e+02
1.890189873306445349e+02
1.885517451796302453e+02
1.880858990867121179e+02
1.876535192831644565e+02
1.872274734949778008e+02
1.867966284967437218e+02
1.863609786047229022e+02
1.859205279605856731e+02
1.854752908039050112e+02
1.850252915920520422e+02
1.845705649607713212e+02
1.841111555214470172e+02
1.836485174396673870e+02
1.831870650138011172e+02
1.827406224633328975e+02
1.823128982239673519e+02
1.818918129954761582e+02
1.814676827442514195e+02
1.810392879232087182e+02
1.806099127447542401e+02
1.802085892882558653e+02
1.798886205705898362e+02
1.796007508308317142e+02
1.793190259543974889e+02
1.790333445297183346e+02
1.787437470201217309e+02
1.784502807128337736e+02
1.781565323902814839e+02
1.778906387995584737e+02
1.776255122136814180e+02
1.773567080889287126e+02
1.770843261444169627e+02
1.768140316719077703e+02
1.765406244878124085e+02
1.762655592360950720e+02
1.759897731959055136e+02
1.757127006503725966e+02
1.754355020033426626e+02
1.751652685969904155e+02
1.748922314596824208e+02
1.746165493354944545e+02
1.743383923229022798e+02
1.740579411896035253e+02
1.737787474665936429e+02
1.734999924735228376e+02
1.732195413332269993e+02
1.729392216056255052e+02
1.726578131113868437e+02
1.723848169098688459e+02
1.721151741424014858e+02
1.718878867421882433e+02
1.716744834338403507e+02
1.714676889965253110e+02
1.712652287005234939e+02
1.710645365352669387e+02
1.708709061776854128e+02
1.707116931631539387e+02
1.705855416943921909e+02
1.705021159509986433e+02
1.704202447195889647e+02
1.703444803681132385e+02
1.702703314909009009e+02
1.701988689137855317e+02
1.701286821155713369e+02
1.700598380122731896e+02
1.699923983947979877e+02
1.699303503761970546e+02
1.698744609296809358e+02
1.698201297340572751e+02
1.697687399726911224e+02
1.697254194850794136e+02
1.697221980502301619e+02
1.697307546352820111e+02
1.697411839262440765e+02
1.697795595173127481e+02
1.698309897739208907e+02
1.698838302914087990e+02
1.699379881332485525e+02
1.699933656799526887e+02
1.700533978749384403e+02
1.701258114105754373e+02
1.702004131583846345e+02
1.702758151137028051e+02
1.703572665968753199e+02
1.704416126154487756e+02
1.705264297919306387e+02
1.706116073963248709e+02
1.706970343275156665e+02
1.707839871747665939e+02
1.708728258327923299e+02
1.709734699776696516e+02
1.710758084147257136e+02
