6.804915139194484800e+05
6.805271501153514255e+05
6.805566936593137216e+05
6.805803375691502588e+05
6.805981360443891026e+05
6.806103725793001940e+05
6.806167466228370322e+05
6.806172766009280458e+05
6.806121226539454656e+05
6.806014594426061958e+05
6.805853379650965799e+05
6.805640632017909084e+05
6.805378491242986638e+05
6.805061483330982737e+05
6.804692943323163781e+05
6.804277752529787831e+05
6.803816643780163722e+05
6.803312465744405054e+05
6.802764938987356145e+05
6.802177116146617336e+05
6.801549054574813927e+05
6.800883138771625236e+05
6.800178707170772832e+05
6.799428855082618538e+05
6.798635816270188661e+05
6.797800285544219660e+05
6.796932458469962003e+05
6.796026928889455739e+05
6.795089302890938707e+05
6.794115193496465217e+05
6.793112178334090859e+05
6.792077020643806318e+05
6.791014282441096148e+05
6.789924281543309335e+05
6.788805646127446089e+05
6.787655593173821690e+05
6.786484711630763486e+05
6.785287866110940231e+05
6.784076022534283111e+05
6.782843896256167209e+05
6.781596179109074874e+05
6.780330873211803846e+05
6.779042729486250319e+05
6.777733763017003657e+05
6.776407327910732711e+05
6.775064614866334014e+05
6.773710439521555090e+05
6.772346587734444765e+05
6.770978818211317994e+05
6.769602589849169599e+05
6.768218639687853865e+05
6.766831603723576991e+05
6.765438432471891865e+05
6.764035207198505523e+05
6.762632556297841948e+05
6.761231089188560145e+05
6.759829522336026421e+05
6.758426039395149564e+05
6.757019374711922137e+05
6.755610893338739406e+05
6.754207853202698752e+05
6.752817792271756334e+05
6.751439957385058515e+05
6.750075751114380546e+05
6.748720866331312573e+05
6.747375806363628944e+05
6.746036669242954813e+05
6.744711857466730289e+05
6.743407311892581638e+05
6.742118764233978000e+05
6.740845433958717622e+05
6.739581981138119008e+05
6.738321938465159619e+05
6.737070159558347659e+05
6.735833926345066866e+05
6.734621110589441378e+05
6.733426819421189139e+05
6.732248916307166219e+05
6.731090975925218081e+05
6.729953565562654985e+05
6.728829773214124143e+05
6.727717547096912749e+05
6.726617119630259695e+05
6.725536780242992099e+05
6.724472074377794052e+05
6.723423976832956541e+05
6.722395342023649719e+05
6.721388890447254525e+05
6.720398890827475116e+05
6.719421441475735046e+05
6.718463916585418629e+05
6.717524249963654438e+05
6.716598211909108795e+05
6.715689778691671090e+05
6.714796134785922477e+05
6.713921916308102664e+05
6.713056880433548940e+05
6.712202774198977277e+05
6.711367868439307204e+05
6.710546601195767289e+05
6.709740860884230351e+05
6.708941957711656578e+05
6.708151718059036648e+05
6.707375026086869184e+05
6.706617260716002202e+05
6.705867023335890844e+05
6.705129527801867807e+05
6.704402319189467235e+05
6.703685765572073869e+05
6.702982661845865659e+05
6.702298709545980673e+05
6.701621266951262951e+05
6.700956987527688034e+05
6.700305778519258602e+05
6.699658926596224774e+05
6.699021559151018737e+05
6.698400107760861283e+05
6.697794905318287201e+05
6.697198546075413469e+05
6.696610100660537137e+05
6.696036758221496129e+05
6.695471909781004069e+05
6.694907036458727671e+05
6.694346771746225422e+05
6.693784439765458228e+05
6.693231341729771812e+05
6.692676300316733541e+05
6.692130383653992321e+05
6.691596319947864395e+05
6.691064343124250881e+05
6.690531333564181114e+05
6.690004023150413996e+05
6.689469729179629358e+05
6.688929333562173415e+05
6.688378249201236758e+05
6.687825014144122833e+05
6.687266528361230157e+05
6.686710467452090234e+05
6.686157185796189588e+05
6.685606004873806378e+05
6.685062469710742589e+05
6.684519215717031620e+05
6.683975384329728549e+05
6.683416345340114785e+05
6.682843968970619608e+05
6.682263359715198167e+05
6.681673441608641297e+05
6.681074765999804949e+05
6.680462102260424290e+05
6.679838840343670454e+05
6.679205928102551261e+05
6.678565923181504477e+05
6.677914119240629952e+05
6.677243744935452705e+05
6.676550738434740342e+05
6.675848086431885604e+05
6.675135380323627032e+05
6.674409345607890282e+05
6.673665979876426281e+05
6.672898760292287916e+05
6.672108203072897159e+05
6.671293832102969754e+05
6.670460777732941788e+05
6.669610569448344177e+05
6.668750648798840120e+05
6.667873812542452943e+05
6.666968322006058879e+05
6.666031335075901588e+05
6.665061446458183927e+05
6.664063933849408058e+05
6.663040195073258365e+05
6.662004901983647142e+05
6.660952204032335430e+05
6.659876948306107661e+05
6.658783987350696698e+05
6.657673405510573648e+05
6.656542400266369805e+05
6.655384996887266170e+05
6.654209882798988838e+05
6.653017976198692340e+05
6.651805844226372428e+05
6.650566151603645412e+05
6.649292143750295509e+05
6.647988515627379529e+05
6.646655924247817602e+05
6.645294513928891392e+05
6.643901651189923286e+05
6.642472930513726315e+05
6.641014314037681324e+05
6.639523679849461187e+05
6.638009805307084462e+05
6.636470193412128137e+05
6.634892131975479424e+05
6.633287522794087417e+05
6.631652312090749620e+05
6.629983278896441916e+05
6.628276351616852917e+05
6.626535237408061512e+05
6.624763966524074785e+05
6.622959819445310859e+05
6.621125748077669414e+05
6.619259309446414700e+05
6.617353996853803983e+05
6.615414173480947502e+05
6.613439522663493408e+05
6.611440088936691172e+05
6.609418959484212101e+05
6.607371595763550140e+05
6.605288613765710033e+05
6.603179982145192334e+05
6.601044275912450394e+05
6.598865079777832143e+05
6.596654193375899922e+05
6.594412290905792033e+05
6.592143051266330294e+05
6.589830861526491353e+05
6.587492083942677127e+05
6.585117647879895521e+05
6.582699073009899585e+05
6.580243198904907331e+05
6.577757195131257176e+05
6.575247990806782618e+05
6.572707715954894666e+05
6.570136370989192510e+05
6.567530999438972212e+05
6.564886671475822804e+05
6.562207547946466366e+05
6.559489679104846437e+05
6.556745328991924180e+05
6.553977195954705821e+05
6.551161216859049164e+05
6.548312496093633818e+05
6.545432302551167086e+05
6.542536989591373131e+05
6.539610100633380935e+05
6.536647616806571605e+05
6.533644014682015404e+05
6.530602709717322141e+05
6.527516751596503891e+05
6.524381328018505592e+05
6.521201997650419362e+05
6.517971069345215801e+05
6.514707210430247942e+05
6.511406432536905631e+05
6.508072635396161349e+05
6.504703864879279863e+05
6.501298053651928203e+05
6.497861098458042834e+05
6.494386145396718057e+05
6.490866736305323429e+05
6.487317164234779775e+05
6.483732720016845269e+05
6.480100845069985371e+05
6.476440058064566692e+05
6.472744367583162384e+05
6.469009587592432508e+05
6.465228382065806072e+05
6.461394561452731723e+05
6.457517658076587832e+05
6.453605639097156236e+05
6.449645561680720421e+05
6.445637958339897450e+05
6.441584889157143189e+05
6.437480282649957808e+05
6.433335332016079919e+05
6.429148927572087850e+05
6.424921128137883497e+05
6.420649416364120552e+05
6.416333372147480259e+05
6.411974244838512968e+05
6.407576642400623532e+05
6.403142375482692150e+05
6.398668875651732087e+05
6.394147668748007854e+05
6.389572347345211310e+05
6.384951545943046222e+05
6.380284851942498935e+05
6.375574685412851395e+05
6.370809216155337635e+05
6.365986734085202916e+05
6.361117534045130014e+05
6.356194551877815975e+05
6.351221737750077154e+05
6.346195777510210173e+05
6.341123292642460437e+05
6.336005917458260665e+05
6.330849326660446823e+05
6.325643097991108662e+05
6.320390952747103292e+05
6.315088757594295312e+05
6.309737060724839102e+05
6.304326781603639247e+05
6.298868243530351901e+05
6.293363189788724994e+05
6.287809377207857324e+05
6.282207290691853268e+05
6.276548829080264550e+05
6.270841984135675011e+05
6.265094084124098299e+05
6.259307058325380785e+05
6.253468221564972773e+05
6.247570221546223620e+05
6.241625285810086643e+05
6.235625713785599219e+05
6.229578857812038623e+05
6.223484050029409118e+05
6.217335356762146112e+05
6.211132924393321155e+05
6.204888085201011272e+05
6.198599780534491874e+05
6.192248815977602499e+05
6.185839890262582339e+05
6.179381704632228939e+05
6.172867725886361441e+05
6.166311226049276302e+05
6.159706974011926213e+05
6.153043963453419274e+05
6.146334021452148445e+05
6.139574201959735947e+05
6.132772151083338540e+05
6.125929263689302607e+05
6.119025936513382476e+05
6.112063050246004714e+05
6.105040338336960413e+05
6.097978655294162454e+05
6.090877902426070068e+05
6.083739632056911942e+05
6.076554510556231253e+05
6.069320298747012857e+05
6.062043842948428355e+05
6.054716679809301859e+05
6.047336393947673496e+05
6.039906778926736442e+05
6.032425665598872583e+05
6.024889595955039840e+05
6.017299689749540994e+05
6.009661670995730674e+05
6.001989996748912381e+05
5.994278838032822823e+05
5.986528659070252907e+05
5.978734245507287560e+05
5.970891192378958222e+05
5.963010418039445067e+05
5.955082758164175320e+05
5.947095944726273883e+05
5.939065498830545694e+05
5.931002880776880775e+05
5.922899162426433759e+05
5.914750154538480565e+05
5.906541183923461940e+05
5.898285532053855713e+05
5.889981920465417206e+05
5.881624731688085012e+05
5.873207803873330122e+05
5.864740831657046219e+05
5.856241659435710171e+05
5.847704292943155160e+05
5.839122085689820815e+05
5.830481120952594792e+05
5.821785747725253459e+05
5.813035056804516353e+05
5.804247693043422187e+05
5.795419760995389661e+05
5.786539668408436701e+05
5.777593126914999448e+05
5.768595562435210450e+05
5.759546686905119568e+05
5.750446478777489392e+05
5.741282256738924189e+05
5.732062868719049729e+05
5.722810788605747512e+05
5.713514364575897343e+05
5.704169621567532886e+05
5.694780791494421428e+05
5.685356484808106907e+05
5.675883621966601349e+05
5.666362270226744004e+05
5.656777095291313017e+05
5.647133241104491754e+05
5.637441393130921060e+05
5.627714912274345988e+05
5.617961483027312206e+05
5.608174961799838347e+05
5.598340727012581192e+05
5.588451091737195384e+05
5.578509411856702063e+05
5.568507781652394915e+05
5.558455491654941579e+05
5.548356846427953569e+05
5.538189319840256358e+05
5.527971799327631015e+05
5.517707945422284538e+05
5.507387543700209353e+05
5.497026517240336398e+05
5.486621150400983170e+05
5.476162279269504361e+05
5.465645433101662202e+05
5.455079625393885653e+05
5.444465906637052540e+05
5.433800539951752871e+05
5.423088896373333409e+05
5.412324356793547049e+05
5.401527653569170507e+05
5.390683563774084905e+05
5.379800521767095197e+05
5.368864692143619759e+05
5.357879295568241505e+05
5.346840546487503452e+05
5.335743841545253526e+05
5.324588182378549827e+05
5.313385278684725054e+05
5.302145484997681342e+05
5.290865662316362141e+05
5.279532043638146715e+05
5.268139010516442358e+05
5.256688307781618787e+05
5.245179510725485161e+05
5.233630510421901126e+05
5.222026177883427008e+05
5.210365648787739919e+05
5.198654066468031378e+05
5.186901631064445828e+05
5.175120427796693402e+05
5.163296048685148126e+05
5.151435260619390756e+05
5.139531542030391283e+05
5.127574571794870426e+05
5.115566353763015941e+05
5.103514109093139996e+05
5.091416872347947792e+05
5.079275891143516055e+05
5.067089067705539055e+05
5.054860185288318316e+05
5.042578780975874979e+05
5.030250100486371666e+05
5.017881442494341754e+05
5.005474952724939794e+05
4.993026271588691743e+05
4.980532491760452976e+05
4.967996223327661864e+05
4.955419513546045637e+05
4.942793202824299806e+05
4.930116536552577745e+05
4.917384571784407017e+05
4.904605391923731077e+05
4.891769437834781129e+05
4.878892292975943419e+05
4.865977391974499333e+05
4.853020154194770730e+05
4.840013264614848304e+05
4.826965308997617685e+05
4.813879863524163957e+05
4.800746565268909326e+05
4.787560504295172286e+05
4.774325312589172972e+05
4.761047962169955135e+05
4.747720372362610651e+05
4.734351207496220013e+05
4.720932868004398188e+05
4.707476590275779017e+05
4.693981017859135172e+05
4.680427442446826608e+05
4.666828831837942125e+05
4.653194413712774985e+05
4.639509830414059106e+05
4.625769328315649764e+05
4.611991947753031272e+05
4.598169532648397144e+05
4.584314383229987579e+05
4.570419355017080088e+05
4.556480925610915292e+05
4.542498845513658016e+05
4.528477556415466242e+05
4.514419990867844899e+05
4.500324826472788700e+05
4.486182896408230881e+05
4.472002340814190102e+05
4.457793845645083347e+05
4.443527073695171275e+05
4.429211544493568945e+05
4.414851347235227586e+05
4.400450921117248945e+05
4.386000533121293411e+05
4.371502667767615058e+05
4.356960871980504016e+05
4.342380225400766940e+05
4.327761960546684568e+05
4.313108304677484557e+05
4.298428315999495098e+05
4.283710747324604890e+05
4.268964855926656746e+05
4.254190356657845550e+05
4.239362398225070210e+05
4.224499386227840441e+05
4.209614546134794364e+05
4.194689186540616793e+05
4.179728609688255819e+05
4.164729447494890774e+05
4.149687830235292204e+05
4.134611761678440962e+05
4.119492644526936347e+05
4.104352778781299712e+05
4.089184893355068052e+05
4.073985743506423314e+05
4.058757512409008923e+05
4.043497380897519179e+05
4.028198099379766500e+05
4.012861513026557514e+05
3.997479210132241133e+05
3.982067260674056597e+05
3.966616371721943142e+05
3.951131141455285251e+05
3.935609429619854782e+05
3.920031427815160714e+05
3.904427152136187069e+05
3.888788516475722427e+05
3.873111758962268359e+05
3.857392365945620695e+05
3.841643289411047008e+05
3.825855592514703167e+05
3.810041091019507148e+05
3.794190330076928367e+05
3.778312624824862578e+05
3.762397857797580073e+05
3.746446047900371486e+05
3.730460183244869695e+05
3.714449031993335229e+05
3.698407539424428251e+05
3.682343942252179841e+05
3.666239634347152896e+05
3.650100204410543665e+05
3.633928901823337656e+05
3.617733506243858719e+05
3.601518007889093133e+05
3.585278062958836672e+05
3.569005615680414485e+05
3.552716965059796348e+05
3.536402754905337351e+05
3.520071813322827220e+05
3.503710837397272699e+05
3.487313138561349479e+05
3.470882455709194182e+05
3.454423966744361096e+05
3.437932429517037235e+05
3.421410929553775350e+05
3.404865843142539961e+05
3.388306196392915444e+05
3.371723621079387376e+05
3.355125594032900990e+05
3.338508926298522274e+05
3.321851583518266561e+05
3.305154416982498951e+05
3.288413470695310971e+05
3.271647346180839813e+05
3.254858494367274106e+05
3.238043934746751911e+05
3.221211078579408349e+05
3.204360316935026785e+05
3.187478991560842260e+05
3.170577201527763973e+05
3.153649320352808572e+05
3.136691039429414086e+05
3.119714626746754511e+05
3.102718293835199438e+05
3.085712111000734731e+05
3.068692661103844293e+05
3.051648795929476037e+05
3.034582044185943087e+05
3.017498058199689258e+05
3.000400449847803102e+05
2.983279422550741001e+05
2.966131851452386472e+05
2.948952865668846644e+05
2.931756787715270184e+05
2.914550143996670377e+05
2.897337668595434516e+05
2.880115762575675035e+05
2.862868769094806048e+05
2.845604121669249143e+05
2.828320565638154512e+05
2.811018944079327048e+05
2.793687845432230388e+05
2.776332404313554289e+05
2.758947030085204751e+05
2.741538621836898383e+05
2.724119877512327512e+05
2.706689099764627754e+05
2.689247140924298437e+05
2.671785720813097432e+05
2.654325667060618871e+05
2.636858552131914184e+05
2.619377491740760452e+05
2.601885215773445379e+05
2.584376794147364562e+05
2.566846524841201317e+05
2.549300564187358250e+05
2.531739257178544358e+05
2.514155672572402400e+05
2.496562201894168393e+05
2.478958336397089297e+05
2.461335718582751288e+05
2.443689785582681361e+05
2.426029778482835100e+05
2.408359821230445232e+05
2.390665601821702439e+05
2.372955120427098300e+05
2.355238890666320221e+05
2.337508753198830527e+05
2.319764634343105427e+05
2.302010475664664409e+05
2.284234825718403154e+05
2.266432041488795076e+05
2.248617152725821652e+05
2.230786559968641959e+05
2.212949473002406012e+05
2.195106649060802883e+05
2.177256433976107219e+05
2.159387529360691260e+05
2.141505653813428362e+05
2.123591541249719739e+05
2.105661673728518654e+05
2.087713921411001065e+05
2.069757893377444125e+05
2.051774526186161675e+05
2.033770633804694226e+05
2.015748279694659868e+05
1.997719094326530176e+05
1.979687253698987479e+05
1.961637339775086730e+05
1.943584376519841317e+05
1.925527131746415689e+05
1.907459222526949598e+05
1.889369082280158764e+05
1.871268165985074302e+05
1.853163979476020031e+05
1.835047532961367106e+05
1.816931404394849087e+05
1.798801191164868360e+05
1.780662446406161180e+05
1.762517007240855601e+05
1.744361692469933769e+05
1.726192736654227192e+05
1.708009348286000604e+05
1.689821121562797925e+05
1.671621993677337014e+05
1.653416940021980263e+05
1.635203788802561176e+05
1.616984993709268747e+05
1.598766437019879522e+05
1.580540029185778403e+05
1.562310712579553656e+05
1.544074208876395423e+05
1.525832839416776842e+05
1.507582120011250081e+05
1.489332747287433012e+05
1.471087231185823039e+05
1.452841448475857906e+05
1.434601955686256697e+05
1.416359311030339741e+05
1.398109633070885029e+05
1.379858564662752033e+05
1.361602902619745291e+05
1.343349573631585808e+05
1.325105294006122858e+05
1.306854085645674350e+05
1.288598884318681521e+05
1.270361357798014797e+05
1.252132058136371779e+05
1.233906952469309908e+05
1.215700281167488429e+05
1.197501531218915770e+05
1.179300938233597699e+05
1.161109464119791664e+05
1.142914623213828309e+05
1.124733314273402211e+05
1.106557378494516743e+05
1.088391878007947234e+05
1.070235258517343900e+05
1.052084240127038502e+05
1.033940215871093824e+05
1.015801731344203290e+05
9.976646286330187286e+04
9.795382191617983335e+04
9.614168618557139416e+04
9.433220928799350804e+04
9.252462553811563703e+04
9.071788416023344325e+04
8.891178112503931334e+04
8.710640346375587978e+04
8.530234049517240783e+04
8.350013636455933738e+04
8.169849403863472980e+04
7.989868220734274655e+04
7.810084618404482899e+04
7.630428709098364925e+04
7.450821481280511944e+04
7.271281154604456970e+04
7.092011236922664102e+04
6.912990280606347369e+04
6.734060406811340363e+04
6.555225239653310564e+04
6.376429947474574146e+04
6.197722502711549896e+04
6.019136386631409550e+04
5.840699047326207801e+04
5.662470209793685353e+04
5.484365270837821299e+04
5.306535096579464152e+04
5.128887904501231242e+04
4.951465538765896054e+04
4.774200807111502218e+04
4.597067882614328846e+04
4.420106441359324526e+04
4.243311254832328268e+04
4.066679871895082761e+04
3.890231004555775871e+04
3.713979139818207477e+04
3.537820217538884026e+04
3.361792429819764220e+04
3.186112499668830060e+04
3.010694550083615468e+04
2.835532570111822497e+04
2.660617217540824277e+04
2.485924202073779452e+04
2.311537767587917551e+04
2.137336322287248186e+04
1.963360905077386633e+04
1.789560662411887461e+04
1.616049919767763822e+04
1.442681394407039261e+04
1.269485070434669615e+04
1.096444900487654377e+04
9.235548522529306865e+03
7.509704046288037716e+03
5.785305848704141681e+03
4.062059277478753756e+03
2.341385327302356473e+03
6.235820725612007891e+02
-1.091321032623946849e+03
-2.802956699411641694e+03
-4.512111000906722438e+03
-6.218038030610427086e+03
-7.920320332611946469e+03
-9.619871275451361726e+03
-1.131609828513281900e+04
-1.300910270003661026e+04
-1.469948451928692339e+04
-1.638631292962610314e+04
-1.807066403271652598e+04
-1.975147732840814206e+04
-2.142887475549716328e+04
-2.310265413444971273e+04
-2.477560388985959071e+04
-2.644612134386751495e+04
-2.811362404489605979e+04
-2.977830726790185872e+04
-3.143904846440834081e+04
-3.309640179008231644e+04
-3.474972780311504903e+04
-3.639881156615867803e+04
-3.804470754246409342e+04
-3.968727021109763155e+04
-4.132541428072671988e+04
-4.296096396574149549e+04
-4.459335465066754114e+04
-4.622194603025487595e+04
-4.784669565961165790e+04
-4.946875655163752526e+04
-5.108721983749920037e+04
-5.270287017432063294e+04
-5.431597861650931009e+04
-5.592541171072323050e+04
-5.753143990225731250e+04
-5.913255145248271583e+04
-6.073075711697748920e+04
-6.232535354118049145e+04
-6.391603869504097383e+04
-6.550219410405487724e+04
-6.708369279696117155e+04
-6.866111222775124770e+04
-7.023336240133874526e+04
-7.180091245615298976e+04
-7.336322892133993446e+04
-7.492088333036104450e+04
-7.647331576804217184e+04
-7.802148275401568389e+04
-7.956536053478729445e+04
-8.110462901452301594e+04
-8.263902977563663444e+04
-8.416968495000639814e+04
-8.569666161758107773e+04
-8.721911893317857175e+04
-8.873649084339740511e+04
-9.024874197405076120e+04
-9.175505923438326863e+04
-9.325638178944660467e+04
-9.475366369083330210e+04
-9.624675817621409078e+04
-9.773510219653428067e+04
-9.921739357992426085e+04
-1.006944103903619689e+05
-1.021663091755273199e+05
-1.036329863439244509e+05
-1.050939586906748300e+05
-1.065494391830380337e+05
-1.079994018139981781e+05
-1.094441419978841586e+05
-1.108834603362608614e+05
-1.123174349886581185e+05
-1.137462601572962885e+05
-1.151700114346520713e+05
-1.165882034414727095e+05
-1.179994347273403982e+05
-1.194053318816691171e+05
-1.208052010903291812e+05
-1.221976797828551062e+05
-1.235848203553290659e+05
-1.249659878808486392e+05
-1.263417324593779049e+05
-1.277116476446901215e+05
-1.290752436045858631e+05
-1.304322687707426376e+05
-1.317837105402568413e+05
-1.331283959817997820e+05
-1.344669705798762152e+05
-1.357994309519615490e+05
-1.371254778260335734e+05
-1.384446720184599981e+05
-1.397568101541873475e+05
-1.410616138459474023e+05
-1.423596702744184295e+05
-1.436503835392762849e+05
-1.449347024630586093e+05
-1.462130843573430320e+05
-1.474837123388060136e+05
-1.487471528387679136e+05
-1.500027236200233747e+05
-1.512517153545807523e+05
-1.524933294209823944e+05
-1.537277884463259543e+05
-1.549553899370343424e+05
-1.561762234906718950e+05
-1.573894604803079856e+05
-1.585954430524325289e+05
-1.597948315941912297e+05
-1.609866967089373502e+05
-1.621706873693002271e+05
-1.633468780401147669e+05
-1.645153361349087791e+05
-1.656765443824883259e+05
-1.668299368278745387e+05
-1.679752088448386930e+05
-1.691124302753568336e+05
-1.702415816881915089e+05
-1.713623504736360337e+05
-1.724740057187088532e+05
-1.735773475211155892e+05
-1.746725602268635412e+05
-1.757598212083872058e+05
-1.768387418004144856e+05
-1.779097150977542333e+05
-1.789719778938566742e+05
-1.800251995546660910e+05
-1.810699030781139154e+05
-1.821060032431904692e+05
-1.831334190280064940e+05
-1.841523991512635257e+05
-1.851624718119912432e+05
-1.861645832113612560e+05
-1.871577231745677709e+05
-1.881412426390814944e+05
-1.891157764766200562e+05
-1.900807955722087063e+05
-1.910362087770331127e+05
-1.919825561439150188e+05
-1.929197358958179539e+05
-1.938487197395406547e+05
-1.947691838629340928e+05
-1.956804397616240312e+05
-1.965822598445568292e+05
-1.974743344434026803e+05
-1.983570721850448463e+05
-1.992312319896406552e+05
-2.000964794011528720e+05
-2.009520777983659355e+05
-2.017978090341034695e+05
-2.026340516173976648e+05
-2.034603625283129222e+05
-2.042775770263036538e+05
-2.050848906044337200e+05
-2.058826891532485315e+05
-2.066703179999423446e+05
-2.074477136066533276e+05
-2.082151820042741892e+05
-2.089726134579947684e+05
-2.097204597837702895e+05
-2.104581951771538297e+05
-2.111848894185755344e+05
-2.119014954091347754e+05
-2.126075741529745283e+05
-2.133035618742858351e+05
-2.139882703073136800e+05
-2.146630192823116959e+05
-2.153274598699742928e+05
-2.159820126744473237e+05
-2.166264123510383943e+05
-2.172602931822224637e+05
-2.178837419181174191e+05
-2.184964862675771874e+05
-2.190991009218211693e+05
-2.196908850067937456e+05
-2.202718726472531562e+05
-2.208419400620427332e+05
-2.214012314980092633e+05
-2.219495611815121374e+05
-2.224871023242602823e+05
-2.230137448870469525e+05
-2.235294777236880909e+05
-2.240349604545292095e+05
-2.245296827028169355e+05
-2.250141577325873950e+05
-2.254879210797633568e+05
-2.259509980821536155e+05
-2.264033488464808906e+05
-2.268451022687208024e+05
-2.272765074569644348e+05
-2.276978086558081268e+05
-2.281084030999913230e+05
-2.285083941560306994e+05
-2.288984920411517087e+05
-2.292788385521945893e+05
-2.296490751072811254e+05
-2.300093129866778618e+05
-2.303599251945136930e+05
-2.307009366122731590e+05
-2.310316325107429875e+05
-2.313519963481597952e+05
-2.316623565144819440e+05
-2.319626796111972653e+05
-2.322527275709885871e+05
-2.325329088951651938e+05
-2.328030249104841496e+05
-2.330630648659960716e+05
-2.333144001898586866e+05
-2.335561779736880562e+05
-2.337886812067082501e+05
-2.340123940327027231e+05
-2.342274579385562392e+05
-2.344339315635715611e+05
-2.346315651360989723e+05
-2.348209065204706276e+05
-2.350011776950082858e+05
-2.351729963099143934e+05
-2.353366748595356476e+05
-2.354921639314966742e+05
-2.356391365615524992e+05
-2.357780090504458931e+05
-2.359094289562119520e+05
-2.360330831902421196e+05
-2.361489170563607768e+05
-2.362569001145071816e+05
-2.363578399250167713e+05
-2.364518104648845911e+05
-2.365391175825866521e+05
-2.366196788525599113e+05
-2.366934890418064606e+05
-2.367604273760368524e+05
-2.368211275698320533e+05
-2.368754746911690745e+05
-2.369236207578913891e+05
-2.369657666016974545e+05
-2.370018899951727944e+05
-2.370328929315413407e+05
-2.370583997479050304e+05
-2.370782551908839960e+05
-2.370927665417229873e+05
-2.371021911037948157e+05
-2.371064534445299068e+05
-2.371056993006863922e+05
-2.371001984330462583e+05
-2.370898313640148845e+05
-2.370747637547849154e+05
-2.370549005834235577e+05
-2.370306754183466255e+05
-2.370021433492716169e+05
-2.369693260367881448e+05
-2.369320235704050283e+05
-2.368902988454758306e+05
-2.368443013850666466e+05
-2.367941865415407228e+05
-2.367400544767280226e+05
-2.366826319355365995e+05
-2.366215322562371439e+05
-2.365565228833844303e+05
-2.364882687304162246e+05
-2.364162986523779400e+05
-2.363411375276235049e+05
-2.362631204738333472e+05
-2.361823342149592354e+05
-2.360986411687428190e+05
