9.789358037387322838e+03
9.790639996414996858e+03
9.791808590779590304e+03
9.792871825706271920e+03
9.793819101269249586e+03
9.794644467706984869e+03
9.795398603994672158e+03
9.796043010734076233e+03
9.796581555907365328e+03
9.797035655321435115e+03
9.797397895711654201e+03
9.797652544822583877e+03
9.797811630673068066e+03
9.797891715472746000e+03
9.797883306627118145e+03
9.797812955466679341e+03
9.797713191645680126e+03
9.797523067950480254e+03
9.797263729683332713e+03
9.796973835248385512e+03
9.796618407006289999e+03
9.796176205744168328e+03
9.795643603700156746e+03
9.795079638087405328e+03
9.794417691728680438e+03
9.793681854230771933e+03
9.792852808672720130e+03
9.791971550137956001e+03
9.791032763369896202e+03
9.790050470410933485e+03
9.788984219066214791e+03
9.787846410414907950e+03
9.786661843445424893e+03
9.785443278291408205e+03
9.784112767801141672e+03
9.782676087678759359e+03
9.781161004447027153e+03
9.779598698637822963e+03
9.778004951856059051e+03
9.776328074050785290e+03
9.774636180513027284e+03
9.772977626807394699e+03
9.771287838976033527e+03
9.769545566811248136e+03
9.767813622398249208e+03
9.766027745286386562e+03
9.764160132730043188e+03
9.762262546475223644e+03
9.760318572978054362e+03
9.758319417740476638e+03
9.756276312690119084e+03
9.754201104184665382e+03
9.752088507502514403e+03
9.750055777816753107e+03
9.747983251583062156e+03
9.745894140203126881e+03
9.743831905681683565e+03
9.741798027615248429e+03
9.739742844493533994e+03
9.737676226186886197e+03
9.735620755233325326e+03
9.733497321693434060e+03
9.731364311280107358e+03
9.729186966489529368e+03
9.726967178118937227e+03
9.724776683731293815e+03
9.722604853059487141e+03
9.720473105469756774e+03
9.718420948553255585e+03
9.716353320275502483e+03
9.714223315549321342e+03
9.712081319323671778e+03
9.709947260087317773e+03
9.707817162794492106e+03
9.705673976496727846e+03
9.703460046737176526e+03
9.701340412861816731e+03
9.699280196209751011e+03
9.697267784257450330e+03
9.695315292791188767e+03
9.693431691689243962e+03
9.691611668672594533e+03
9.689841798163517524e+03
9.688181386423590084e+03
9.686560843026134535e+03
9.685004994788985641e+03
9.683449707162997584e+03
9.681884754728442203e+03
9.680296705520959222e+03
9.678722622865481753e+03
9.677152738691263949e+03
9.675564487577070395e+03
9.673980366288709774e+03
9.672372956604600404e+03
9.670814690993720433e+03
9.669169596280249607e+03
9.667508015465797143e+03
9.665881104599815444e+03
9.664207511997190522e+03
9.662534753303523757e+03
9.660989263949264569e+03
9.659500278995032204e+03
9.657936483695422794e+03
9.656351033722798093e+03
9.654783680999433273e+03
9.653135737695705757e+03
9.651579735147221072e+03
9.650090345753022120e+03
9.648652566143317017e+03
9.647360642197660127e+03
9.646136584678301006e+03
9.644939955012454448e+03
9.643757009753810053e+03
9.642569258609890312e+03
9.641327845874980994e+03
9.640193335014098921e+03
9.639107981107394153e+03
9.638021583831650787e+03
9.637030706375533555e+03
9.635933426045488886e+03
9.634787488936251975e+03
9.633693420539575527e+03
9.632651758810632600e+03
9.631634333666028397e+03
9.630738998722916222e+03
9.629972160589684790e+03
9.629128584732643503e+03
9.628312114044105329e+03
9.627585200816532961e+03
9.626939556199547951e+03
9.626303600370354616e+03
9.625690582914128754e+03
9.625045813162689228e+03
9.624379834284487515e+03
9.623781940549877618e+03
9.623214443788847348e+03
9.622707759464636183e+03
9.622218007716282955e+03
9.621770266095476472e+03
9.621308054612507476e+03
9.620795346981207331e+03
9.620261622278851064e+03
9.619710038167591847e+03
9.619072565121032312e+03
9.618406839397766817e+03
9.617779716859164182e+03
9.617155129153441521e+03
9.616692855216861062e+03
9.616241692073810555e+03
9.615734212455972738e+03
9.615203034176191068e+03
9.614600259303253551e+03
9.613971734486760397e+03
9.613315056686305979e+03
9.612574967932330765e+03
9.611779328077522223e+03
9.611019339787777426e+03
9.610326305136411975e+03
9.609609107884938567e+03
9.608933518835612631e+03
9.608306390235662548e+03
9.607746862759449868e+03
9.607194507579759374e+03
9.606670941346877953e+03
9.606186425343292285e+03
9.605763312552277057e+03
9.605367696276143761e+03
9.604990486623035395e+03
9.604625905047538254e+03
9.604242975775414379e+03
9.603935084236287366e+03
9.603580281290349376e+03
9.603205245713299519e+03
9.602813441129130297e+03
9.602318466543561954e+03
9.601808904573636028e+03
9.601314230079506160e+03
9.600904202467938376e+03
9.600446291736941930e+03
9.600003034630099137e+03
9.599576971296688498e+03
9.599205957310816302e+03
9.598809068319778817e+03
9.598236800136954116e+03
9.597649423192860922e+03
9.597210663960311649e+03
9.596878571727673261e+03
9.596535009921319215e+03
9.596164931429419084e+03
9.595763747343395153e+03
9.595465024695171451e+03
9.595189697038989834e+03
9.594945327722778529e+03
9.594661825084222073e+03
9.594240717842531012e+03
9.593770625656059565e+03
9.593192372477853496e+03
9.592636463369490230e+03
9.591977892787812380e+03
9.591186068391562003e+03
9.590279435826727422e+03
9.589282193470839047e+03
9.588139173735449731e+03
9.586879067321255206e+03
9.585616781661459754e+03
9.584367665499667055e+03
9.583039072332619980e+03
9.581657435344770420e+03
9.580256347030561301e+03
9.578892284995159571e+03
9.577570672373805792e+03
9.576102209081962428e+03
9.574574543603333950e+03
9.573069845200767304e+03
9.571468301992577835e+03
9.569796907012412703e+03
9.567998529885902826e+03
9.566225760769450062e+03
9.564571420265294364e+03
9.562887988969478101e+03
9.561177592612055378e+03
9.559363310466296753e+03
9.557632782013924952e+03
9.555870705814324538e+03
9.554021277050560457e+03
9.552058047628137501e+03
9.549990299500172114e+03
9.547973284226491160e+03
9.545802546608625562e+03
9.543565514521140358e+03
9.541305421889544959e+03
9.538903058071224223e+03
9.536367554263411876e+03
9.533758451307128780e+03
9.531139717856874995e+03
9.528505554393888815e+03
9.525769329512902914e+03
9.523111722757996176e+03
9.520470221415067499e+03
9.517641548837385926e+03
9.514738339184204960e+03
9.511696193373732967e+03
9.508669070786598240e+03
9.505572280651827896e+03
9.502371247294757268e+03
9.499075934858661640e+03
9.495597928743403827e+03
9.491918091683870443e+03
9.488110040757459501e+03
9.484194769606245245e+03
9.480224942305972945e+03
9.476120249181945837e+03
9.472023861104667958e+03
9.467922577259121681e+03
9.463699839169788902e+03
9.459323429290216154e+03
9.454894372380444111e+03
9.450330338233103248e+03
9.445527790014570201e+03
9.440496204809791379e+03
9.435316765910811228e+03
9.429912659296096535e+03
9.424437391579891482e+03
9.418867723616463991e+03
9.413277666544792737e+03
9.407569900159369354e+03
9.401788151783102876e+03
9.395930887797281684e+03
9.389998636111657106e+03
9.383962080942019384e+03
9.377840022201113243e+03
9.371522001351217114e+03
9.365128218746251150e+03
9.358547239206345694e+03
9.351900903087005645e+03
9.345190382268259782e+03
9.338312773696185104e+03
9.331340922367893654e+03
9.324337694495141477e+03
9.317153306755677477e+03
9.309986103966733936e+03
9.302743861918263065e+03
9.295357888991355139e+03
9.287927914535070158e+03
9.280374005835155913e+03
9.272796775451346548e+03
9.265149874600792828e+03
9.257423564751290542e+03
9.249562998346349559e+03
9.241477394096045828e+03
9.233470641821570098e+03
9.225360393719016429e+03
9.217132926173339001e+03
9.208743150314176091e+03
9.200274030996553847e+03
9.191804709292731786e+03
9.183339592783497210e+03
9.174868742515593112e+03
9.166247892887135094e+03
9.157520685112134743e+03
9.148794238073302040e+03
9.140055784391572161e+03
9.131295260436083481e+03
9.122408198451244971e+03
9.113402361223408661e+03
9.104373493608356512e+03
9.095404952304397739e+03
9.086428960874731274e+03
9.077284896093304269e+03
9.068003075467280723e+03
9.058828650721299709e+03
9.049740001849531836e+03
9.040587074628407208e+03
9.031375159521903697e+03
9.022253233563620597e+03
9.013195280706515405e+03
9.004085857831585599e+03
8.995094453985142536e+03
8.986120672930213914e+03
8.977065375246305848e+03
8.967836574933793599e+03
8.958536203740903147e+03
8.949025539359496179e+03
8.939493062731236932e+03
8.930034242906838699e+03
8.920723178801685208e+03
8.911413332989064656e+03
8.902015158011095991e+03
8.892401514041957853e+03
8.882708606567748575e+03
8.873104197578146341e+03
8.863594630091838553e+03
8.854107731894406243e+03
8.844600855912911356e+03
8.835052971731691287e+03
8.825674110230547740e+03
8.816319338088687800e+03
8.806941805146077968e+03
8.797448601785883511e+03
8.788078895518960053e+03
8.778738749717354949e+03
8.769464208252667959e+03
8.760123209064353432e+03
8.750721512114567304e+03
8.741283501331674415e+03
8.731793960867380520e+03
8.722406227381889039e+03
8.712962004830953447e+03
8.703584828199780532e+03
8.694400030972172317e+03
8.685213029906537486e+03
8.675824638072032030e+03
8.666269235043702793e+03
8.656692324729794564e+03
8.646999910175125478e+03
8.637302757855724849e+03
8.627406838454477111e+03
8.617421776978033449e+03
8.607501975560375286e+03
8.597575014554555310e+03
8.587467455311609228e+03
8.577246455925940609e+03
8.566775175406148264e+03
8.556003613993141698e+03
8.544987436022620386e+03
8.533919825181201304e+03
8.522727376213411844e+03
8.511403610049845156e+03
8.499914682235721557e+03
8.488327540110491100e+03
8.476811320748865910e+03
8.465258240987110185e+03
8.453713863756978753e+03
8.442156185776057100e+03
8.430640655232076824e+03
8.419059317389941498e+03
8.407276981608551068e+03
8.395401683595207942e+03
8.383527289010973618e+03
8.371512778690568666e+03
8.359401811241306859e+03
8.347274261811448014e+03
8.335051311207647814e+03
8.322908454635564340e+03
8.310696153413162392e+03
8.298350356571634620e+03
8.285869423209522211e+03
8.273405345986499015e+03
8.260986697719714357e+03
8.248437943818693384e+03
8.235616410740436550e+03
8.222568177387433025e+03
8.209375318795609928e+03
8.196032067013598862e+03
8.182559342863050915e+03
8.168881967675752094e+03
8.155023766091258949e+03
8.141088041063653691e+03
8.127136976680449152e+03
8.113213731500607537e+03
8.099161858591091914e+03
8.084824954130331207e+03
8.070441394851418409e+03
8.056014845941860585e+03
8.041477751742852888e+03
8.026867181398592038e+03
8.012157589366832326e+03
7.997229120764128311e+03
7.982324549501664478e+03
7.967382836709521143e+03
7.952363999877069546e+03
7.937177054240280995e+03
7.921864515292500073e+03
7.906610085060550773e+03
7.891294846007423985e+03
7.876027475472173137e+03
7.860877255749642245e+03
7.845838886714116597e+03
7.830791284240604000e+03
7.815676701694661460e+03
7.800602462074729374e+03
7.785575065185558742e+03
7.770348859335595989e+03
7.754924647561620986e+03
7.739334701675215001e+03
7.723592707905657335e+03
7.707656032203435643e+03
7.691566887471658447e+03
7.675400862026373034e+03
7.659118083063641279e+03
7.642704243745876738e+03
7.626376830469349443e+03
7.610082398201160686e+03
7.593795330072343859e+03
7.577398847294272855e+03
7.560820119035656717e+03
7.544078893886844526e+03
7.527356900732462236e+03
7.510537078061262946e+03
7.493684634935633767e+03
7.476865418426951692e+03
7.459955239743609127e+03
7.442976832284456577e+03
7.425950271555177096e+03
7.408833598515264384e+03
7.391553708912329967e+03
7.374182207538186049e+03
7.356720091363269603e+03
7.339138869276839614e+03
7.321489736976644963e+03
7.303681950592453177e+03
7.285941340763549306e+03
7.268196825441320470e+03
7.250332169402857289e+03
7.232475451783424433e+03
7.214491485265175470e+03
7.196460795988433347e+03
7.178559341930311348e+03
7.160661096735434512e+03
7.142642202013525093e+03
7.124516854142363627e+03
7.106173642918046426e+03
7.087787502850760575e+03
7.069206550726450587e+03
7.050448199896154620e+03
7.031694171094158264e+03
7.012801046066301751e+03
6.993833739993580821e+03
6.974867020162319022e+03
6.955907553476462454e+03
6.936918227791265963e+03
6.917933945853545993e+03
6.898833767155043461e+03
6.879465169386206981e+03
6.860019304956188535e+03
6.840523899842907667e+03
6.821003308845661195e+03
6.801331047407783444e+03
6.781576029642887079e+03
6.761680848661884738e+03
6.741940778200985733e+03
6.722049429689093813e+03
6.702017835484002717e+03
6.681930870722460895e+03
6.661660052075575550e+03
6.641283372175472323e+03
6.620774063466318694e+03
6.600153717405169118e+03
6.579574600984575227e+03
6.559002394971363174e+03
6.538159779362586960e+03
6.517087210661480640e+03
6.495991860560856367e+03
6.474866560362760538e+03
6.453635342106114877e+03
6.432244814981909258e+03
6.410804281387374431e+03
6.389350058483109933e+03
6.367941428570689823e+03
6.346748713094990308e+03
6.325644057749327658e+03
6.304589409492749837e+03
6.283420477422676413e+03
6.262341661807581659e+03
6.241211575977191387e+03
6.219996587857014674e+03
6.198831185759553591e+03
6.177543882450575438e+03
6.156193728191448827e+03
6.134699868112117656e+03
6.113189916415875814e+03
6.091887245990850715e+03
6.070742595402594816e+03
6.049500510965239300e+03
6.028169532142363096e+03
6.006805409122924175e+03
5.985532515121049983e+03
5.964226600308478737e+03
5.943156767422055964e+03
5.922141634680441712e+03
5.901070689804580979e+03
5.879971542620928631e+03
5.858794002221299706e+03
5.837426837516760315e+03
5.815863664292310204e+03
5.794103958014169621e+03
5.772273591871855388e+03
5.750465159358671372e+03
5.728582668522612948e+03
5.706751857114389168e+03
5.684801656842783814e+03
5.662694123058151490e+03
5.640489949670827627e+03
5.618254757669420542e+03
5.595809035015704467e+03
5.573225761089811385e+03
5.550559229981994577e+03
5.527867081715599852e+03
5.505174167426105669e+03
5.482514194373186911e+03
5.460008378614315006e+03
5.437397587783700146e+03
5.414575590800767714e+03
5.391546122153173201e+03
5.368299805318803919e+03
5.344907341006463867e+03
5.321426390309288763e+03
5.297839083732063955e+03
5.274254342211401308e+03
5.250645098275304917e+03
5.227130967704547402e+03
5.203641672929560627e+03
5.180237500503072624e+03
5.156822846211873184e+03
5.133299910042318515e+03
5.109637504091922892e+03
5.085859706612479386e+03
5.061958474879811547e+03
5.038053620468256668e+03
5.014189922096465125e+03
4.990417491752014030e+03
4.966602586804057864e+03
4.942699795206924136e+03
4.918747615355379821e+03
4.894877906235697083e+03
4.870966579551131872e+03
4.847006656085045506e+03
4.822965489942018394e+03
4.798939122675380531e+03
4.774760612361461426e+03
4.750435238449390454e+03
4.726079823137058156e+03
4.701693818047779132e+03
4.677322731110276436e+03
4.652776917929075353e+03
4.628169016674423801e+03
4.603687607901464617e+03
4.579082567011253559e+03
4.554318568254600905e+03
4.529501289408950470e+03
4.504608287639210175e+03
4.479583918616610390e+03
4.454447488878589866e+03
4.429258183964088857e+03
4.403885220369429589e+03
4.378649607630243736e+03
4.353439790153348440e+03
4.328207003988994984e+03
4.302901599376569720e+03
4.277560077144480601e+03
4.252183258223890334e+03
4.226853022938612412e+03
4.201421676609527822e+03
4.175813633317335189e+03
4.150069950497593709e+03
4.124338367387248582e+03
4.098716534727123872e+03
4.073133269820197711e+03
4.047421834522648169e+03
4.021594753709040560e+03
3.995690583432402491e+03
3.969938212200374437e+03
3.944244345072711440e+03
3.918580291635471440e+03
3.892788675281963151e+03
3.866915589732126591e+03
3.840985728688694508e+03
3.815039742422507516e+03
3.789196353458369686e+03
3.763508771804456956e+03
3.737640034088510220e+03
3.711890276897834610e+03
3.686099218291449233e+03
3.660280850925223149e+03
3.634516078909925454e+03
3.608778290893071699e+03
3.583067387739484275e+03
3.557307974631246907e+03
3.531436463784312309e+03
3.505424740100957479e+03
3.479283112949011411e+03
3.453198795592090391e+03
3.427251503211069121e+03
3.401277916929872845e+03
3.375395568562544213e+03
3.349549947235344007e+03
3.323612664407162811e+03
3.297754141545150105e+03
3.271878709779053224e+03
3.245889363857860189e+03
3.219903377415323575e+03
3.193880752902121003e+03
3.167831906809924931e+03
3.141739865268083577e+03
3.115726112232811829e+03
3.089750854121812154e+03
3.063813942693778245e+03
3.037904976500026351e+03
3.011905130574078157e+03
2.985914948436590294e+03
2.959826102772915874e+03
2.933722977144688230e+03
2.907606840230014313e+03
2.881465326799344439e+03
2.855261901689907518e+03
2.829099853432365308e+03
2.803014392813286122e+03
2.776931782144258250e+03
2.750705754195201735e+03
2.724382895498389644e+03
2.698036566894988937e+03
2.671745686868048324e+03
2.645542162423617810e+03
2.619380903358405703e+03
2.593194275953256692e+03
2.566825759291546547e+03
2.540385609560908051e+03
2.513948087846632916e+03
2.487476091594065110e+03
2.461008231861007062e+03
2.434532815933225265e+03
2.408078350836658501e+03
2.381638624748967231e+03
2.355321695232541060e+03
2.329132851614052925e+03
2.302883512282515312e+03
2.276710268639244532e+03
2.250643757872417154e+03
2.224636572809382415e+03
2.198561626186056856e+03
2.172443531025956872e+03
2.146329140823013859e+03
2.120190180333263015e+03
2.093915605337905163e+03
2.067479286507902088e+03
2.041065779313008079e+03
2.014582884205685787e+03
1.988104162708554668e+03
1.961597026895624367e+03
1.935082540079389901e+03
1.908672989454227718e+03
1.882328294332050291e+03
1.855912340487431948e+03
1.829456533235737425e+03
1.803031224060218619e+03
1.776760316224850612e+03
1.750565524223784450e+03
1.724687910688190641e+03
1.698872503694885836e+03
1.672986990720677568e+03
1.647170936632302755e+03
1.621331195744742217e+03
1.595427251534084235e+03
1.569492569897484600e+03
1.543525085125862688e+03
1.517587794255176277e+03
1.491856258835164908e+03
1.466125182650407396e+03
1.440249079746620509e+03
1.414432130131754320e+03
1.388608984669826896e+03
1.362709416178129686e+03
1.336805870724364468e+03
1.310928735910552405e+03
1.284958242926255025e+03
1.258966576018405931e+03
1.233231752047851387e+03
1.207620032172208539e+03
1.182072943989738633e+03
1.156532672148022812e+03
1.130891026241145028e+03
1.105340307262176339e+03
1.079827592490536972e+03
1.054274188609436806e+03
1.028804578947621167e+03
1.003211521658728088e+03
9.776227003037097347e+02
9.520990385120226165e+02
9.265959257673393950e+02
9.011960075216911719e+02
8.757790288989158398e+02
8.505352961111509558e+02
8.253624874943470786e+02
8.002153883110402148e+02
7.750711886848982886e+02
7.498422788438351745e+02
7.245942645310976786e+02
6.995031478269791023e+02
6.743079179456416341e+02
6.491708104084655133e+02
6.242662587529200664e+02
5.994559634649036752e+02
5.746489187218226107e+02
5.498785441625849444e+02
5.251752816536530872e+02
5.004950684855648433e+02
4.759090118130627616e+02
4.513275163259728515e+02
4.267459726951457810e+02
4.022367647375716615e+02
3.778165435669301928e+02
3.534577204325138950e+02
3.291312350377669418e+02
3.048979191144413221e+02
2.807502957163269457e+02
2.566688660070403216e+02
2.325985057471104938e+02
2.085466559323037359e+02
1.845642489543134843e+02
1.605158454389955978e+02
1.364821937793754500e+02
1.124340264353335783e+02
8.841309099699788021e+01
6.445512018283443467e+01
4.045888856645819942e+01
1.651817126940210301e+01
-7.327447601843232405e+00
-3.112896473465553981e+01
-5.502116039432490879e+01
-7.887936431990107167e+01
-1.026721884086044838e+02
-1.263794817924243716e+02
-1.498885802599121462e+02
-1.733103872119274911e+02
-1.967324503001561880e+02
-2.200897493702385646e+02
-2.433788762428557675e+02
-2.665482178406844582e+02
-2.897256049389731629e+02
-3.128934982234169411e+02
-3.360271585389967299e+02
-3.591078285456243293e+02
-3.821205516321928144e+02
-4.051610397504908860e+02
-4.281847685433921242e+02
-4.511961587295789968e+02
-4.740770024100956448e+02
-4.969177460743882193e+02
-5.197910851048152381e+02
-5.426395550359322897e+02
-5.653106638773665509e+02
-5.878998711191597977e+02
-6.104216487348278406e+02
-6.329718127016146809e+02
-6.554962512819759013e+02
-6.780519921068580516e+02
-7.006151739000410998e+02
-7.232444934548657329e+02
-7.458769362126779470e+02
-7.684171942730017690e+02
-7.908339344022072055e+02
-8.131515756652813707e+02
-8.355224942595402808e+02
-8.579039041202152021e+02
-8.801380258770329874e+02
-9.023065905782950722e+02
-9.244678549396088556e+02
-9.466014602846419166e+02
-9.687184651625302649e+02
-9.907972789318436071e+02
-1.012832079038687652e+03
-1.034855298741822935e+03
-1.056764368911779002e+03
-1.078710489736120508e+03
-1.100626463491322511e+03
-1.122388455040379313e+03
-1.143935864269361900e+03
-1.165357084476935370e+03
-1.186662167560772332e+03
-1.207949109794801871e+03
-1.229010343274657998e+03
-1.250009277866315642e+03
-1.271028747029771239e+03
-1.291979165347593607e+03
-1.312776109960325584e+03
-1.333388291150947907e+03
-1.353874728393841224e+03
-1.374236640228866463e+03
-1.394533821088671630e+03
-1.414821767066584016e+03
-1.435061397961272633e+03
-1.455184782691851524e+03
-1.475165739093949469e+03
-1.495109315242921866e+03
-1.515056907891296760e+03
-1.534898082365494929e+03
-1.554665209491511632e+03
-1.574319333193301190e+03
-1.593825748784426196e+03
-1.613247214106322645e+03
-1.632512555439426706e+03
-1.651560579651772969e+03
-1.670498898955422874e+03
-1.689307792829629989e+03
-1.708057010464422092e+03
-1.726686898114150154e+03
-1.745298369444820992e+03
-1.763973683061908559e+03
-1.782542228551233620e+03
-1.800966635416122699e+03
-1.819263166073930734e+03
-1.837567135580416789e+03
-1.855786182860927511e+03
-1.873853232581582688e+03
-1.891773096410772041e+03
-1.909451027516256090e+03
-1.927029382311631025e+03
-1.944454105883919510e+03
-1.961694637483358520e+03
-1.978921615114292536e+03
-1.996033928291667053e+03
-2.013111889440649975e+03
-2.030060490159522715e+03
-2.046932252671396782e+03
-2.063675794472094822e+03
-2.080335742976068104e+03
-2.096784621074785719e+03
-2.113165347670693336e+03
-2.129492054078071760e+03
-2.145771004564288887e+03
-2.161989096183852325e+03
-2.178185680045306981e+03
-2.194242398178337226e+03
-2.210220620586959285e+03
-2.226053241527071805e+03
-2.241819870597886165e+03
-2.257506662235117346e+03
-2.273109774556599405e+03
-2.288623907472949213e+03
-2.304036150518610157e+03
-2.319368333564196291e+03
-2.334569817906473418e+03
-2.349747701051802778e+03
-2.364922884126839563e+03
-2.379989611851739937e+03
-2.394979941893486739e+03
-2.409852193344123862e+03
-2.424539626046325793e+03
-2.439148869437294707e+03
-2.453683718247338220e+03
-2.468081043182194207e+03
-2.482354710742665247e+03
-2.496495586379562155e+03
-2.510503261823390403e+03
-2.524397841844126106e+03
-2.538107763693426932e+03
-2.551639259390437473e+03
-2.565028740596605076e+03
-2.578368809766648610e+03
-2.591517589384640360e+03
-2.604603687351585450e+03
-2.617557366527551039e+03
-2.630356123651625239e+03
-2.643051759083967227e+03
-2.655542074744781530e+03
-2.667812058186560989e+03
-2.679964569910071077e+03
-2.691989561534301174e+03
-2.703859241945830490e+03
-2.715595213679326662e+03
-2.727180693601296753e+03
-2.738619434200684282e+03
-2.749944950007708485e+03
-2.761114029398157072e+03
-2.772117585197249809e+03
-2.782996224101184453e+03
-2.793639904121135260e+03
-2.804139850475394724e+03
-2.814441005778366161e+03
-2.824629391467181904e+03
-2.834691502062810741e+03
-2.844507975248479397e+03
-2.854217132512384978e+03
-2.863837356637681296e+03
-2.873322553582880573e+03
-2.882634771383531188e+03
-2.891791526214465648e+03
-2.900827172936017178e+03
-2.909738658988991574e+03
-2.918568079798776580e+03
-2.927216850653989241e+03
-2.935667910371078051e+03
-2.943950632311353729e+03
-2.952044648979094291e+03
-2.959985147120169131e+03
-2.967716417271977662e+03
-2.975330762824361955e+03
-2.982715407688005598e+03
-2.989892532282035518e+03
-2.996867079491291406e+03
-3.003588942161476552e+03
-3.010086247630264097e+03
-3.016393771128682147e+03
-3.022540199744559231e+03
-3.028452960739040009e+03
-3.034144390285143345e+03
-3.039703526883310133e+03
-3.045111833919486799e+03
-3.050388100332223985e+03
-3.055379049442241012e+03
-3.060119249687571028e+03
-3.064755255614234102e+03
-3.069322472407706300e+03
-3.073801854197918601e+03
-3.078132853371473630e+03
-3.082265582348075895e+03
-3.086143173551679411e+03
-3.089806301247447209e+03
-3.093300367930451557e+03
-3.096578350182752274e+03
-3.099649717595620132e+03
-3.102563199815110693e+03
-3.105358858495151253e+03
-3.108001025841125738e+03
-3.110525314882704606e+03
-3.112929643722241053e+03
-3.115234748991322704e+03
-3.117420627222605162e+03
-3.119442359810601829e+03
-3.121361145222667346e+03
-3.123190951489641520e+03
-3.124880783530365989e+03
-3.126447883925605765e+03
-3.127927038465317310e+03
-3.129336196095465766e+03
-3.130578114335106420e+03
-3.131741671427128949e+03
-3.132790307509671038e+03
-3.133719815109238880e+03
-3.134545599621511428e+03
-3.135261485229255868e+03
-3.135846081846626930e+03
-3.136378401147906970e+03
-3.136847249636802644e+03
-3.137250385995189390e+03
-3.137566305820335401e+03
-3.137729110184412548e+03
-3.137840339355044307e+03
-3.137879067783929713e+03
-3.137791839037191039e+03
-3.137637908488878566e+03
-3.137431207609832200e+03
-3.137126665430829235e+03
-3.136757951106462770e+03
-3.136342072376522083e+03
-3.135861227523832440e+03
-3.135321552585714926e+03
-3.134752075194039662e+03
-3.134149530159930237e+03
-3.133539219999688612e+03
-3.132914737652297390e+03
-3.132178934302538437e+03
-3.131403145159003998e+03
-3.130550783656869044e+03
-3.129612863473561902e+03
-3.128644109269429919e+03
-3.127642974256800244e+03
-3.126612114763331192e+03
-3.125515394727683088e+03
-3.124312220995412190e+03
