3.917349647030539199e+04
3.917744693310651201e+04
3.918109006717333250e+04
3.918439567350673315e+04
3.918743202015197312e+04
3.919025166756217368e+04
3.919274874097771681e+04
3.919500312269032293e+04
3.919691309593573533e+04
3.919843978388001415e+04
3.919960634057848074e+04
3.920038209988502058e+04
3.920085536852217047e+04
3.920095743784108345e+04
3.920076662668030622e+04
3.920029294802578079e+04
3.919962765014510660e+04
3.919872897973249928e+04
3.919764989099644299e+04
3.919632277259002876e+04
3.919477163725277933e+04
3.919294308099355112e+04
3.919084563092663302e+04
3.918845138536220475e+04
3.918584901062127756e+04
3.918294567852204636e+04
3.917977535426175746e+04
3.917650409753037820e+04
3.917303062081745156e+04
3.916939031668667303e+04
3.916562610365215369e+04
3.916165256271166436e+04
3.915761501220674836e+04
3.915338508976740559e+04
3.914896389722893218e+04
3.914432757009155466e+04
3.913962588139473519e+04
3.913477900036973006e+04
3.912969653433361964e+04
3.912439057351772499e+04
3.911880445916492317e+04
3.911313140488474892e+04
3.910717313035071857e+04
3.910107463321017713e+04
3.909497863683253672e+04
3.908872535100049572e+04
3.908227662183090433e+04
3.907571086497703072e+04
3.906907641332775529e+04
3.906222496070730995e+04
3.905553166956421774e+04
3.904884771937556798e+04
3.904205743787452957e+04
3.903507220733034774e+04
3.902818860756486538e+04
3.902122824913489603e+04
3.901423603855443798e+04
3.900707820060570521e+04
3.899985495145502500e+04
3.899260380005483603e+04
3.898531813321576192e+04
3.897802048127805028e+04
3.897065787942406314e+04
3.896323418023037084e+04
3.895574096795494552e+04
3.894823716257752676e+04
3.894079265431106614e+04
3.893342417083745386e+04
3.892589833219073626e+04
3.891836894549609133e+04
3.891089411113173992e+04
3.890363821324031596e+04
3.889649801253568876e+04
3.888942210600239196e+04
3.888242933920397627e+04
3.887530442422880151e+04
3.886802952982672286e+04
3.886070575059809198e+04
3.885343794717484707e+04
3.884640245263712131e+04
3.883944160716149781e+04
3.883256555244193441e+04
3.882576790303926828e+04
3.881897849466888874e+04
3.881226205865880183e+04
3.880541388315739459e+04
3.879846932538463443e+04
3.879162803987362713e+04
3.878488573768714559e+04
3.877816544273692853e+04
3.877155858180220093e+04
3.876477954603132093e+04
3.875809961596699577e+04
3.875137252975310548e+04
3.874460114682167477e+04
3.873773271697793825e+04
3.873091120638545544e+04
3.872415095904182817e+04
3.871728516792253504e+04
3.871059580106876092e+04
3.870391859822867991e+04
3.869731675832271867e+04
3.869098992101736076e+04
3.868498874747347145e+04
3.867906310080530238e+04
3.867316849716230354e+04
3.866719710498798668e+04
3.866116256319817330e+04
3.865498981852494762e+04
3.864889163163992635e+04
3.864279459002309886e+04
3.863684403380488220e+04
3.863103187242279091e+04
3.862526292370488227e+04
3.861957150124491454e+04
3.861384014276618109e+04
3.860814909719824936e+04
3.860259472426267894e+04
3.859723364386147296e+04
3.859184144456149079e+04
3.858637510784335609e+04
3.858093857232807204e+04
3.857548960432178865e+04
3.857022645089100115e+04
3.856528933291102294e+04
3.856040679458382510e+04
3.855556790605233982e+04
3.855067030766259268e+04
3.854574784478241781e+04
3.854090424423642980e+04
3.853607696962613409e+04
3.853124853919277666e+04
3.852633600328732427e+04
3.852145356861675828e+04
3.851652747955994710e+04
3.851147355847707513e+04
3.850641575010948873e+04
3.850150690281514835e+04
3.849645880578757351e+04
3.849155777629055228e+04
3.848681758128397632e+04
3.848222342663176823e+04
3.847763198594099958e+04
3.847306440874112013e+04
3.846844593959495978e+04
3.846384487035594793e+04
3.845942564780340035e+04
3.845513825780579646e+04
3.845103616731952206e+04
3.844708189676253824e+04
3.844317937929980690e+04
3.843940278018414392e+04
3.843570042806727724e+04
3.843203694036389061e+04
3.842830460536486498e+04
3.842442885546739853e+04
3.842044030734646367e+04
3.841651916922890814e+04
3.841257262405954680e+04
3.840869068373301707e+04
3.840489412199107755e+04
3.840087640200193709e+04
3.839685083975125599e+04
3.839276141026854748e+04
3.838878772174051119e+04
3.838472665922440501e+04
3.838058711254859372e+04
3.837646417940391257e+04
3.837252651626343868e+04
3.836852424925092055e+04
3.836431949682028790e+04
3.835994467884787446e+04
3.835530980419185653e+04
3.835043680004286580e+04
3.834517454277878278e+04
3.833994897901942022e+04
3.833480976962955901e+04
3.832985929688069882e+04
3.832500148092328891e+04
3.831988865854017058e+04
3.831455310106994148e+04
3.830934334916603984e+04
3.830398806291740766e+04
3.829830031121604407e+04
3.829242039095673681e+04
3.828663720267055760e+04
3.828100684505817480e+04
3.827527862567778357e+04
3.826939740290780173e+04
3.826337331160680333e+04
3.825720963296716218e+04
3.825075272321038938e+04
3.824426704348620842e+04
3.823767249932602863e+04
3.823101477941510529e+04
3.822431645490777009e+04
3.821746536998053489e+04
3.821047689783910755e+04
3.820322512422524596e+04
3.819595815587862307e+04
3.818834022459686093e+04
3.818051747822538891e+04
3.817236292978897109e+04
3.816394396031941869e+04
3.815521549320477061e+04
3.814610003872172092e+04
3.813642340658081957e+04
3.812666514251184708e+04
3.811703883286072960e+04
3.810751102898609679e+04
3.809771628596039955e+04
3.808753856214957341e+04
3.807691331404963421e+04
3.806600670193503174e+04
3.805473275850356731e+04
3.804335185857982287e+04
3.803181023833963263e+04
3.801998786262031354e+04
3.800791276151756756e+04
3.799561118797778909e+04
3.798298020368032303e+04
3.796998309121667262e+04
3.795697716345428489e+04
3.794379322929507180e+04
3.793045792365224042e+04
3.791684275878206245e+04
3.790322143160168343e+04
3.788962456375072361e+04
3.787583103426203161e+04
3.786178843000892084e+04
3.784755935182742542e+04
3.783301555837152409e+04
3.781806371336554002e+04
3.780275301663993014e+04
3.778708806364175689e+04
3.777143932681965816e+04
3.775570247326890239e+04
3.773967631244667427e+04
3.772333787098291214e+04
3.770714698583314021e+04
3.769086693433056644e+04
3.767446220357855054e+04
3.765781557227368467e+04
3.764076796488359105e+04
3.762365428778103524e+04
3.760627228557365015e+04
3.758894561437777884e+04
3.757121800782525679e+04
3.755300425524699676e+04
3.753429438293779822e+04
3.751520489809789433e+04
3.749560158907953883e+04
3.747571212670198292e+04
3.745543575311949098e+04
3.743495992283678061e+04
3.741428490854290430e+04
3.739338988049257750e+04
3.737210192833195470e+04
3.735070107349929458e+04
3.732919694364750467e+04
3.730753932284490293e+04
3.728610330304185482e+04
3.726436621176835615e+04
3.724243127302908397e+04
3.722017417836665118e+04
3.719779206358658848e+04
3.717516569184111722e+04
3.715221660831177724e+04
3.712914040525723976e+04
3.710587525868603552e+04
3.708254205634524260e+04
3.705899166443021386e+04
3.703518038914674980e+04
3.701108555067714042e+04
3.698668048670863209e+04
3.696208448763984052e+04
3.693735063797542534e+04
3.691275094385239936e+04
3.688785250602092128e+04
3.686266766171745257e+04
3.683715477576058765e+04
3.681133517697852949e+04
3.678507449464226374e+04
3.675882433221300744e+04
3.673256905498332344e+04
3.670604938769535511e+04
3.667907732730840507e+04
3.665185579986062658e+04
3.662423369923412974e+04
3.659647766179859900e+04
3.656847573815249052e+04
3.654054330100223160e+04
3.651247431812864670e+04
3.648417056921040057e+04
3.645549461599619099e+04
3.642644016044738964e+04
3.639718392037568265e+04
3.636760162424004375e+04
3.633806908935536921e+04
3.630815954246100591e+04
3.627810593134874216e+04
3.624799846758438798e+04
3.621782233047223417e+04
3.618745297605309315e+04
3.615705327407897130e+04
3.612642111085822398e+04
3.609542969989869016e+04
3.606416313641455054e+04
3.603257537086403318e+04
3.600063897938627633e+04
3.596837698474476201e+04
3.593577156883315911e+04
3.590277255662792595e+04
3.586952795514837635e+04
3.583620365609154396e+04
3.580263930885861919e+04
3.576902593814807187e+04
3.573518996097657509e+04
3.570099822607498209e+04
3.566650300993533892e+04
3.563166591419047472e+04
3.559654008764640457e+04
3.556074380228982773e+04
3.552444619552702352e+04
3.548832381243223790e+04
3.545189930986438412e+04
3.541499134718934511e+04
3.537786438826173980e+04
3.534049131956307974e+04
3.530288909343353589e+04
3.526518582874372805e+04
3.522716420132817439e+04
3.518908831005446700e+04
3.515088382639753399e+04
3.511229847065186186e+04
3.507326723288050562e+04
3.503370897196245642e+04
3.499384641505833133e+04
3.495362605969760625e+04
3.491281870444664673e+04
3.487160397789442504e+04
3.483036873664748418e+04
3.478937146796029265e+04
3.474830630710989499e+04
3.470684699908145558e+04
3.466470739437565499e+04
3.462212265225542797e+04
3.457917705922917230e+04
3.453619205237412098e+04
3.449283428406042367e+04
3.444922430330160569e+04
3.440530921857673820e+04
3.436106350456528162e+04
3.431652188094682788e+04
3.427186981770734565e+04
3.422699099550431129e+04
3.418213976300698414e+04
3.413690465935869724e+04
3.409145576249087026e+04
3.404584550545517413e+04
3.399988239028840326e+04
3.395357517028071015e+04
3.390682412962837407e+04
3.385981755019505363e+04
3.381253408536341885e+04
3.376485490364120778e+04
3.371690973911697074e+04
3.366868676883927401e+04
3.361977423725103290e+04
3.357041060814330558e+04
3.352051477186825650e+04
3.347011032086214254e+04
3.341960963219160476e+04
3.336866994645720115e+04
3.331746112078118313e+04
3.326599867016087228e+04
3.321416739166458865e+04
3.316185774018454686e+04
3.310924457352954778e+04
3.305642117268135917e+04
3.300357758556741464e+04
3.295039843746619590e+04
3.289705585437915579e+04
3.284354494530428929e+04
3.278968838404311100e+04
3.273556525913297810e+04
3.268115043298942328e+04
3.262656098683127493e+04
3.257155551101444507e+04
3.251618739805038422e+04
3.246063271775813337e+04
3.240475935501328786e+04
3.234848895851552152e+04
3.229190301612092298e+04
3.223531120269092571e+04
3.217866210090121967e+04
3.212156570570673284e+04
3.206400408625829368e+04
3.200612525226286380e+04
3.194804045616042640e+04
3.189001836966289920e+04
3.183201516480326973e+04
3.177395461022774180e+04
3.171544648514745859e+04
3.165697152414176162e+04
3.159813161258704713e+04
3.153922844401712791e+04
3.147999393546124702e+04
3.142036847006556491e+04
3.136033879905821959e+04
3.129992217386185803e+04
3.123929227138881470e+04
3.117840449637840356e+04
3.111724095734204457e+04
3.105559187607646527e+04
3.099351814539812767e+04
3.093100017260606182e+04
3.086810579274080010e+04
3.080488393703340989e+04
3.074144553115989038e+04
3.067772998241453752e+04
3.061377462921451297e+04
3.054952653755382198e+04
3.048470794887115335e+04
3.041966544355898441e+04
3.035438661552833219e+04
3.028861432075529592e+04
3.022266708125492733e+04
3.015598946932273248e+04
3.008907034534978447e+04
3.002156254274817184e+04
2.995359557572472477e+04
2.988540096858140168e+04
2.981675875541355708e+04
2.974823299403953934e+04
2.967955254898223211e+04
2.961043173458138335e+04
2.954120698875185553e+04
2.947191267644316031e+04
2.940245390319548096e+04
2.933250619009101138e+04
2.926182125357335826e+04
2.919046417411356742e+04
2.911857985487586848e+04
2.904627046243161749e+04
2.897361614148127774e+04
2.890061907472689927e+04
2.882716593423302766e+04
2.875346208054224553e+04
2.867946216319490486e+04
2.860517843468224964e+04
2.853060082082233566e+04
2.845606145300161734e+04
2.838144845845650343e+04
2.830689890939931865e+04
2.823196010827093778e+04
2.815694558415152278e+04
2.808177231920733902e+04
2.800663177548142630e+04
2.793097050151126314e+04
2.785510417150863941e+04
2.777890545505804403e+04
2.770226389516972267e+04
2.762540945892483796e+04
2.754822140226072952e+04
2.747077418967094491e+04
2.739323551577369653e+04
2.731556999316414294e+04
2.723762450713594808e+04
2.715939126219742684e+04
2.708085930572391953e+04
2.700200539617733375e+04
2.692302111927084115e+04
2.684386321955069070e+04
2.676479310894772789e+04
2.668562234117655316e+04
2.660649478290433035e+04
2.652735125347354915e+04
2.644807708977737639e+04
2.636865899905456536e+04
2.628915903613946284e+04
2.620934371260618354e+04
2.612942448046671416e+04
2.604932021487312522e+04
2.596919448968196957e+04
2.588886471887740481e+04
2.580821789120084577e+04
2.572728069410870012e+04
2.564604125727432256e+04
2.556457602114625843e+04
2.548320589633518830e+04
2.540161990529054674e+04
2.531964197618436083e+04
2.523708431287275380e+04
2.515432043096379493e+04
2.507131556857022588e+04
2.498784344167179734e+04
2.490394604282697401e+04
2.481998869521712913e+04
2.473587740325024424e+04
2.465139903213573416e+04
2.456683070583189692e+04
2.448237501977949432e+04
2.439770033399960812e+04
2.431334324644848675e+04
2.422892230667544936e+04
2.414421845065713569e+04
2.405923890779701469e+04
2.397382512916731139e+04
2.388846598246263602e+04
2.380291894435165887e+04
2.371754693628671157e+04
2.363200601503076177e+04
2.354590123929784022e+04
2.345963791122824477e+04
2.337316466793818472e+04
2.328670026747354859e+04
2.320009671635033010e+04
2.311347511155585744e+04
2.302665802196520963e+04
2.293975345351090800e+04
2.285245120899832546e+04
2.276506247644466566e+04
2.267772934494845322e+04
2.259050752573847058e+04
2.250299645150405559e+04
2.241536379126555039e+04
2.232759413750374733e+04
2.223993099663144676e+04
2.215180757529446055e+04
2.206328497116296057e+04
2.197459492808829236e+04
2.188589086707904062e+04
2.179702908477671008e+04
2.170778304771101466e+04
2.161810572600216256e+04
2.152799085424449731e+04
2.143771218398060591e+04
2.134763626360316266e+04
2.125745045555701654e+04
2.116693150696404336e+04
2.107619449219268063e+04
2.098524937268834037e+04
2.089437971529733113e+04
2.080345791909165928e+04
2.071211292460633922e+04
2.062039678426945102e+04
2.052864265776796310e+04
2.043671874534083327e+04
2.034452434570977493e+04
2.025193846309826040e+04
2.015901244529139876e+04
2.006586242242353546e+04
1.997228872585010322e+04
1.987827810913298163e+04
1.978410216170772037e+04
1.968935216942698025e+04
1.959448277341786888e+04
1.949947615433581086e+04
1.940469101016368950e+04
1.930982616374392092e+04
1.921462672257368831e+04
1.911919071136920684e+04
1.902358694242436832e+04
1.892767287967760058e+04
1.883162113563762614e+04
1.873572853916769600e+04
1.863968877104222702e+04
1.854377228753684176e+04
1.844791853028201876e+04
1.835215888012059804e+04
1.825642841040697022e+04
1.816044841991348221e+04
1.806412732473732103e+04
1.796773005819900573e+04
1.787096706103335964e+04
1.777389849773097376e+04
1.767655376243623323e+04
1.757913994062747952e+04
1.748174845187653409e+04
1.738408751078489149e+04
1.728607433966411918e+04
1.718786858692539681e+04
1.708953590966818228e+04
1.699090352294304466e+04
1.689234681894774258e+04
1.679391156923148810e+04
1.669529194129106327e+04
1.659672914439875603e+04
1.649815912642203693e+04
1.639971051304301363e+04
1.630098621484269825e+04
1.620211602774101993e+04
1.610329277221227676e+04
1.600456805555751998e+04
1.590578861085745666e+04
1.580688185232725664e+04
1.570777481965246443e+04
1.560874078359239138e+04
1.550965507156880085e+04
1.541062705711627132e+04
1.531130494793931757e+04
1.521193930444922444e+04
1.511249778025602427e+04
1.501320206320740181e+04
1.491386390404371014e+04
1.481445812562826177e+04
1.471532490150473859e+04
1.461599594652205633e+04
1.451628137483373575e+04
1.441650403367204672e+04
1.431663788280404515e+04
1.421673090626057456e+04
1.411637166731450816e+04
1.401579954158114197e+04
1.391494357419954395e+04
1.381431771134185510e+04
1.371358272517721161e+04
1.361280024683583542e+04
1.351173957269043785e+04
1.341030170154450025e+04
1.330879063887105076e+04
1.320709029390973956e+04
1.310529615730691694e+04
1.300311839784991753e+04
1.290105060033799964e+04
1.279913119541979177e+04
1.269728919074440455e+04
1.259540684792917818e+04
1.249378228739951373e+04
1.239194163263186601e+04
1.229007706072943620e+04
1.218816001820527526e+04
1.208622365070807609e+04
1.198415388252144112e+04
1.188188111982637020e+04
1.177965253999833658e+04
1.167714967636955953e+04
1.157446327838985235e+04
1.147176134106581958e+04
1.136912840836829128e+04
1.126635356325249268e+04
1.116361183469729258e+04
1.106092805326809685e+04
1.095797902103176239e+04
1.085488638279543738e+04
1.075176513279978826e+04
1.064874314184012474e+04
1.054586802539458949e+04
1.044319923155861397e+04
1.034060987698084864e+04
1.023756791515032455e+04
1.013459076221923533e+04
1.003185430855513914e+04
9.929160877768359569e+03
9.826486759178340435e+03
9.723678879202407188e+03
9.620659644892824872e+03
9.517644377037417144e+03
9.414582462893426055e+03
9.311602534661962636e+03
9.208192623531787831e+03
9.104731220712068534e+03
9.001092810571453811e+03
8.897299189592860785e+03
8.793480749768914393e+03
8.689877812141305185e+03
8.586717007085324440e+03
8.483517649458872256e+03
8.380272809200023403e+03
8.276931261581026774e+03
8.173734271938649727e+03
8.070652176104792488e+03
7.967573242444108473e+03
7.864544492358209027e+03
7.761158728740600054e+03
7.657707206647050043e+03
7.553958789848944434e+03
7.450332691534748847e+03
7.346608012292377680e+03
7.242916295656596049e+03
7.139320472029740813e+03
7.035786700190593365e+03
6.932089314048884262e+03
6.828275005893691741e+03
6.724616995727560607e+03
6.620930678755243207e+03
6.517244090120416331e+03
6.413536319438835562e+03
6.309943606559109867e+03
6.206287559648364550e+03
6.102547596502332453e+03
5.998584375899144106e+03
5.894538464848747026e+03
5.790564487428076973e+03
5.686803013952527181e+03
5.583101984483735578e+03
5.479345998864786452e+03
5.375728897245446205e+03
5.272122191648357330e+03
5.168337411298805819e+03
5.064605567920540125e+03
4.961042956350427630e+03
4.857666360682973391e+03
4.754144323911035826e+03
4.650771632261493323e+03
4.547471144549132077e+03
4.444284098134301530e+03
4.341534061683169057e+03
4.239151532754347500e+03
4.136818882056484654e+03
4.034449414016412447e+03
3.932129473382482047e+03
3.829719689592383929e+03
3.727276910923462310e+03
3.624560757320246921e+03
3.522031909405191982e+03
3.419704656780129426e+03
3.317632081365946760e+03
3.215658391160020983e+03
3.114107378823905037e+03
3.012590286603800450e+03
2.911097354849885960e+03
2.809912810335531503e+03
2.709055231407452993e+03
2.608394967423786966e+03
2.507993586035988301e+03
2.407779728233654168e+03
2.307623930849217686e+03
2.207575107186824880e+03
2.107759380521309595e+03
2.008204506076323923e+03
1.908907097051999699e+03
1.809572576302079824e+03
1.710291670380901905e+03
1.611194432362876341e+03
1.512052997064222382e+03
1.412933551796685606e+03
1.314125032994915045e+03
1.215592882000190230e+03
1.117339338706764465e+03
1.019167483857225534e+03
9.211651426235212057e+02
8.232661867586189146e+02
7.258919530406103604e+02
6.288776654452219645e+02
5.321287328787041133e+02
4.352771088431384214e+02
3.387693210107122468e+02
2.425123748718810930e+02
1.464544117177679254e+02
5.060292902775154289e+01
-4.517046675043752657e+01
-1.408062759153222032e+02
-2.361826819447696835e+02
-3.313788260788248863e+02
-4.263182777181812071e+02
-5.212086740098948212e+02
-6.160797193113610319e+02
-7.107929796793341666e+02
-8.052785012998269849e+02
-8.997209279302912819e+02
-9.938994579476486706e+02
-1.087875869347577009e+03
-1.181481706769254515e+03
-1.274909253865334449e+03
-1.368305343971499724e+03
-1.461518529828096007e+03
-1.554584611623175078e+03
-1.647430706934743739e+03
-1.739891547322081124e+03
-1.832074821195384629e+03
-1.923968565097677356e+03
-2.015132684496916909e+03
-2.105987319443773686e+03
-2.196745993902461578e+03
-2.287372789876501884e+03
-2.377798510040487599e+03
-2.467904574894440429e+03
-2.557958400531862935e+03
-2.647814016795626230e+03
-2.737454694342557104e+03
-2.826882175041782830e+03
-2.915965333141055453e+03
-3.004671239108692134e+03
-3.093264462393292888e+03
-3.181743076921280590e+03
-3.269698025311210131e+03
-3.357508163541290742e+03
-3.445198319958767570e+03
-3.532537682206192585e+03
-3.619767278955540405e+03
-3.706909399739767196e+03
-3.793736343638003291e+03
-3.880380655834682329e+03
-3.966934223725108950e+03
-4.053116004500397594e+03
-4.138937652023122610e+03
-4.224326748837958803e+03
-4.309520166647071164e+03
-4.394308032794930114e+03
-4.478936821238827179e+03
-4.563247644104629217e+03
-4.647405553504132513e+03
-4.731196879505067955e+03
-4.814698018570875320e+03
-4.898150166114052809e+03
-4.981394446408699878e+03
-5.064197338650104030e+03
-5.146605253648156577e+03
-5.228545393665498523e+03
-5.310239336358886248e+03
-5.391532689106128601e+03
-5.472521689660849006e+03
-5.553276154739021877e+03
-5.633661571201334482e+03
-5.713530425207883127e+03
-5.793277795568717011e+03
-5.872487054813489522e+03
-5.951537266353515406e+03
-6.030350571493432653e+03
-6.108945096645846206e+03
-6.187295522683083618e+03
-6.265226249434304918e+03
-6.342572154957939347e+03
-6.419625786334565419e+03
-6.496448935370382969e+03
-6.572675973921126570e+03
-6.648283083178532252e+03
-6.723414932915933605e+03
-6.798185613030140303e+03
-6.872591883690110990e+03
-6.946536857805951513e+03
-7.020001565547473547e+03
-7.093241605783348859e+03
-7.166292350428115242e+03
-7.239037850577408790e+03
-7.311491222783024568e+03
-7.383491591161910037e+03
-7.454957331235772472e+03
-7.526024256519866867e+03
-7.596526194238900644e+03
-7.666600333785815565e+03
-7.736161529076286570e+03
-7.805335010106659865e+03
-7.874214407492164355e+03
-7.942718483476606707e+03
-8.010639112093024778e+03
-8.078054649135381624e+03
-8.145159621559262632e+03
-8.211814125509694350e+03
-8.278055064719754228e+03
-8.343565599200093857e+03
-8.408227468328737814e+03
-8.472306119142005628e+03
-8.535981949172781242e+03
-8.599225820257595842e+03
-8.661980662181222215e+03
-8.724061167934150944e+03
-8.785606824779166345e+03
-8.846795850675156544e+03
-8.907498007321608384e+03
-8.967624612574458297e+03
-9.027102607122886184e+03
-9.086158255997699598e+03
-9.144742630879696662e+03
-9.202943435393579421e+03
-9.260725606846948722e+03
-9.318065231439893978e+03
-9.374915177605100325e+03
-9.431438541838140736e+03
-9.487511540287050593e+03
-9.542966577447003147e+03
-9.597848803269234850e+03
-9.652126264137379621e+03
-9.705963015833194731e+03
-9.759417027144272652e+03
-9.812277509482122696e+03
-9.864474595695442986e+03
-9.916191978556204049e+03
-9.967406952927103703e+03
-1.001793203041710876e+04
-1.006793467912569940e+04
-1.011739695601027779e+04
-1.016623090583653175e+04
-1.021445276887711952e+04
-1.026204049069482789e+04
-1.030914414035294067e+04
-1.035579451603995949e+04
-1.040179027211825996e+04
-1.044707987137382952e+04
-1.049185103852605062e+04
-1.053592797610571324e+04
-1.057934131661903302e+04
-1.062228347620661043e+04
-1.066455443560597996e+04
-1.070634450053352157e+04
-1.074763337984519603e+04
-1.078839766744246845e+04
-1.082862651336665658e+04
-1.086820180763659482e+04
-1.090707094869040156e+04
-1.094530779830837855e+04
-1.098299377502966308e+04
-1.102030411402420395e+04
-1.105703788913992867e+04
-1.109307379795798443e+04
-1.112845057091962917e+04
-1.116339757932429347e+04
-1.119786674484105970e+04
-1.123160941545651804e+04
-1.126451659086054678e+04
-1.129684053580401996e+04
-1.132864381774313006e+04
-1.135986334667970732e+04
-1.139040633129780872e+04
-1.142027917039122622e+04
-1.144965102056966134e+04
-1.147823597352982142e+04
-1.150611065866467834e+04
-1.153323441403190373e+04
-1.155965669338873158e+04
-1.158531781077231972e+04
-1.161036144132455775e+04
-1.163480964993823363e+04
-1.165856801378535420e+04
-1.168166364926328060e+04
-1.170418126600073811e+04
-1.172608227340313533e+04
-1.174732979977569630e+04
-1.176795602876145495e+04
-1.178806886570614370e+04
-1.180767811349600743e+04
-1.182680492194358703e+04
-1.184554111617636408e+04
-1.186373017520010944e+04
-1.188129166046551109e+04
-1.189827381184403021e+04
-1.191469658693469864e+04
-1.193044951440238947e+04
-1.194565085611115319e+04
-1.196041696487248191e+04
-1.197472495429012815e+04
-1.198857913868733340e+04
-1.200193336989507952e+04
-1.201469495201069003e+04
-1.202671684449393979e+04
-1.203813686701059123e+04
-1.204904358999153919e+04
-1.205943450952753301e+04
-1.206921088479492937e+04
-1.207837394167714774e+04
-1.208701953387471440e+04
-1.209515669854099178e+04
-1.210283316567828479e+04
-1.211007492684998215e+04
-1.211691140233614351e+04
-1.212324788068410635e+04
-1.212921848296937969e+04
-1.213483158111721241e+04
-1.213995776578187542e+04
-1.214471271979839003e+04
-1.214912450663357959e+04
-1.215315034253741760e+04
-1.215683352020480743e+04
-1.216019716725447324e+04
-1.216305910776534984e+04
-1.216546812306343963e+04
-1.216756209078685788e+04
-1.216942347178348973e+04
-1.217090566530469914e+04
-1.217209243474990399e+04
-1.217295174085435974e+04
-1.217344503501771396e+04
-1.217344310452603713e+04
-1.217313510918831344e+04
-1.217236610531684528e+04
-1.217135605164498884e+04
-1.217015213388606389e+04
-1.216856643196631194e+04
-1.216676523651953539e+04
-1.216462882357075432e+04
-1.216214105277599265e+04
-1.215937861113251711e+04
-1.215627571547397383e+04
-1.215289842421200410e+04
-1.214932811014252002e+04
-1.214552825208929789e+04
-1.214153551835480721e+04
-1.213729160844417129e+04
-1.213291003051261032e+04
-1.212831414466683600e+04
-1.212358446267767977e+04
-1.211875715002879588e+04
-1.211373112579746521e+04
-1.210852275490905049e+04
-1.210311675339131034e+04
-1.209756164724154769e+04
-1.209191098169172255e+04
-1.208611232969578123e+04
