0.000000000000000000e+00
3.144737390980773678e-03
6.289474781961547356e-03
9.434212172942321034e-03
1.257894956392309471e-02
1.572368695490386839e-02
1.886842434588464207e-02
2.201316173686541575e-02
2.515789912784618942e-02
2.830263651882696310e-02
3.144737390980773678e-02
3.459211130078851393e-02
3.773684869176928414e-02
4.088158608275005435e-02
4.402632347373083149e-02
4.717106086471160864e-02
5.031579825569237885e-02
5.346053564667314906e-02
5.660527303765392620e-02
5.975001042863470335e-02
6.289474781961547356e-02
6.603948521059624377e-02
6.918422260157702786e-02
7.232895999255779806e-02
7.547369738353856827e-02
7.861843477451933848e-02
8.176317216550010869e-02
8.490790955648089278e-02
8.805264694746166299e-02
9.119738433844243319e-02
9.434212172942321728e-02
9.748685912040398749e-02
1.006315965113847577e-01
1.037763339023655279e-01
1.069210712933462981e-01
1.100658086843270822e-01
1.132105460753078524e-01
1.163552834662886226e-01
1.195000208572694067e-01
1.226447582482501769e-01
1.257894956392309471e-01
1.289342330302117312e-01
1.320789704211924875e-01
1.352237078121732716e-01
1.383684452031540557e-01
1.415131825941348120e-01
1.446579199851155961e-01
1.478026573760963525e-01
1.509473947670771365e-01
1.540921321580579206e-01
1.572368695490386770e-01
1.603816069400194610e-01
1.635263443310002174e-01
1.666710817219810015e-01
1.698158191129617856e-01
1.729605565039425419e-01
1.761052938949233260e-01
1.792500312859041101e-01
1.823947686768848664e-01
1.855395060678656505e-01
1.886842434588464346e-01
1.918289808498271909e-01
1.949737182408079750e-01
1.981184556317887313e-01
2.012631930227695154e-01
2.044079304137502995e-01
2.075526678047310558e-01
2.106974051957118399e-01
2.138421425866925962e-01
2.169868799776733803e-01
2.201316173686541644e-01
2.232763547596349207e-01
2.264210921506157048e-01
2.295658295415964889e-01
2.327105669325772452e-01
2.358553043235580293e-01
2.390000417145388134e-01
2.421447791055195697e-01
2.452895164965003538e-01
2.484342538874811102e-01
2.515789912784618942e-01
2.547237286694426506e-01
2.578684660604234624e-01
2.610132034514042187e-01
2.641579408423849751e-01
2.673026782333657869e-01
2.704474156243465433e-01
2.735921530153272996e-01
2.767368904063081114e-01
2.798816277972888678e-01
2.830263651882696241e-01
2.861711025792503804e-01
2.893158399702311923e-01
2.924605773612119486e-01
2.956053147521927049e-01
2.987500521431735168e-01
3.018947895341542731e-01
3.050395269251350294e-01
3.081842643161158413e-01
3.113290017070965976e-01
3.144737390980773539e-01
3.176184764890581658e-01
3.207632138800389221e-01
3.239079512710196784e-01
3.270526886620004348e-01
3.301974260529812466e-01
3.333421634439620029e-01
3.364869008349427593e-01
3.396316382259235711e-01
3.427763756169043274e-01
3.459211130078850838e-01
3.490658503988658956e-01
3.522105877898466519e-01
3.553553251808274083e-01
3.585000625718082201e-01
3.616447999627889764e-01
3.647895373537697328e-01
3.679342747447505446e-01
3.710790121357313009e-01
3.742237495267120573e-01
3.773684869176928691e-01
3.805132243086736255e-01
3.836579616996543818e-01
3.868026990906351381e-01
3.899474364816159500e-01
3.930921738725967063e-01
3.962369112635774626e-01
3.993816486545582745e-01
4.025263860455390308e-01
4.056711234365197871e-01
4.088158608275005990e-01
4.119605982184813553e-01
4.151053356094621116e-01
4.182500730004429235e-01
4.213948103914236798e-01
4.245395477824044361e-01
4.276842851733851925e-01
4.308290225643660043e-01
4.339737599553467606e-01
4.371184973463275170e-01
4.402632347373083288e-01
4.434079721282890851e-01
4.465527095192698415e-01
4.496974469102506533e-01
4.528421843012314096e-01
4.559869216922121660e-01
4.591316590831929778e-01
4.622763964741737341e-01
4.654211338651544905e-01
4.685658712561353023e-01
4.717106086471160586e-01
4.748553460380968150e-01
4.780000834290776268e-01
4.811448208200583831e-01
4.842895582110391395e-01
4.874342956020198958e-01
4.905790329930007077e-01
4.937237703839814640e-01
4.968685077749622203e-01
5.000132451659430322e-01
5.031579825569237885e-01
5.063027199479045448e-01
5.094474573388853011e-01
5.125921947298660575e-01
5.157369321208469248e-01
5.188816695118276812e-01
5.220264069028084375e-01
5.251711442937891938e-01
5.283158816847699502e-01
5.314606190757507065e-01
5.346053564667315738e-01
5.377500938577123302e-01
5.408948312486930865e-01
5.440395686396738428e-01
5.471843060306545992e-01
5.503290434216353555e-01
5.534737808126162228e-01
5.566185182035969792e-01
5.597632555945777355e-01
5.629079929855584918e-01
5.660527303765392482e-01
5.691974677675200045e-01
5.723422051585007608e-01
5.754869425494816282e-01
5.786316799404623845e-01
5.817764173314431408e-01
5.849211547224238972e-01
5.880658921134046535e-01
5.912106295043854098e-01
5.943553668953662772e-01
5.975001042863470335e-01
6.006448416773277899e-01
6.037895790683085462e-01
6.069343164592893025e-01
6.100790538502700588e-01
6.132237912412508152e-01
6.163685286322316825e-01
6.195132660232124389e-01
6.226580034141931952e-01
6.258027408051739515e-01
6.289474781961547079e-01
6.320922155871354642e-01
6.352369529781163315e-01
6.383816903690970879e-01
6.415264277600778442e-01
6.446711651510586005e-01
6.478159025420393569e-01
6.509606399330201132e-01
6.541053773240008695e-01
6.572501147149817369e-01
6.603948521059624932e-01
6.635395894969432495e-01
6.666843268879240059e-01
6.698290642789047622e-01
6.729738016698855185e-01
6.761185390608663859e-01
6.792632764518471422e-01
6.824080138428278985e-01
6.855527512338086549e-01
6.886974886247894112e-01
6.918422260157701675e-01
6.949869634067510349e-01
6.981317007977317912e-01
7.012764381887125476e-01
7.044211755796933039e-01
7.075659129706740602e-01
7.107106503616548165e-01
7.138553877526355729e-01
7.170001251436164402e-01
7.201448625345971966e-01
7.232895999255779529e-01
7.264343373165587092e-01
7.295790747075394655e-01
7.327238120985202219e-01
7.358685494895010892e-01
7.390132868804818456e-01
7.421580242714626019e-01
7.453027616624433582e-01
7.484474990534241146e-01
7.515922364444048709e-01
7.547369738353857382e-01
7.578817112263664946e-01
7.610264486173472509e-01
7.641711860083280072e-01
7.673159233993087636e-01
7.704606607902895199e-01
7.736053981812702762e-01
7.767501355722511436e-01
7.798948729632318999e-01
7.830396103542126562e-01
7.861843477451934126e-01
7.893290851361741689e-01
7.924738225271549252e-01
7.956185599181357926e-01
7.987632973091165489e-01
8.019080347000973052e-01
8.050527720910780616e-01
8.081975094820588179e-01
8.113422468730395742e-01
8.144869842640203306e-01
8.176317216550011979e-01
8.207764590459819543e-01
8.239211964369627106e-01
8.270659338279434669e-01
8.302106712189242232e-01
8.333554086099049796e-01
8.365001460008858469e-01
8.396448833918666033e-01
8.427896207828473596e-01
8.459343581738281159e-01
8.490790955648088723e-01
8.522238329557896286e-01
8.553685703467703849e-01
8.585133077377512523e-01
8.616580451287320086e-01
8.648027825197127649e-01
8.679475199106935213e-01
8.710922573016742776e-01
8.742369946926550339e-01
8.773817320836359013e-01
8.805264694746166576e-01
8.836712068655974139e-01
8.868159442565781703e-01
8.899606816475589266e-01
8.931054190385396829e-01
8.962501564295205503e-01
8.993948938205013066e-01
9.025396312114820629e-01
9.056843686024628193e-01
9.088291059934435756e-01
9.119738433844243319e-01
9.151185807754050883e-01
9.182633181663859556e-01
9.214080555573667120e-01
9.245527929483474683e-01
9.276975303393282246e-01
9.308422677303089809e-01
9.339870051212897373e-01
9.371317425122706046e-01
9.402764799032513610e-01
9.434212172942321173e-01
9.465659546852128736e-01
9.497106920761936300e-01
9.528554294671743863e-01
9.560001668581552536e-01
9.591449042491360100e-01
9.622896416401167663e-01
9.654343790310975226e-01
9.685791164220782790e-01
9.717238538130590353e-01
9.748685912040397916e-01
9.780133285950206590e-01
9.811580659860014153e-01
9.843028033769821716e-01
9.874475407679629280e-01
9.905922781589436843e-01
9.937370155499244406e-01
9.968817529409053080e-01
1.000026490331886064e+00
1.003171227722866821e+00
1.006315965113847577e+00
1.009460702504828333e+00
1.012605439895809090e+00
1.015750177286789846e+00
1.018894914677770602e+00
1.022039652068751359e+00
1.025184389459732115e+00
1.028329126850713093e+00
1.031473864241693850e+00
1.034618601632674606e+00
1.037763339023655362e+00
1.040908076414636119e+00
1.044052813805616875e+00
1.047197551196597631e+00
1.050342288587578388e+00
1.053487025978559144e+00
1.056631763369539900e+00
1.059776500760520657e+00
1.062921238151501413e+00
1.066065975542482169e+00
1.069210712933463148e+00
1.072355450324443904e+00
1.075500187715424660e+00
1.078644925106405417e+00
1.081789662497386173e+00
1.084934399888366929e+00
1.088079137279347686e+00
1.091223874670328442e+00
1.094368612061309198e+00
1.097513349452289955e+00
1.100658086843270711e+00
1.103802824234251467e+00
1.106947561625232446e+00
1.110092299016213202e+00
1.113237036407193958e+00
1.116381773798174715e+00
1.119526511189155471e+00
1.122671248580136227e+00
1.125815985971116984e+00
1.128960723362097740e+00
1.132105460753078496e+00
1.135250198144059253e+00
1.138394935535040009e+00
1.141539672926020765e+00
1.144684410317001522e+00
1.147829147707982500e+00
1.150973885098963256e+00
1.154118622489944013e+00
1.157263359880924769e+00
1.160408097271905525e+00
1.163552834662886282e+00
1.166697572053867038e+00
1.169842309444847794e+00
1.172987046835828551e+00
1.176131784226809307e+00
1.179276521617790063e+00
1.182421259008770820e+00
1.185565996399751576e+00
1.188710733790732554e+00
1.191855471181713311e+00
1.195000208572694067e+00
1.198144945963674823e+00
1.201289683354655580e+00
1.204434420745636336e+00
1.207579158136617092e+00
1.210723895527597849e+00
1.213868632918578605e+00
1.217013370309559361e+00
1.220158107700540118e+00
1.223302845091520874e+00
1.226447582482501630e+00
1.229592319873482609e+00
1.232737057264463365e+00
1.235881794655444121e+00
1.239026532046424878e+00
1.242171269437405634e+00
1.245316006828386390e+00
1.248460744219367147e+00
1.251605481610347903e+00
1.254750219001328659e+00
1.257894956392309416e+00
1.261039693783290172e+00
1.264184431174270928e+00
1.267329168565251685e+00
1.270473905956232663e+00
1.273618643347213419e+00
1.276763380738194176e+00
1.279908118129174932e+00
1.283052855520155688e+00
1.286197592911136445e+00
1.289342330302117201e+00
1.292487067693097957e+00
1.295631805084078714e+00
1.298776542475059470e+00
1.301921279866040226e+00
1.305066017257020983e+00
1.308210754648001739e+00
1.311355492038982717e+00
1.314500229429963474e+00
1.317644966820944230e+00
1.320789704211924986e+00
1.323934441602905743e+00
1.327079178993886499e+00
1.330223916384867255e+00
1.333368653775848012e+00
1.336513391166828768e+00
1.339658128557809524e+00
1.342802865948790281e+00
1.345947603339771037e+00
1.349092340730752015e+00
1.352237078121732772e+00
1.355381815512713528e+00
1.358526552903694284e+00
1.361671290294675041e+00
1.364816027685655797e+00
1.367960765076636553e+00
1.371105502467617310e+00
1.374250239858598066e+00
1.377394977249578822e+00
1.380539714640559579e+00
1.383684452031540335e+00
1.386829189422521091e+00
1.389973926813502070e+00
1.393118664204482826e+00
1.396263401595463582e+00
1.399408138986444339e+00
1.402552876377425095e+00
1.405697613768405851e+00
1.408842351159386608e+00
1.411987088550367364e+00
1.415131825941348120e+00
1.418276563332328877e+00
1.421421300723309633e+00
1.424566038114290389e+00
1.427710775505271146e+00
1.430855512896252124e+00
1.434000250287232880e+00
1.437144987678213637e+00
1.440289725069194393e+00
1.443434462460175149e+00
1.446579199851155906e+00
1.449723937242136662e+00
1.452868674633117418e+00
1.456013412024098175e+00
1.459158149415078931e+00
1.462302886806059687e+00
1.465447624197040444e+00
1.468592361588021200e+00
1.471737098979002178e+00
1.474881836369982935e+00
1.478026573760963691e+00
1.481171311151944447e+00
1.484316048542925204e+00
1.487460785933905960e+00
1.490605523324886716e+00
1.493750260715867473e+00
1.496894998106848229e+00
1.500039735497828985e+00
1.503184472888809742e+00
1.506329210279790498e+00
1.509473947670771476e+00
1.512618685061752233e+00
1.515763422452732989e+00
1.518908159843713745e+00
1.522052897234694502e+00
1.525197634625675258e+00
1.528342372016656014e+00
1.531487109407636771e+00
1.534631846798617527e+00
1.537776584189598283e+00
1.540921321580579040e+00
1.544066058971559796e+00
1.547210796362540552e+00
1.550355533753521531e+00
1.553500271144502287e+00
1.556645008535483043e+00
1.559789745926463800e+00
1.562934483317444556e+00
1.566079220708425312e+00
1.569223958099406069e+00
1.572368695490386825e+00
1.575513432881367581e+00
1.578658170272348338e+00
1.581802907663329094e+00
1.584947645054309850e+00
1.588092382445290607e+00
1.591237119836271585e+00
1.594381857227252342e+00
1.597526594618233098e+00
1.600671332009213854e+00
1.603816069400194610e+00
1.606960806791175367e+00
1.610105544182156123e+00
1.613250281573136879e+00
1.616395018964117636e+00
1.619539756355098392e+00
1.622684493746079148e+00
1.625829231137059905e+00
1.628973968528040661e+00
1.632118705919021640e+00
1.635263443310002396e+00
1.638408180700983152e+00
1.641552918091963909e+00
1.644697655482944665e+00
1.647842392873925421e+00
1.650987130264906178e+00
1.654131867655886934e+00
1.657276605046867690e+00
1.660421342437848446e+00
1.663566079828829203e+00
1.666710817219809959e+00
1.669855554610790715e+00
1.673000292001771694e+00
1.676145029392752450e+00
1.679289766783733207e+00
1.682434504174713963e+00
1.685579241565694719e+00
1.688723978956675476e+00
1.691868716347656232e+00
1.695013453738636988e+00
1.698158191129617745e+00
1.701302928520598501e+00
1.704447665911579257e+00
1.707592403302560014e+00
1.710737140693540770e+00
1.713881878084521748e+00
1.717026615475502505e+00
1.720171352866483261e+00
1.723316090257464017e+00
1.726460827648444774e+00
1.729605565039425530e+00
1.732750302430406286e+00
1.735895039821387043e+00
1.739039777212367799e+00
1.742184514603348555e+00
1.745329251994329312e+00
1.748473989385310068e+00
1.751618726776291046e+00
1.754763464167271803e+00
1.757908201558252559e+00
1.761052938949233315e+00
1.764197676340214072e+00
1.767342413731194828e+00
1.770487151122175584e+00
1.773631888513156341e+00
1.776776625904137097e+00
1.779921363295117853e+00
1.783066100686098610e+00
1.786210838077079366e+00
1.789355575468060122e+00
1.792500312859041101e+00
1.795645050250021857e+00
1.798789787641002613e+00
1.801934525031983370e+00
1.805079262422964126e+00
1.808223999813944882e+00
1.811368737204925639e+00
1.814513474595906395e+00
1.817658211986887151e+00
1.820802949377867908e+00
1.823947686768848664e+00
1.827092424159829420e+00
1.830237161550810177e+00
1.833381898941791155e+00
1.836526636332771911e+00
1.839671373723752668e+00
1.842816111114733424e+00
1.845960848505714180e+00
1.849105585896694937e+00
1.852250323287675693e+00
1.855395060678656449e+00
1.858539798069637206e+00
1.861684535460617962e+00
1.864829272851598718e+00
1.867974010242579475e+00
1.871118747633560231e+00
1.874263485024541209e+00
1.877408222415521966e+00
1.880552959806502722e+00
1.883697697197483478e+00
1.886842434588464235e+00
1.889987171979444991e+00
1.893131909370425747e+00
1.896276646761406504e+00
1.899421384152387260e+00
1.902566121543368016e+00
1.905710858934348773e+00
1.908855596325329529e+00
1.912000333716310507e+00
1.915145071107291264e+00
1.918289808498272020e+00
1.921434545889252776e+00
1.924579283280233533e+00
1.927724020671214289e+00
1.930868758062195045e+00
1.934013495453175802e+00
1.937158232844156558e+00
1.940302970235137314e+00
1.943447707626118071e+00
1.946592445017098827e+00
1.949737182408079583e+00
1.952881919799060562e+00
1.956026657190041318e+00
1.959171394581022074e+00
1.962316131972002831e+00
1.965460869362983587e+00
1.968605606753964343e+00
1.971750344144945100e+00
1.974895081535925856e+00
1.978039818926906612e+00
1.981184556317887369e+00
1.984329293708868125e+00
1.987474031099848881e+00
1.990618768490829638e+00
1.993763505881810616e+00
1.996908243272791372e+00
2.000052980663772129e+00
2.003197718054752663e+00
2.006342455445733641e+00
2.009487192836714176e+00
2.012631930227695154e+00
2.015776667618676132e+00
2.018921405009656667e+00
2.022066142400637645e+00
2.025210879791618179e+00
2.028355617182599158e+00
2.031500354573579692e+00
2.034645091964560670e+00
2.037789829355541205e+00
2.040934566746522183e+00
2.044079304137502717e+00
2.047224041528483696e+00
2.050368778919464230e+00
2.053513516310445208e+00
2.056658253701426187e+00
2.059802991092406721e+00
2.062947728483387699e+00
2.066092465874368234e+00
2.069237203265349212e+00
2.072381940656329746e+00
2.075526678047310725e+00
2.078671415438291259e+00
2.081816152829272237e+00
2.084960890220252772e+00
2.088105627611233750e+00
2.091250365002214284e+00
2.094395102393195263e+00
2.097539839784176241e+00
2.100684577175156775e+00
2.103829314566137754e+00
2.106974051957118288e+00
2.110118789348099266e+00
2.113263526739079801e+00
2.116408264130060779e+00
2.119553001521041313e+00
2.122697738912022292e+00
2.125842476303002826e+00
2.128987213693983804e+00
2.132131951084964339e+00
2.135276688475945317e+00
2.138421425866926295e+00
2.141566163257906830e+00
2.144710900648887808e+00
2.147855638039868342e+00
2.151000375430849321e+00
2.154145112821829855e+00
2.157289850212810833e+00
2.160434587603791368e+00
2.163579324994772346e+00
2.166724062385752880e+00
2.169868799776733859e+00
2.173013537167714393e+00
2.176158274558695371e+00
2.179303011949676350e+00
2.182447749340656884e+00
2.185592486731637862e+00
2.188737224122618397e+00
2.191881961513599375e+00
2.195026698904579909e+00
2.198171436295560888e+00
2.201316173686541422e+00
2.204460911077522400e+00
2.207605648468502935e+00
2.210750385859483913e+00
2.213895123250464891e+00
2.217039860641445426e+00
2.220184598032426404e+00
2.223329335423406938e+00
2.226474072814387917e+00
2.229618810205368451e+00
2.232763547596349429e+00
2.235908284987329964e+00
2.239053022378310942e+00
2.242197759769291476e+00
2.245342497160272455e+00
2.248487234551252989e+00
2.251631971942233967e+00
2.254776709333214946e+00
2.257921446724195480e+00
2.261066184115176458e+00
2.264210921506156993e+00
2.267355658897137971e+00
2.270500396288118505e+00
2.273645133679099484e+00
2.276789871070080018e+00
2.279934608461060996e+00
2.283079345852041531e+00
2.286224083243022509e+00
2.289368820634003043e+00
2.292513558024984022e+00
2.295658295415965000e+00
2.298803032806945534e+00
2.301947770197926513e+00
2.305092507588907047e+00
2.308237244979888025e+00
2.311381982370868560e+00
2.314526719761849538e+00
2.317671457152830072e+00
2.320816194543811051e+00
2.323960931934791585e+00
2.327105669325772563e+00
2.330250406716753098e+00
2.333395144107734076e+00
2.336539881498715054e+00
2.339684618889695589e+00
2.342829356280676567e+00
2.345974093671657101e+00
2.349118831062638080e+00
2.352263568453618614e+00
2.355408305844599592e+00
2.358553043235580127e+00
2.361697780626561105e+00
2.364842518017541639e+00
2.367987255408522618e+00
2.371131992799503152e+00
2.374276730190484130e+00
2.377421467581465109e+00
2.380566204972445643e+00
2.383710942363426621e+00
2.386855679754407156e+00
2.390000417145388134e+00
2.393145154536368668e+00
2.396289891927349647e+00
2.399434629318330181e+00
2.402579366709311159e+00
2.405724104100291694e+00
2.408868841491272672e+00
2.412013578882253206e+00
2.415158316273234185e+00
2.418303053664215163e+00
2.421447791055195697e+00
2.424592528446176676e+00
2.427737265837157210e+00
2.430882003228138188e+00
2.434026740619118723e+00
2.437171478010099701e+00
2.440316215401080235e+00
2.443460952792061214e+00
2.446605690183041748e+00
2.449750427574022726e+00
2.452895164965003261e+00
2.456039902355984239e+00
2.459184639746965217e+00
2.462329377137945752e+00
2.465474114528926730e+00
2.468618851919907264e+00
2.471763589310888243e+00
2.474908326701868777e+00
2.478053064092849755e+00
2.481197801483830290e+00
2.484342538874811268e+00
2.487487276265791802e+00
2.490632013656772781e+00
2.493776751047753315e+00
2.496921488438734293e+00
2.500066225829715272e+00
2.503210963220695806e+00
2.506355700611676784e+00
2.509500438002657319e+00
2.512645175393638297e+00
2.515789912784618831e+00
2.518934650175599810e+00
2.522079387566580344e+00
2.525224124957561322e+00
2.528368862348541857e+00
2.531513599739522835e+00
2.534658337130503369e+00
2.537803074521484348e+00
2.540947811912465326e+00
2.544092549303445860e+00
2.547237286694426839e+00
2.550382024085407373e+00
2.553526761476388351e+00
2.556671498867368886e+00
2.559816236258349864e+00
2.562960973649330398e+00
2.566105711040311377e+00
2.569250448431291911e+00
2.572395185822272889e+00
2.575539923213253424e+00
2.578684660604234402e+00
2.581829397995215380e+00
2.584974135386195915e+00
2.588118872777176893e+00
2.591263610168157427e+00
2.594408347559138406e+00
2.597553084950118940e+00
2.600697822341099918e+00
2.603842559732080453e+00
2.606987297123061431e+00
2.610132034514041965e+00
2.613276771905022944e+00
2.616421509296003478e+00
2.619566246686984456e+00
2.622710984077965435e+00
2.625855721468945969e+00
2.629000458859926947e+00
2.632145196250907482e+00
2.635289933641888460e+00
2.638434671032868994e+00
2.641579408423849973e+00
2.644724145814830507e+00
2.647868883205811485e+00
2.651013620596792020e+00
2.654158357987772998e+00
2.657303095378753977e+00
2.660447832769734511e+00
2.663592570160715489e+00
2.666737307551696023e+00
2.669882044942677002e+00
2.673026782333657536e+00
2.676171519724638515e+00
2.679316257115619049e+00
2.682460994506600027e+00
2.685605731897580561e+00
2.688750469288561540e+00
2.691895206679542074e+00
2.695039944070523052e+00
2.698184681461504031e+00
2.701329418852484565e+00
2.704474156243465544e+00
2.707618893634446078e+00
2.710763631025427056e+00
2.713908368416407590e+00
2.717053105807388569e+00
2.720197843198369103e+00
2.723342580589350082e+00
2.726487317980330616e+00
2.729632055371311594e+00
2.732776792762292128e+00
2.735921530153273107e+00
2.739066267544254085e+00
2.742211004935234619e+00
2.745355742326215598e+00
2.748500479717196132e+00
2.751645217108177111e+00
2.754789954499157645e+00
2.757934691890138623e+00
2.761079429281119157e+00
2.764224166672100136e+00
2.767368904063080670e+00
2.770513641454061649e+00
2.773658378845042183e+00
2.776803116236023161e+00
2.779947853627004140e+00
2.783092591017984674e+00
2.786237328408965652e+00
2.789382065799946187e+00
2.792526803190927165e+00
2.795671540581907699e+00
2.798816277972888678e+00
2.801961015363869212e+00
2.805105752754850190e+00
2.808250490145830724e+00
2.811395227536811703e+00
2.814539964927792237e+00
2.817684702318773216e+00
2.820829439709754194e+00
2.823974177100734728e+00
2.827118914491715707e+00
2.830263651882696241e+00
2.833408389273677219e+00
2.836553126664657754e+00
2.839697864055638732e+00
2.842842601446619266e+00
2.845987338837600245e+00
2.849132076228580779e+00
2.852276813619561757e+00
2.855421551010542291e+00
2.858566288401523270e+00
2.861711025792504248e+00
2.864855763183484783e+00
2.868000500574465761e+00
2.871145237965446295e+00
2.874289975356427274e+00
2.877434712747407808e+00
2.880579450138388786e+00
2.883724187529369321e+00
2.886868924920350299e+00
2.890013662311330833e+00
2.893158399702311812e+00
2.896303137093292346e+00
2.899447874484273324e+00
2.902592611875254303e+00
2.905737349266234837e+00
2.908882086657215815e+00
2.912026824048196350e+00
2.915171561439177328e+00
2.918316298830157862e+00
2.921461036221138841e+00
2.924605773612119375e+00
2.927750511003100353e+00
2.930895248394080888e+00
2.934039985785061866e+00
2.937184723176042400e+00
2.940329460567023379e+00
2.943474197958004357e+00
2.946618935348984891e+00
2.949763672739965870e+00
2.952908410130946404e+00
2.956053147521927382e+00
2.959197884912907917e+00
2.962342622303888895e+00
2.965487359694869429e+00
2.968632097085850408e+00
2.971776834476830942e+00
2.974921571867811920e+00
2.978066309258792455e+00
2.981211046649773433e+00
2.984355784040754411e+00
2.987500521431734946e+00
2.990645258822715924e+00
2.993789996213696458e+00
2.996934733604677437e+00
3.000079470995657971e+00
3.003224208386638949e+00
3.006368945777619484e+00
3.009513683168600462e+00
3.012658420559580996e+00
3.015803157950561975e+00
3.018947895341542953e+00
3.022092632732523487e+00
3.025237370123504466e+00
3.028382107514485000e+00
3.031526844905465978e+00
3.034671582296446513e+00
3.037816319687427491e+00
3.040961057078408025e+00
3.044105794469389004e+00
3.047250531860369538e+00
3.050395269251350516e+00
3.053540006642331051e+00
3.056684744033312029e+00
3.059829481424293007e+00
3.062974218815273542e+00
3.066118956206254520e+00
3.069263693597235054e+00
3.072408430988216033e+00
3.075553168379196567e+00
3.078697905770177545e+00
3.081842643161158080e+00
3.084987380552139058e+00
3.088132117943119592e+00
3.091276855334100571e+00
3.094421592725081105e+00
3.097566330116062083e+00
3.100711067507043062e+00
3.103855804898023596e+00
3.107000542289004574e+00
3.110145279679985109e+00
3.113290017070966087e+00
3.116434754461946621e+00
3.119579491852927600e+00
3.122724229243908134e+00
3.125868966634889112e+00
3.129013704025869647e+00
3.132158441416850625e+00
3.135303178807831159e+00
3.138447916198812138e+00
3.141592653589793116e+00
