10 5289373746.757293
10.482812447082642 4566405432.338145
10.817569468286136 3942254711.2067823
11.163016584710796 3162277660.1683664
11.519495172723973 2536619455.7577863
11.8873575101697 1890582983.690749
12.266967124495373 1216483949.0258477
12.461293927052832 906664911.3412771
12.658699151995304 675751835.5386202
12.859231566061366 467964346.3562057
13.062940708526483 301108769.60681057
13.062940708526483 193746578.85819805
13.062940708526483 115832328.6254708
13.269876903441093 74531596.74382262
13.269876903441093 47956895.79154599
13.480091272062616 28671261.94393065
13.480091272062616 18448346.490995545
13.693635745484395 11870474.655681316
13.910563077464674 7096820.647674731
13.910563077464674 4566405.432338163
14.354781523857973 2356896.0335966856
14.582182377437498 1216483.9490258477
14.813185595018364 675751.8355386204
15.04784824334503 375377.3681925596
15.286228293183093 224421.1739236349
15.774377086714793 86331.68407011547
16.278114372061236 44559.07535446141
17.3343615199096 18448.34649099558
18.751565993000813 9521.895354084065
19.65691493937205 6126.8047805733095
20.932404216916712 3942.2547112067905
23.00248435689464 2034.748037585786
25.67771143655655 1050.2110796366637
29.57942729400125 542.0539995213577
32.50464239871187 301.1087696068106
36.85979377044386 167.26468435651705
39.8733379698477 115.8323286254708
45.215787839771416 69.25091753294377
52.086304975115816 41.40199576459224
60.95129470183379 22.998638539612017
75.95319985139689 11.029433117916113
86.12982872990301 7.096820647674731
102.38560664020427 4.242868525999279
127.58571382431995 2.1899062946059082
156.5089757038208 1.2164839490258477
195.030434846728 0.6757518355386203
235.51233151124694 0.4348083467104509
288.90220280617217 0.25995227168436413
360.00952653407376 0.14440241885954505
470.2783099619301 0.08021495037291354
586.0276247953266 0.04795689579154599
730.266248194721 0.028671261943930767
881.8454764328033 0.01844834649099562
1098.8935680071097 0.011029433117916114
1226.6967124495397 0.008847254301950101
1348.0091272062637 0.007637983632839308
1481.318559501838 0.006126804780573284
1577.4377086714794 0.005289373746757292
1602.4266422072683 0.006593999899230001
1627.8114372061268 0.009521895354084046
1653.598364695894 0.012775649214671104
1679.7937950467194 0.017141252532913143
1706.404199544787 0.01985511196444579
1817.128607031389 0.021369149333415556
1935.0376513212348 0.022998638539612017
2093.2404216916743 0.022998638539612017
2300.2484356894665 0.021369149333415556
2411.3072933027915 0.021369149333415556
2649.7700750990653 0.021369149333415556
2957.942729400126 0.021369149333415556
3407.4006992518766 0.021369149333415556
4179.847235770531 0.01985511196444579
5291.142865891827 0.021369149333415556
6593.448646190684 0.022998638539612017
8346.448278625865 0.028671261943930767
10238.560664020448 0.035743040182210445
11429.322249602796 0.044559075354461505
12559.608706769035 0.06925091753294406
13374.57108947505 0.11583232862547127
13801.673224554559 0.19374657885819807
14930.055888520366 0.3240696035787154
15898.83080857698 0.4348083467104509
17471.12291437852 0.6278737700530882
19812.000380216108 0.727280808681029
21771.27978717385 0.7827390868337488
23924.31932540849 0.842426296341391
25079.41524123719 0.7827390868337488
25880.29862840674 0.6757518355386203
26290.28062563959 0.5420539995213588
27129.831659607742 0.4348083467104509
27996.19282727803 0.2797747463288539
28890.22028061722 0.2244211739236349
30764.836226582484 0.18001933328915443
33280.0753061502 0.14440241885954505
36571.260696720696 0.10762542851272178
40824.55896812756 0.07453159674382293
46294.45867689767 0.04795689579154599
52497.24573534795 0.026639858572587785
58602.76247953278 0.015926768208766606
62405.352835531274 0.010247980677365985
65418.36094688912 0.008220412614574893
71887.81607410396 0.006593999899230001
77765.14443049947 0.005289373746757292
84122.98520882345 0.0042428685259992965
91000.62363760528 0.0034034148825183037
96905.43220281709 0.002730047558996411
